time
4911.434941517065
hero_global_pos
83.74650573730469,-93.35767364501953
road_id
50
speed_limit
30.0
speed
28.38160529447675
traffic_light
None
translation_offset
4664.912652775645,2504.159403681755
angle
-2.6413726806640625
hero_past_trajectory
352,624
351,617
352,603
352,590
352,576
352,568
352,554
353,541
352,528
353,515
actor_past_trajectory
304
349,196
349,196
349,196
349,196
349,196
349,196
349,196
349,196
349,196
349,196
315
349,81
349,81
349,81
349,81
349,81
349,81
349,81
349,81
349,81
349,81
