time
234.7256535119741
hero_global_pos
-78.13026428222656,147.94700622558594
road_id
78
is_junction
False
speed_limit
30.0
speed
0.0
traffic_light
Red
translation_offset
2067.187359609641,6365.002199411392
angle
0.3104095458984375
hero_past_trajectory
352,502
352,502
352,502
352,502
352,502
352,502
352,502
352,502
352,502
352,502
actor_past_trajectory
109
362,284
356,286
343,292
337,296
330,300
320,307
310,315
304,320
298,326
291,334
122
408,501
408,501
408,501
408,501
408,501
408,501
408,501
408,501
408,501
408,501
123
35,312
35,312
35,312
35,312
35,312
35,312
35,312
35,312
35,312
35,312
128
408,622
408,622
408,622
408,622
408,622
408,622
408,622
408,622
408,622
408,622
152
357,716
357,716
357,716
357,716
357,716
357,716
357,716
357,716
357,716
357,716
163
352,611
352,611
352,611
352,611
352,611
352,611
352,611
352,611
352,611
352,611
186
254,398
252,405
247,418
244,425
242,432
240,444
239,457
239,466
239,474
239,485
