time
5013.936017935972
hero_global_pos
84.44063568115234,-112.4539794921875
road_id
50
speed_limit
30.0
speed
0.00588270588792782
traffic_light
None
translation_offset
4674.284425057471,2199.0931084156036
angle
-2.0189208984375
hero_past_trajectory
352,502
352,502
352,502
352,502
352,502
352,502
352,502
352,502
352,502
352,502
actor_past_trajectory
315
353,384
353,384
353,384
353,384
353,384
353,384
353,384
353,384
353,384
353,384
338
100,177
100,177
100,177
100,177
100,177
100,177
100,177
100,177
100,177
100,177
374
352,620
352,620
352,620
352,620
352,620
352,620
352,620
352,620
352,620
352,620
387
-16,179
-16,179
-16,179
-16,179
-16,179
-16,179
-16,179
-16,179
-16,179
-16,179
388
296,581
295,587
295,597
296,608
295,618
295,627
296,634
295,644
295,650
296,663
