time
5016.496939517434
hero_global_pos
84.44063568115234,-112.4539794921875
road_id
50
speed_limit
30.0
speed
0.006163826139182861
traffic_light
None
translation_offset
4674.284425057471,2199.0931084156036
angle
-2.0189208984375
hero_past_trajectory
352,502
352,502
352,502
352,502
352,502
352,502
352,502
352,502
352,502
352,502
actor_past_trajectory
315
353,384
353,384
353,384
353,384
353,384
353,384
353,384
353,384
353,384
353,384
338
100,177
100,177
101,177
102,177
103,177
108,176
111,177
116,177
123,177
131,177
374
352,620
352,620
352,620
352,620
352,620
352,620
352,620
352,620
352,620
352,620
383
352,770
352,762
353,755
353,748
353,744
352,736
352,732
352,727
353,723
353,719
387
-16,179
-16,179
-16,179
-16,179
-16,179
-16,179
-16,179
-16,179
-16,179
-16,179
