time
5016.786594469908
hero_global_pos
84.44063568115234,-112.4539794921875
road_id
50
speed_limit
30.0
speed
0.005911602084136708
traffic_light
None
translation_offset
4674.284425057471,2199.0931084156036
angle
-2.0189208984375
hero_past_trajectory
352,502
352,502
352,502
352,502
352,502
352,502
352,502
352,502
352,502
352,502
actor_past_trajectory
315
353,384
353,384
353,384
353,384
353,384
353,384
353,384
353,384
353,384
353,384
338
102,177
103,177
108,176
111,177
116,177
123,177
131,177
137,176
145,176
154,176
374
352,620
352,620
352,620
352,620
352,620
352,620
352,620
352,620
352,620
352,620
383
353,748
353,744
352,736
352,732
352,727
353,723
353,719
353,719
353,719
353,719
387
-16,179
-16,179
-16,179
-16,179
-16,179
-16,179
-16,179
-16,179
-15,179
-15,179
