time
5018.174249452415
hero_global_pos
84.44063568115234,-112.4539794921875
road_id
50
speed_limit
30.0
speed
0.006147860690721014
traffic_light
None
translation_offset
4674.284425057471,2199.0931084156036
angle
-2.0189208984375
hero_past_trajectory
352,502
352,502
352,502
352,502
352,502
352,502
352,502
352,502
352,502
352,502
actor_past_trajectory
315
353,384
353,384
353,384
353,384
353,384
353,384
353,384
353,384
353,384
353,384
338
204,176
215,176
224,175
233,175
239,175
251,175
258,175
268,175
275,174
287,174
374
352,620
352,620
352,620
352,620
352,620
352,620
352,620
352,620
352,620
352,620
383
353,719
353,719
353,719
353,719
353,719
353,719
353,719
353,719
353,719
353,719
387
-4,178
0,178
3,178
7,178
10,178
16,179
20,178
26,178
30,178
38,178
