time
4922.029890755999
hero_global_pos
84.72862243652344,-120.60743713378906
road_id
50
speed_limit
30.0
speed
20.074049300753405
traffic_light
Green
translation_offset
4679.298860929906,2068.0937074422836
angle
-2.0244369506835938
hero_past_trajectory
352,586
352,579
352,571
352,562
352,553
353,545
352,535
352,526
352,520
352,511
actor_past_trajectory
304
345,411
344,403
340,394
338,385
335,377
331,369
327,360
323,352
318,346
314,338
315
494,306
502,305
512,304
522,303
531,303
539,302
549,302
558,302
566,301
575,301
