time
4922.139174706179
hero_global_pos
84.74798583984375,-121.15545654296875
road_id
50
speed_limit
30.0
speed
20.134440950572564
traffic_light
Green
translation_offset
4679.2988268435,2059.0936716794968
angle
-2.0244216918945312
hero_past_trajectory
352,588
353,580
352,571
352,562
353,554
352,544
352,535
352,529
353,520
352,511
actor_past_trajectory
304
344,412
341,403
338,394
335,386
332,378
327,369
323,361
319,355
315,347
308,339
315
502,314
512,313
522,312
531,312
539,311
549,311
558,311
566,310
575,310
583,310
