time
5020.30603553808
hero_global_pos
84.44063568115234,-112.4539794921875
road_id
50
speed_limit
30.0
speed
0.006182148960834552
traffic_light
None
translation_offset
4674.284425057471,2199.0931084156036
angle
-2.0189208984375
hero_past_trajectory
352,502
352,502
352,502
352,502
352,502
352,502
352,502
352,502
352,502
352,502
actor_past_trajectory
315
353,384
353,384
353,384
353,384
353,384
353,384
353,384
353,384
353,384
353,384
338
396,173
404,173
411,173
421,172
430,172
440,173
449,172
459,172
467,172
477,171
374
352,620
352,620
352,620
352,620
352,620
352,620
352,620
352,620
352,620
352,620
383
353,719
353,719
353,719
353,719
353,719
353,719
353,719
353,719
353,719
353,719
387
125,177
133,177
139,177
149,178
158,179
169,180
179,182
188,185
197,186
207,191
