time
4922.262167087632
hero_global_pos
84.77885437011719,-121.84603881835938
road_id
50
speed_limit
30.0
speed
20.11378408703297
traffic_light
Green
translation_offset
4680.840027332306,2048.1137524843216
angle
-2.231292724609375
hero_past_trajectory
352,591
352,582
352,573
352,565
352,555
352,546
351,540
352,531
352,522
351,513
actor_past_trajectory
304
340,414
337,406
334,397
331,389
326,380
322,372
318,366
313,358
307,351
302,344
315
511,324
521,322
530,322
538,322
548,321
557,321
565,321
574,320
582,320
591,321
