time
5021.872628487523
hero_global_pos
84.44063568115234,-112.4539794921875
road_id
50
speed_limit
30.0
speed
0.0002811819559408175
traffic_light
None
translation_offset
4674.284425057471,2199.0931084156036
angle
-2.0189208984375
hero_past_trajectory
352,502
352,502
352,502
352,502
352,502
352,502
352,502
352,502
352,502
352,502
actor_past_trajectory
315
353,384
353,384
353,384
353,384
353,384
353,384
353,384
353,384
353,384
353,384
338
541,171
548,171
558,171
568,170
575,170
585,171
595,170
601,170
610,170
619,169
374
352,620
352,620
352,620
352,620
352,620
352,620
352,620
352,620
352,620
352,620
383
353,719
353,719
353,719
353,719
353,719
353,719
353,719
353,719
353,719
353,719
387
260,231
265,237
270,245
274,251
276,257
280,263
282,271
284,275
285,283
287,290
