time
4922.447044787805
hero_global_pos
84.8406982421875,-122.87254333496094
road_id
50
speed_limit
30.0
speed
19.960600103992892
traffic_light
Green
translation_offset
4683.655088789761,2032.195461511612
angle
-2.9253005981445312
hero_past_trajectory
352,589
353,581
353,571
352,562
352,556
352,547
352,538
351,529
352,518
351,509
actor_past_trajectory
304
332,413
329,405
325,396
320,388
316,383
311,375
305,367
300,360
291,353
285,346
315
528,336
536,335
546,335
555,334
563,334
572,334
580,333
589,334
600,333
609,333
