time
244.80806843520986
hero_global_pos
-78.13026428222656,147.94700622558594
road_id
78
is_junction
False
speed_limit
30.0
speed
0.0
traffic_light
Red
translation_offset
2067.187359609641,6365.002199411392
angle
0.3104095458984375
hero_past_trajectory
352,502
352,502
352,502
352,502
352,502
352,502
352,502
352,502
352,502
352,502
actor_past_trajectory
122
408,501
408,501
408,501
408,501
408,501
408,501
408,501
408,501
408,501
408,501
123
76,316
82,317
87,319
94,321
100,323
110,328
116,331
127,339
132,343
140,351
128
408,622
408,622
408,622
408,622
408,622
408,622
408,622
408,622
408,622
408,622
152
357,716
357,716
357,716
357,716
357,716
357,716
357,716
357,716
357,716
357,716
163
352,611
352,611
352,611
352,611
352,611
352,611
352,611
352,611
352,611
352,611
190
-58,314
-52,314
-48,314
-41,314
-35,313
-26,313
-22,313
-14,313
-9,313
-1,313
