time
4922.54079262248
hero_global_pos
84.89488983154297,-123.38951110839844
road_id
50
speed_limit
30.0
speed
20.017594093602128
traffic_light
Green
translation_offset
4687.229324921966,2024.3492057323456
angle
-3.9103469848632812
hero_past_trajectory
354,589
353,579
353,570
352,564
353,555
352,546
351,537
352,526
351,517
352,510
actor_past_trajectory
304
327,414
322,405
318,397
313,391
309,384
302,376
297,369
288,362
282,355
277,351
315
532,340
542,340
551,339
559,338
568,338
576,337
585,338
596,337
605,336
613,336
