time
245.58560551846313
hero_global_pos
-78.13026428222656,147.94700622558594
road_id
78
is_junction
False
speed_limit
30.0
speed
0.0
traffic_light
Red
translation_offset
2067.187359609641,6365.002199411392
angle
0.3104095458984375
hero_past_trajectory
352,502
352,502
352,502
352,502
352,502
352,502
352,502
352,502
352,502
352,502
actor_past_trajectory
122
408,501
408,501
408,501
408,501
408,501
408,501
408,501
408,501
408,501
408,501
123
132,343
140,351
147,359
155,368
160,377
166,387
170,397
175,407
178,417
182,430
128
408,622
408,622
408,622
408,622
408,622
408,622
408,622
408,622
408,622
408,622
152
357,716
357,716
357,716
357,716
357,716
357,716
357,716
357,716
357,716
357,716
159
773,243
764,243
755,244
745,244
736,244
726,244
717,244
709,245
700,245
690,245
163
352,611
352,611
352,611
352,611
352,611
352,611
352,611
352,611
352,611
352,611
190
-9,313
-1,313
5,313
15,312
23,312
34,312
43,312
52,311
62,311
75,311
