time
5024.090318553026
hero_global_pos
84.44063568115234,-112.4539794921875
road_id
50
speed_limit
30.0
speed
0.0018823646477800706
traffic_light
None
translation_offset
4674.284425057471,2199.0931084156036
angle
-2.0189208984375
hero_past_trajectory
352,502
352,502
352,502
352,502
352,502
352,502
352,502
352,502
352,502
352,502
actor_past_trajectory
315
353,384
353,384
353,384
353,384
353,384
353,384
353,384
353,384
353,384
353,384
374
352,620
352,620
352,620
352,620
352,620
352,620
352,620
352,620
352,620
352,620
383
353,719
353,719
353,719
353,719
353,719
353,719
353,719
353,719
353,719
353,719
387
297,414
296,422
297,434
297,443
296,454
297,466
296,476
296,485
297,493
296,502
