time
4922.661688500892
hero_global_pos
84.98074340820312,-124.07230377197266
road_id
50
speed_limit
30.0
speed
20.493143632386733
traffic_light
Green
translation_offset
4691.920463621616,2013.6473422050476
angle
-5.32489013671875
hero_past_trajectory
355,590
354,581
354,575
354,566
353,557
352,548
352,537
351,528
352,521
352,513
actor_past_trajectory
304
320,417
315,409
311,403
306,396
299,388
294,382
285,375
278,368
273,364
266,358
315
538,346
547,345
555,344
564,344
572,343
581,343
592,342
601,341
609,340
617,340
