time
246.41950574101793
hero_global_pos
-78.13026428222656,147.94700622558594
road_id
78
is_junction
False
speed_limit
30.0
speed
0.0
traffic_light
Red
translation_offset
2067.187359609641,6365.002199411392
angle
0.3104095458984375
hero_past_trajectory
352,502
352,502
352,502
352,502
352,502
352,502
352,502
352,502
352,502
352,502
actor_past_trajectory
122
408,501
408,501
408,501
408,501
408,501
408,501
408,501
408,501
408,501
408,501
123
178,417
182,430
184,440
185,450
186,461
186,472
186,482
186,498
186,507
186,516
128
408,622
408,622
408,622
408,622
408,622
408,622
408,622
408,622
408,622
408,622
152
357,716
357,716
357,716
357,716
357,716
357,716
357,716
357,716
357,716
357,716
159
700,245
690,245
682,245
674,245
666,246
657,246
649,246
636,246
630,246
625,245
163
352,611
352,611
352,611
352,611
352,611
352,611
352,611
352,611
352,611
352,611
181
-99,315
-89,315
-82,315
-75,314
-67,314
-60,314
-53,314
-40,314
-32,313
-25,313
190
62,311
75,311
84,312
93,312
103,311
113,311
122,311
137,311
144,310
153,310
