time
247.53651090668427
hero_global_pos
-78.13026428222656,147.94700622558594
road_id
78
is_junction
False
speed_limit
30.0
speed
0.0
traffic_light
Red
translation_offset
2067.187359609641,6365.002199411392
angle
0.3104095458984375
hero_past_trajectory
352,502
352,502
352,502
352,502
352,502
352,502
352,502
352,502
352,502
352,502
actor_past_trajectory
122
408,501
408,501
408,501
408,501
408,501
408,501
408,501
408,501
408,501
408,501
123
186,540
186,554
186,562
186,576
186,586
184,595
184,605
184,619
185,631
185,642
128
408,622
408,622
408,622
408,622
408,622
408,622
408,622
408,622
408,622
408,622
152
357,716
357,716
357,716
357,716
357,716
357,716
357,716
357,716
357,716
357,716
159
619,246
618,246
618,246
618,246
618,246
618,246
618,246
618,246
618,246
618,246
163
352,611
352,611
352,611
352,611
352,611
352,611
352,611
352,611
352,611
352,611
181
-7,313
3,313
10,312
22,312
30,312
38,312
47,312
59,311
69,311
78,312
190
174,310
186,309
193,309
205,309
213,309
221,309
229,308
241,308
252,308
261,309
