time
5025.8986057968505
hero_global_pos
84.44063568115234,-112.4539794921875
road_id
50
speed_limit
30.0
speed
0.005340907629665406
traffic_light
None
translation_offset
4674.284425057471,2199.0931084156036
angle
-2.0189208984375
hero_past_trajectory
352,502
352,502
352,502
352,502
352,502
352,502
352,502
352,502
352,502
352,502
actor_past_trajectory
309
-132,180
-125,181
-116,180
-106,180
-97,180
-90,179
-85,179
-74,180
-64,179
-52,179
315
353,384
353,384
353,384
353,384
353,384
353,384
353,384
353,384
353,384
353,384
374
352,620
352,620
352,620
352,620
352,620
352,620
352,620
352,620
352,620
352,620
383
353,719
353,719
353,719
353,719
353,719
353,719
353,719
353,719
353,719
353,719
387
296,593
296,601
297,611
296,622
297,632
297,640
296,646
296,658
297,669
296,682
