time
5026.628199963241
hero_global_pos
84.44063568115234,-112.4539794921875
road_id
50
speed_limit
30.0
speed
0.003676068878182194
traffic_light
None
translation_offset
4674.284425057471,2199.0931084156036
angle
-2.0189208984375
hero_past_trajectory
352,502
352,502
352,502
352,502
352,502
352,502
352,502
352,502
352,502
352,502
actor_past_trajectory
309
-74,180
-64,179
-52,179
-45,179
-35,179
-26,179
-20,179
-8,179
2,178
11,179
315
353,384
353,384
353,384
353,384
353,384
353,384
353,384
353,384
353,384
353,384
374
352,620
352,620
352,620
352,620
352,620
352,620
352,620
352,620
352,620
352,620
383
353,719
353,719
353,719
353,719
353,719
353,719
353,719
353,719
353,719
353,719
