time
248.39922953354107
hero_global_pos
-78.13026428222656,147.94700622558594
road_id
78
is_junction
False
speed_limit
30.0
speed
0.0
traffic_light
Red
translation_offset
2067.187359609641,6365.002199411392
angle
0.3104095458984375
hero_past_trajectory
352,502
352,502
352,502
352,502
352,502
352,502
352,502
352,502
352,502
352,502
actor_past_trajectory
122
408,501
408,501
408,501
408,501
408,501
408,501
408,501
408,501
408,501
408,501
123
185,642
185,654
185,662
186,676
186,684
187,699
187,707
189,721
189,730
191,742
128
408,622
408,622
408,622
408,622
408,622
408,622
408,622
408,622
408,622
408,622
152
357,716
357,716
357,716
357,716
357,716
357,716
357,716
357,716
357,716
357,716
159
618,246
618,246
618,246
618,246
618,246
618,246
618,246
618,246
618,246
618,246
163
352,611
352,611
352,611
352,611
352,611
352,611
352,611
352,611
352,611
352,611
181
78,312
88,312
94,312
106,311
112,311
125,311
132,311
142,310
150,310
160,310
190
261,309
271,309
277,308
289,308
295,308
307,308
314,308
325,307
332,307
342,307
