time
4922.9607799946025
hero_global_pos
85.32621765136719,-125.73895263671875
road_id
228
speed_limit
30.0
speed
20.630608125115657
traffic_light
Green
translation_offset
4711.704548090696,1988.581563591957
angle
-10.643531799316406
hero_past_trajectory
359,593
357,584
356,576
355,565
353,556
353,549
352,541
351,530
351,520
351,511
actor_past_trajectory
304
295,428
288,421
282,415
272,409
265,403
259,399
252,395
242,389
234,386
226,382
315
548,352
556,351
565,350
575,348
584,346
592,345
600,343
612,342
620,341
629,339
