time
4923.054037867922
hero_global_pos
85.50345611572266,-126.296142578125
road_id
228
speed_limit
30.0
speed
20.410707616058147
traffic_light
Green
translation_offset
4720.368757903576,1980.9917707443237
angle
-13.245681762695312
hero_past_trajectory
361,593
359,585
358,574
355,565
355,558
354,550
352,539
352,530
351,521
352,511
actor_past_trajectory
304
285,434
278,428
268,422
261,417
255,413
248,408
237,404
228,401
221,397
212,394
315
549,351
558,350
568,347
577,345
585,343
593,342
605,340
612,338
621,336
630,334
