time
5030.271726909901
hero_global_pos
84.44371795654297,-112.54228973388672
road_id
50
speed_limit
30.0
speed
3.278682284710956
traffic_light
None
translation_offset
4675.293105915189,2197.0945389270782
angle
-2.0222549438476562
hero_past_trajectory
351,504
351,504
351,504
351,504
351,504
351,504
351,504
351,504
351,504
351,503
actor_past_trajectory
309
85,179
85,179
85,179
85,179
85,179
85,179
85,179
85,179
85,179
85,179
315
352,386
352,386
352,386
352,386
352,385
352,384
352,383
352,381
352,375
351,372
374
351,622
351,622
351,622
351,622
351,622
351,622
351,622
351,622
351,622
351,622
383
352,721
352,721
352,721
352,721
352,721
352,721
352,721
352,721
352,721
352,721
