time
5030.367371984634
hero_global_pos
84.44768524169922,-112.65481567382812
road_id
50
speed_limit
30.0
speed
4.903185524995443
traffic_light
None
translation_offset
4675.294384434819,2195.0963538885117
angle
-2.02276611328125
hero_past_trajectory
351,506
351,506
351,506
351,506
351,506
351,506
351,506
351,506
351,505
352,504
actor_past_trajectory
309
86,181
86,181
86,181
86,181
86,181
86,181
86,181
86,181
86,181
86,181
315
352,388
352,388
352,388
352,387
352,386
352,385
352,383
352,377
351,374
351,366
374
351,624
351,624
351,624
351,624
351,624
351,624
351,624
351,624
351,624
351,624
383
352,723
352,723
352,723
352,723
352,723
352,723
352,723
352,723
352,723
352,723
