time
5030.802818389486
hero_global_pos
84.4825668334961,-113.64279174804688
road_id
50
speed_limit
30.0
speed
11.600553248685046
traffic_light
None
translation_offset
4675.300550162792,2180.100100040436
angle
-2.0251693725585938
hero_past_trajectory
352,521
352,521
352,521
352,521
352,520
353,519
353,517
352,515
352,512
352,508
actor_past_trajectory
309
86,196
86,196
86,196
86,196
86,196
86,196
86,196
86,196
86,196
86,196
315
352,401
352,400
352,398
352,392
352,389
352,381
353,375
352,368
352,361
352,351
374
352,639
352,639
352,639
352,639
352,639
352,639
352,639
352,639
352,639
352,639
383
352,738
352,738
352,738
352,738
352,738
352,738
352,738
352,738
352,738
352,738
