time
5030.857153417419
hero_global_pos
84.49041748046875,-113.86492919921875
road_id
50
speed_limit
30.0
speed
12.61843282130836
traffic_light
None
translation_offset
4675.301422998309,2176.1002073287964
angle
-2.0255050659179688
hero_past_trajectory
352,525
352,525
352,525
352,524
353,523
353,521
353,519
352,516
352,512
352,506
actor_past_trajectory
309
86,200
86,200
86,200
86,200
86,200
86,200
86,200
86,200
86,200
86,200
315
353,404
352,402
352,396
352,393
352,385
353,379
352,372
352,365
352,355
351,342
374
352,643
352,643
352,643
352,643
352,643
352,643
352,643
352,643
352,643
352,642
383
352,742
352,742
352,742
352,742
352,742
352,742
352,742
352,742
352,742
352,742
