time
5031.064794155645
hero_global_pos
84.51956939697266,-114.69003295898438
road_id
50
speed_limit
30.0
speed
15.796228205870774
traffic_light
None
translation_offset
4676.304247140884,2163.100287795067
angle
-2.026580810546875
hero_past_trajectory
351,538
351,537
352,536
352,534
352,532
352,529
352,525
352,519
351,515
352,508
actor_past_trajectory
309
86,213
86,213
86,213
86,213
86,213
86,213
86,213
86,213
86,213
86,213
315
352,409
352,406
351,398
352,392
352,385
352,378
351,368
351,355
350,348
348,337
374
351,656
351,656
351,656
351,656
351,656
351,656
351,656
351,655
351,655
351,653
