time
5031.193105904262
hero_global_pos
84.5309066772461,-115.01107025146484
road_id
50
speed_limit
30.0
speed
16.855573295290796
traffic_light
None
translation_offset
4676.305106565356,2158.1002609729767
angle
-2.0269088745117188
hero_past_trajectory
351,542
352,541
352,539
352,537
352,534
352,530
352,524
352,520
352,513
352,507
actor_past_trajectory
309
86,218
86,218
86,218
86,218
86,218
86,218
86,218
86,218
86,218
86,218
315
352,411
351,403
352,397
352,390
352,383
351,373
351,360
350,353
348,342
347,333
374
352,661
352,661
352,661
352,661
352,661
352,661
352,660
352,660
352,658
351,655
