time
5031.57761538482
hero_global_pos
84.61305236816406,-117.33609771728516
road_id
50
speed_limit
30.0
speed
19.53376315079953
traffic_light
Green
translation_offset
4677.302290804684,2120.09488761425
angle
-2.0257644653320312
hero_past_trajectory
352,572
352,568
352,562
352,558
353,551
353,545
352,540
352,527
353,519
352,511
actor_past_trajectory
309
86,256
86,256
86,256
86,256
86,256
86,256
86,256
86,256
86,256
86,256
315
352,421
352,411
351,398
350,391
349,380
347,371
346,364
343,350
340,341
338,333
374
352,699
352,699
352,698
352,698
352,696
352,693
353,691
352,684
352,678
352,673
