time
5031.791186352137
hero_global_pos
84.6514892578125,-118.42369079589844
road_id
50
speed_limit
30.0
speed
19.419707264240675
traffic_light
Green
translation_offset
4678.2994303405285,2103.093796849251
angle
-2.024658203125
hero_past_trajectory
352,579
352,575
352,568
352,562
352,557
351,544
352,536
352,528
352,519
351,512
actor_past_trajectory
309
86,273
86,273
86,273
86,273
86,273
86,273
86,273
86,273
86,273
86,273
315
351,415
350,408
348,397
347,388
346,381
342,367
340,358
338,350
334,342
332,336
374
352,715
352,715
351,713
351,710
352,708
352,701
352,695
352,690
351,683
352,677
