time
5031.999260812874
hero_global_pos
84.692138671875,-119.57415771484375
road_id
50
speed_limit
30.0
speed
21.49434592135923
traffic_light
Green
translation_offset
4678.302385799587,2085.0947266817093
angle
-2.0257949829101562
hero_past_trajectory
353,586
353,580
353,575
352,562
353,554
353,546
352,537
352,530
353,520
352,511
actor_past_trajectory
309
86,291
86,291
86,291
86,291
86,291
86,291
86,291
86,291
86,291
86,291
315
349,415
348,406
346,399
343,385
341,376
338,368
335,360
333,354
327,344
323,336
374
352,731
352,728
353,726
353,719
352,713
352,708
352,701
353,695
352,685
352,677
