time
5032.0866871931285
hero_global_pos
84.7099609375,-120.07847595214844
road_id
50
speed_limit
30.0
speed
20.6043738850206
traffic_light
Green
translation_offset
4679.300935730338,2077.0942528247833
angle
-2.025238037109375
hero_past_trajectory
352,588
352,583
351,570
352,562
352,554
352,545
351,538
352,528
352,519
351,510
actor_past_trajectory
309
86,299
86,299
86,299
86,299
86,299
86,299
86,299
86,299
86,299
86,299
315
347,414
346,407
342,393
340,384
338,376
334,368
332,362
327,352
322,344
318,335
374
351,736
352,734
352,727
352,721
352,716
351,709
352,703
352,693
351,685
352,678
