time
5032.197114333387
hero_global_pos
84.73224639892578,-120.70899200439453
road_id
50
speed_limit
30.0
speed
19.240301501376646
traffic_light
Green
translation_offset
4679.295681394637,2066.093564391136
angle
-2.023223876953125
hero_past_trajectory
352,594
352,581
353,573
352,565
352,556
352,549
352,539
352,530
352,521
352,513
actor_past_trajectory
309
86,310
86,310
86,310
86,310
86,310
86,310
86,310
86,310
86,310
86,310
315
346,418
343,404
340,395
338,387
335,379
332,373
327,363
323,355
318,346
314,340
374
353,745
352,738
352,732
352,727
352,720
352,714
352,704
352,696
353,689
352,683
