time
5032.456887177999
hero_global_pos
84.76860809326172,-122.32503509521484
road_id
50
speed_limit
30.0
speed
21.204408146931517
traffic_light
Green
translation_offset
4678.9334282279015,2043.0516951084137
angle
-1.5026321411132812
hero_past_trajectory
351,588
351,579
351,572
352,562
351,553
351,544
352,536
352,525
351,516
352,509
actor_past_trajectory
309
87,331
87,331
87,331
87,331
87,331
87,331
87,331
87,331
87,331
87,331
315
339,410
335,401
333,395
328,386
324,378
319,369
315,363
309,354
303,347
298,342
374
350,750
349,743
350,737
350,727
350,719
351,712
350,706
350,697
350,689
351,682
