time
4912.620325497228
hero_global_pos
84.05339813232422,-101.50524139404297
road_id
50
speed_limit
30.0
speed
19.921501658630305
traffic_light
None
translation_offset
4668.3526705130935,2374.0975608825684
angle
-2.0450286865234375
hero_past_trajectory
352,619
352,605
352,591
353,577
352,566
352,553
352,542
352,531
353,520
352,510
actor_past_trajectory
304
352,326
352,326
352,326
352,326
352,326
352,326
352,326
352,326
352,326
352,326
315
353,211
353,211
353,211
353,211
353,211
353,211
353,211
353,211
353,211
353,211
335
617,-5
626,-4
636,-4
645,-5
653,-5
663,-5
672,-5
681,-5
691,-5
699,-6
