time
4923.398968515794
hero_global_pos
86.41961669921875,-128.23626708984375
road_id
228
speed_limit
30.0
speed
20.563526112214326
traffic_light
None
translation_offset
4763.496976554394,1959.6422514915466
angle
-24.623451232910156
hero_past_trajectory
365,591
363,583
359,572
357,563
354,555
353,545
351,536
351,527
351,518
351,509
actor_past_trajectory
304
239,468
231,465
220,463
210,461
202,460
192,459
183,459
174,458
167,459
156,460
315
548,335
556,332
567,328
574,324
582,321
591,317
600,313
607,310
614,307
625,302
