time
5032.870312257546
hero_global_pos
84.69109344482422,-124.75877380371094
road_id
253
speed_limit
30.0
speed
22.75873038404856
traffic_light
Green
translation_offset
4667.180658645928,2002.1136362552643
angle
2.2233963012695312
hero_past_trajectory
348,594
349,585
350,577
351,566
351,557
352,550
352,541
353,530
353,519
353,512
actor_past_trajectory
309
100,355
100,355
100,355
100,355
100,355
100,355
100,355
100,355
100,355
100,355
315
332,417
329,408
325,402
319,393
313,385
309,380
304,374
297,367
290,361
284,354
374
336,760
337,753
337,747
338,738
338,730
339,723
340,716
340,708
340,699
342,691
