time
5032.978023044641
hero_global_pos
84.62677764892578,-125.44098663330078
road_id
253
speed_limit
30.0
speed
23.03841926149918
traffic_light
Green
translation_offset
4662.440021455288,1991.306361913681
angle
3.6541519165039062
hero_past_trajectory
347,596
349,588
349,577
350,568
351,561
352,552
353,541
353,530
353,523
352,513
actor_past_trajectory
309
104,360
104,360
104,360
104,360
104,360
104,360
104,360
104,360
104,360
104,360
315
331,419
328,412
322,403
317,396
312,390
307,384
301,376
294,370
288,364
280,357
374
331,763
332,757
332,748
333,740
334,733
335,726
335,718
336,709
337,701
338,692
