time
5033.063455991323
hero_global_pos
84.5696792602539,-125.9015884399414
road_id
253
speed_limit
30.0
speed
23.09510525580103
traffic_light
Green
translation_offset
4659.689983844757,1983.5079925060272
angle
4.707435607910156
hero_past_trajectory
346,596
347,585
348,576
349,569
350,560
351,549
352,538
352,531
351,521
351,510
actor_past_trajectory
309
106,363
106,363
106,363
106,363
106,363
106,363
106,363
106,363
106,363
106,363
315
329,420
323,410
318,403
313,397
309,391
303,384
296,377
290,370
282,364
275,358
374
326,765
327,756
328,748
329,741
330,734
331,726
331,717
333,709
334,700
334,691
