time
5033.497785283129
hero_global_pos
83.8570785522461,-128.6968231201172
road_id
253
speed_limit
30.0
speed
23.292291151104937
traffic_light
None
translation_offset
4622.165797710419,1945.117690563202
angle
15.004837036132812
hero_past_trajectory
339,603
342,593
345,582
346,575
348,565
349,554
352,541
352,532
352,525
352,513
actor_past_trajectory
309
134,366
134,366
134,366
134,366
134,366
134,366
134,366
134,366
134,366
134,366
315
329,430
324,421
319,413
314,406
307,398
301,391
296,386
287,377
282,373
273,367
374
288,771
290,763
293,754
296,747
298,738
300,729
303,723
306,711
308,705
311,697
