time
5033.6019324687
hero_global_pos
83.6362075805664,-129.24790954589844
road_id
253
speed_limit
30.0
speed
23.244349796399717
traffic_light
None
translation_offset
4610.524577617645,1937.3843449354172
angle
18.04969024658203
hero_past_trajectory
338,603
342,592
343,585
345,575
347,565
350,552
351,543
352,536
352,524
352,511
actor_past_trajectory
309
142,365
142,365
142,365
142,365
142,365
142,365
142,365
142,365
142,365
142,365
315
329,430
324,422
319,415
314,406
308,399
303,394
295,384
290,381
281,374
274,367
374
277,770
280,761
283,754
286,746
289,737
292,731
296,719
298,714
302,705
305,696
