time
5033.70404801226
hero_global_pos
83.36412811279297,-129.85623168945312
road_id
253
speed_limit
30.0
speed
23.134465558230087
traffic_light
None
translation_offset
4598.882453560829,1929.7222834825516
angle
20.739669799804688
hero_past_trajectory
338,603
340,596
343,586
346,575
349,563
351,554
351,547
352,535
353,523
353,512
actor_past_trajectory
309
150,367
150,367
150,367
150,367
150,367
150,367
150,367
150,367
150,367
150,367
315
329,432
325,424
319,416
314,408
309,402
301,393
296,389
288,382
281,375
274,367
374
269,769
273,762
276,753
279,745
283,739
287,728
289,722
293,714
297,705
300,695
