time
12800.788373684438
hero_global_pos
-74.5765380859375,154.4703826904297
road_id
78
speed_limit
30.0
speed
1.5839738998723174
translation_offset
2121.531280130148,6469.04026889801
angle
1.3250732421875
hero_past_trajectory
351,502
351,502
351,502
351,502
351,502
351,502
351,502
351,502
351,502
351,502
actor_past_trajectory
519
353,604
353,604
353,604
353,604
353,604
353,604
353,604
353,604
353,604
353,604
533
571,145
571,145
571,145
571,145
571,145
571,145
571,145
571,145
571,145
571,145
535
314,712
314,712
314,712
314,712
314,712
314,712
314,712
314,712
314,712
314,712
545
353,384
353,384
353,384
353,384
353,384
353,384
353,384
353,383
353,382
353,373
574
686,145
686,145
686,145
686,145
686,145
686,145
686,145
686,145
686,145
686,145
577
298,607
298,607
298,607
298,607
298,607
298,607
298,607
298,607
298,607
298,607
580
295,501
295,501
295,501
295,501
295,501
295,501
295,501
295,501
295,501
296,500
595
297,392
297,392
297,392
297,392
297,392
297,392
297,391
297,389
297,388
297,377
