time
5033.783491967122
hero_global_pos
83.13365173339844,-130.2897491455078
road_id
227
speed_limit
30.0
speed
22.95213009733092
traffic_light
None
translation_offset
4590.011120378971,1925.087830901146
angle
23.157745361328125
hero_past_trajectory
336,603
339,593
342,583
347,570
348,561
349,554
351,543
352,530
352,519
352,509
actor_past_trajectory
309
156,366
156,366
156,366
156,366
156,366
156,366
156,366
156,366
156,366
156,366
315
328,431
323,422
318,414
314,408
306,399
301,394
294,387
287,380
279,372
272,366
374
262,766
266,758
269,749
273,743
277,732
280,727
284,719
288,710
292,700
297,693
