time
5033.899779093328
hero_global_pos
82.72184753417969,-130.97445678710938
road_id
253
speed_limit
30.0
speed
21.956585664487026
traffic_light
None
translation_offset
4573.509050726891,1918.550812125206
angle
27.168540954589844
hero_past_trajectory
334,605
338,595
343,583
345,574
347,567
349,556
351,543
352,532
353,522
353,515
actor_past_trajectory
309
167,365
167,365
167,365
167,365
167,365
167,365
167,365
167,365
167,365
167,365
315
330,433
325,425
322,419
315,409
310,404
303,396
297,388
290,380
283,373
277,369
374
249,764
253,756
257,750
263,739
265,734
270,727
275,718
280,709
285,701
288,694
