time
5034.17602461471
hero_global_pos
81.79621124267578,-132.191650390625
road_id
246
speed_limit
30.0
speed
19.156603999380813
traffic_light
None
translation_offset
4540.816270232201,1910.2305190563202
angle
35.06871795654297
hero_past_trajectory
337,597
339,590
343,579
347,567
349,556
352,546
353,539
353,526
353,518
353,509
actor_past_trajectory
309
189,365
189,365
189,365
189,365
189,365
189,365
189,365
189,365
189,365
189,365
315
329,428
325,423
319,414
314,406
308,397
303,389
298,384
290,376
284,370
278,364
374
232,749
236,744
242,737
247,729
253,721
259,714
264,708
270,699
276,692
281,685
