time
5034.292008613113
hero_global_pos
81.41799926757812,-132.60186767578125
road_id
246
speed_limit
30.0
speed
19.456554443560556
traffic_light
None
translation_offset
4528.9688131809235,1907.550619006157
angle
37.84600067138672
hero_past_trajectory
336,598
340,588
344,576
347,565
350,555
351,548
353,535
353,527
353,518
352,511
actor_past_trajectory
309
196,367
196,367
196,367
196,367
196,367
196,367
196,367
196,367
196,367
196,367
315
330,431
324,422
320,413
314,404
309,396
304,391
296,383
291,376
285,370
279,366
374
225,747
231,741
237,733
243,725
249,719
254,712
261,704
267,697
273,690
277,685
