time
5034.507712102371
hero_global_pos
80.54615783691406,-133.4403533935547
road_id
236
speed_limit
30.0
speed
20.78116849152976
traffic_light
None
translation_offset
4504.27238714695,1903.699553489685
angle
43.22441101074219
hero_past_trajectory
339,594
343,584
346,574
348,567
351,554
352,546
353,537
353,530
353,521
353,511
actor_past_trajectory
309
211,372
211,372
211,372
211,372
211,372
211,372
211,372
211,372
211,372
211,372
315
329,430
325,420
320,412
316,406
309,397
305,390
299,383
294,379
287,371
280,363
374
217,740
224,733
231,727
236,721
244,713
251,707
257,701
262,696
269,689
276,683
