time
5035.0032187643155
hero_global_pos
78.16642761230469,-135.04766845703125
road_id
253
speed_limit
30.0
speed
20.841329967286715
traffic_light
None
translation_offset
4443.670082330704,1904.5851225852966
angle
56.67173767089844
hero_past_trajectory
341,591
344,583
345,576
348,567
350,557
351,548
352,539
352,529
353,519
353,516
actor_past_trajectory
309
244,389
244,389
244,389
244,389
244,389
244,389
244,389
244,389
244,389
244,389
315
331,428
327,420
323,414
318,406
314,397
309,388
305,381
299,373
295,365
294,362
374
205,724
213,719
218,716
227,711
235,706
243,700
250,696
259,691
266,686
270,684
