time
5035.095569006975
hero_global_pos
77.71743774414062,-135.260009765625
road_id
253
speed_limit
30.0
speed
18.621642859438815
traffic_light
None
translation_offset
4432.7783579826355,1907.830708861351
angle
59.48291015625
hero_past_trajectory
341,590
343,583
346,574
348,565
350,555
351,546
352,537
353,527
353,523
353,510
actor_past_trajectory
309
251,391
251,391
251,391
251,391
251,391
251,391
251,391
251,391
251,391
251,391
315
332,427
328,421
324,412
320,402
316,393
312,386
307,378
303,370
301,367
295,356
374
203,720
209,716
218,712
226,708
235,702
241,698
251,694
258,690
262,688
273,682
