time
5035.312218978877
hero_global_pos
76.72309112548828,-135.6576385498047
road_id
253
speed_limit
30.0
speed
16.025309460476855
traffic_light
None
translation_offset
4411.580711722374,1913.4938119649887
angle
64.52947998046875
hero_past_trajectory
340,589
344,580
346,571
349,562
350,553
352,543
352,540
353,526
353,518
353,508
actor_past_trajectory
309
262,399
262,399
262,399
262,399
262,399
262,399
262,399
262,399
262,399
262,399
315
333,426
330,416
327,407
323,399
319,390
316,382
315,379
309,367
305,359
303,353
374
201,716
209,712
218,707
226,704
235,701
243,697
247,695
259,690
266,687
272,684
