time
257.44713435092854
hero_global_pos
-78.1463394165039,147.08779907226562
road_id
78
is_junction
False
speed_limit
30.0
speed
9.78413414803132
traffic_light
Green
translation_offset
2066.1649798341095,6351.01859664917
angle
0.7009811401367188
hero_past_trajectory
352,516
352,516
352,516
352,516
352,516
352,516
352,514
352,513
352,510
352,506
actor_past_trajectory
122
408,516
408,516
408,516
408,516
408,516
408,516
408,516
408,514
408,511
408,509
128
407,637
407,637
407,637
407,637
407,637
407,637
407,637
407,637
407,637
407,637
152
355,730
355,730
355,730
355,730
355,730
355,730
355,730
355,730
355,730
355,730
159
620,262
620,262
620,262
620,262
620,262
620,262
620,262
620,262
620,262
620,262
163
351,625
351,625
351,625
351,625
351,625
351,625
351,625
351,625
351,625
351,625
