time
257.5330088190167
hero_global_pos
-78.15481567382812,146.83782958984375
road_id
78
is_junction
False
speed_limit
30.0
speed
11.114285922991156
traffic_light
Green
translation_offset
2065.635313682258,6347.026625394821
angle
0.9033279418945312
hero_past_trajectory
352,520
352,520
352,520
352,520
352,520
352,518
352,517
352,514
352,510
352,506
actor_past_trajectory
122
408,520
408,520
408,520
408,520
408,520
408,520
408,518
408,515
408,513
408,507
128
407,641
407,641
407,641
407,641
407,641
407,641
407,641
407,641
407,641
407,641
152
354,734
354,734
354,734
354,734
354,734
354,734
354,734
354,734
354,734
354,734
159
621,267
621,267
621,267
621,267
621,267
621,267
621,267
621,267
621,267
621,267
163
351,629
351,629
351,629
351,629
351,629
351,629
351,629
351,629
351,629
351,629
