time
257.74425818355667
hero_global_pos
-78.1825942993164,146.09042358398438
road_id
78
is_junction
False
speed_limit
30.0
speed
14.349346072566325
traffic_light
Green
translation_offset
2063.2789135985076,6335.055378675461
angle
1.4215850830078125
hero_past_trajectory
352,532
352,532
352,532
352,530
352,529
352,526
353,522
353,518
353,514
353,510
actor_past_trajectory
122
408,532
408,532
408,532
408,532
408,530
408,527
408,525
409,519
409,515
409,511
128
406,653
406,653
406,653
406,653
406,653
406,653
406,653
406,653
406,652
406,651
152
353,746
353,746
353,746
353,746
353,746
353,746
353,746
353,746
353,746
353,746
159
624,282
624,282
624,282
624,282
624,282
624,282
624,282
624,282
624,282
624,282
163
351,641
351,641
351,641
351,641
351,641
351,641
351,641
351,641
351,640
351,639
