time
257.8443674496739
hero_global_pos
-78.20368194580078,145.57373046875
road_id
78
is_junction
False
speed_limit
30.0
speed
16.18340474919695
traffic_light
Green
translation_offset
2062.6293786875904,6328.073456764221
angle
1.6697998046875
hero_past_trajectory
352,539
352,539
352,537
352,536
352,533
352,529
352,525
352,521
353,517
352,509
actor_past_trajectory
122
408,540
408,540
408,540
408,538
408,535
408,533
408,527
408,523
409,519
410,511
128
405,661
405,661
405,661
405,661
405,661
405,661
405,661
405,660
405,659
406,656
152
352,753
352,753
352,753
352,753
352,753
352,753
352,753
352,753
352,753
352,753
159
624,290
624,290
624,290
624,290
624,290
624,290
624,290
624,290
624,290
624,290
163
350,648
350,648
350,648
350,648
350,648
350,648
350,648
350,647
350,646
350,643
