time
257.9264481398641
hero_global_pos
-78.22399139404297,145.2857208251953
road_id
78
is_junction
False
speed_limit
30.0
speed
17.00784910845717
traffic_light
Green
translation_offset
2061.480638578534,6322.111597776413
angle
2.108856201171875
hero_past_trajectory
351,545
351,543
352,542
352,539
352,535
352,531
352,527
352,523
352,515
352,507
actor_past_trajectory
122
407,546
407,546
407,544
408,541
408,539
408,533
408,529
408,525
409,517
410,510
128
404,667
404,667
404,667
404,667
404,667
404,667
404,666
404,665
404,662
404,659
159
626,298
626,298
626,298
626,298
626,298
626,298
626,298
626,298
626,298
626,298
163
348,654
348,654
348,654
348,654
348,654
348,654
348,653
348,652
349,649
349,646
