time
5036.484466088812
hero_global_pos
70.4902114868164,-136.71279907226562
road_id
19
speed_limit
30.0
speed
20.932334990241745
traffic_light
None
translation_offset
4296.769400596619,1947.7134632319212
angle
85.29330444335938
hero_past_trajectory
346,592
348,583
349,574
350,566
350,556
352,545
352,535
352,527
351,520
352,511
actor_past_trajectory
309
295,475
295,475
295,475
295,475
295,475
295,475
295,475
295,475
295,475
295,475
315
347,418
347,408
346,398
346,390
345,381
344,370
344,362
344,353
343,346
343,338
374
233,744
242,745
253,744
260,743
270,743
281,742
289,742
298,742
305,741
313,741
383
-29,757
-21,756
-12,757
-5,756
2,755
12,755
19,755
27,754
33,754
41,753
