time
4923.848772126126
hero_global_pos
87.93038177490234,-130.03836059570312
road_id
228
speed_limit
30.0
speed
21.087207781392326
traffic_light
None
translation_offset
4820.625427365303,1951.432876110077
angle
-39.60588455200195
hero_past_trajectory
368,590
364,581
360,573
358,564
355,556
353,547
352,540
351,530
351,521
351,512
actor_past_trajectory
304
196,538
187,539
177,542
168,544
162,546
151,550
144,552
135,555
128,559
120,563
315
528,305
535,299
542,293
549,288
554,284
564,276
570,271
577,266
584,260
591,255
