time
258.50476582119154
hero_global_pos
-78.73133850097656,142.30458068847656
road_id
217
is_junction
True
speed_limit
30.0
speed
18.9348799039289
traffic_light
Green
translation_offset
2031.1776761114597,6277.6037722826
angle
10.689308166503906
hero_past_trajectory
347,578
347,574
348,570
349,562
350,555
351,550
352,540
352,529
352,521
353,509
actor_past_trajectory
122
402,589
403,585
403,581
406,573
407,566
408,560
410,554
413,544
417,533
421,524
128
378,721
378,720
378,719
379,716
379,713
380,710
381,706
382,701
383,693
384,686
159
652,389
652,389
652,389
652,389
652,389
652,389
652,389
652,389
652,389
652,389
163
325,699
325,698
325,697
326,694
326,692
327,689
328,685
329,679
330,671
332,663
