time
5036.923598687972
hero_global_pos
67.965087890625,-136.8119354248047
road_id
19
speed_limit
30.0
speed
20.8792871601074
traffic_light
None
translation_offset
4256.6620943546295,1952.8824797049165
angle
87.65423583984375
hero_past_trajectory
349,596
350,585
351,575
352,567
351,560
352,551
352,537
352,531
352,520
352,511
actor_past_trajectory
309
296,513
296,513
296,513
296,513
296,513
296,513
296,513
296,513
296,513
296,513
315
351,420
350,409
350,401
351,392
350,385
350,377
350,368
349,358
350,348
349,339
