time
5037.104997686918
hero_global_pos
66.91316986083984,-136.84066772460938
road_id
19
speed_limit
30.0
speed
20.84889993135098
traffic_light
None
translation_offset
4239.56246817112,1953.107801631093
angle
88.12495422363281
hero_past_trajectory
350,592
351,584
350,577
351,568
352,555
352,549
351,538
352,529
352,519
351,512
actor_past_trajectory
304
830,738
822,737
815,737
807,738
798,738
788,738
778,739
769,739
760,739
754,739
309
296,529
296,529
296,529
296,529
296,529
296,529
296,529
296,529
296,529
296,529
315
350,419
351,410
351,403
350,395
350,386
350,376
351,365
350,356
350,348
350,341
