time
258.995740631166
hero_global_pos
-79.9052734375,139.45054626464844
road_id
217
is_junction
True
speed_limit
30.0
speed
24.999651223320583
traffic_light
None
translation_offset
1978.5320395231247,6242.178193569183
angle
24.19226837158203
hero_past_trajectory
339,598
342,588
344,578
346,571
349,559
350,552
352,545
353,532
353,526
353,517
actor_past_trajectory
122
391,622
395,616
400,607
407,597
412,589
420,581
424,575
434,566
438,562
445,556
128
329,760
331,757
333,752
336,745
339,738
343,729
346,724
350,714
352,709
355,704
159
669,512
669,512
669,512
669,512
669,512
669,512
669,512
669,512
669,512
669,512
163
283,727
284,724
287,718
290,711
293,704
297,694
300,689
304,680
306,676
308,671
