time
5037.6974391405165
hero_global_pos
63.55431365966797,-136.91603088378906
road_id
19
speed_limit
30.0
speed
21.16366857845056
traffic_light
None
translation_offset
4185.832691788673,1953.675093472004
angle
88.72309875488281
hero_past_trajectory
351,591
352,582
352,572
351,565
352,555
352,545
352,536
352,525
351,516
352,511
actor_past_trajectory
309
296,582
296,582
296,582
296,582
296,582
296,582
296,582
296,582
296,582
296,582
315
352,419
352,410
352,401
352,394
351,385
351,375
352,367
352,357
352,347
351,342
