time
5037.774939357179
hero_global_pos
63.11812210083008,-136.9251251220703
road_id
19
speed_limit
30.0
speed
21.253692034501817
traffic_light
None
translation_offset
4178.981339812279,1953.745091304183
angle
88.74873352050781
hero_past_trajectory
352,589
352,579
352,572
352,562
352,552
352,543
352,532
351,523
352,518
352,508
actor_past_trajectory
309
296,589
296,589
296,589
296,589
296,589
296,589
296,589
296,589
296,589
296,589
315
352,417
352,408
352,401
352,392
351,382
352,374
352,364
352,354
352,349
351,340
