time
259.81760825732636
hero_global_pos
-84.24932098388672,135.27783203125
road_id
217
is_junction
True
speed_limit
30.0
speed
26.977348828062112
traffic_light
None
translation_offset
1846.2535691261292,6227.22510945797
angle
55.586151123046875
hero_past_trajectory
325,619
330,611
336,598
343,582
345,575
348,564
351,549
352,539
353,524
353,517
actor_past_trajectory
110
16,50
20,57
26,65
34,77
38,82
44,90
51,100
55,106
62,115
65,120
122
378,694
388,692
400,692
418,693
425,694
436,697
447,700
452,703
461,707
466,710
126
-63,-98
-60,-91
-56,-82
-51,-67
-50,-62
-46,-54
-41,-43
-37,-37
-33,-27
-29,-22
128
228,775
233,771
241,766
253,757
258,753
265,748
276,741
282,736
292,730
297,726
163
206,722
211,719
218,713
230,704
235,701
242,696
252,689
258,685
268,678
272,674
