time
259.954676929432
hero_global_pos
-84.82634735107422,134.9609375
road_id
197
is_junction
True
speed_limit
30.0
speed
27.107707953903127
traffic_light
None
translation_offset
1833.376999258995,6228.181634068489
angle
58.30104064941406
hero_past_trajectory
325,620
332,607
339,592
342,585
346,574
349,559
350,549
352,535
352,528
352,512
actor_past_trajectory
110
42,52
47,60
55,73
58,78
65,86
71,96
75,102
81,112
83,117
88,123
122
379,704
391,705
410,706
417,708
427,711
438,715
443,717
452,722
457,725
462,729
126
-31,-99
-28,-91
-23,-76
-22,-70
-18,-62
-14,-51
-11,-44
-7,-34
-4,-29
-1,-22
128
221,776
229,771
241,762
246,759
254,754
265,747
272,743
282,737
287,734
294,729
152
89,794
95,790
103,784
106,782
112,778
121,773
126,770
133,764
136,762
142,759
163
201,722
208,717
221,709
226,705
234,701
244,694
250,691
260,684
265,680
272,676
