time
5038.324647455818
hero_global_pos
59.81704330444336,-136.99343872070312
road_id
19
speed_limit
30.0
speed
22.080036027568053
traffic_light
None
translation_offset
4127.014419436455,1952.9349361024797
angle
88.81346130371094
hero_past_trajectory
352,595
352,584
352,575
352,570
352,560
352,553
352,536
353,526
352,522
352,514
actor_past_trajectory
309
296,641
296,641
296,641
296,641
296,641
296,641
296,641
296,641
296,641
296,641
315
352,426
352,416
352,406
352,401
352,392
352,385
352,368
352,359
352,354
352,347
