time
5038.405718091286
hero_global_pos
59.31241989135742,-137.00396728515625
road_id
19
speed_limit
30.0
speed
22.21392118954408
traffic_light
None
translation_offset
4119.147278189659,1952.9343725591898
angle
88.81217956542969
hero_past_trajectory
352,592
352,583
353,578
352,568
352,561
352,544
353,534
353,530
352,522
352,508
actor_past_trajectory
309
296,649
296,649
296,649
296,649
296,649
296,649
296,649
296,649
296,649
296,649
315
352,424
352,414
352,409
352,400
352,393
352,376
352,367
352,362
352,355
353,343
