time
5038.543944701894
hero_global_pos
58.5888557434082,-137.01904296875
road_id
19
speed_limit
30.0
speed
22.426889380781706
traffic_light
None
translation_offset
4108.342310547829,1952.933098230511
angle
88.81011962890625
hero_past_trajectory
352,594
353,589
353,579
352,572
352,555
353,545
353,541
353,533
352,519
352,508
actor_past_trajectory
309
296,660
296,660
296,660
296,660
296,660
296,660
296,660
296,660
296,660
296,660
315
352,425
352,420
352,411
352,404
353,387
352,378
352,373
352,366
353,354
353,346
