time
260.37704029077577
hero_global_pos
-87.83855438232422,133.74815368652344
road_id
217
is_junction
True
speed_limit
30.0
speed
27.0624480773049
traffic_light
None
translation_offset
1772.231448173523,6236.190625011921
angle
69.79403686523438
hero_past_trajectory
330,623
337,609
340,599
344,586
346,579
349,564
351,554
352,540
352,529
352,515
actor_past_trajectory
110
152,89
156,100
158,106
163,118
164,122
167,130
172,140
175,149
178,158
182,168
126
99,-73
102,-61
103,-54
105,-43
107,-38
109,-31
112,-20
115,-11
117,-2
121,6
128
204,781
217,777
224,774
235,770
241,768
248,765
260,761
270,757
278,754
289,750
152
61,776
70,773
76,771
84,767
88,765
93,763
104,760
112,757
119,754
128,751
163
195,725
207,721
213,718
224,714
230,711
237,708
248,703
258,698
266,693
275,687
