time
5038.739823553122
hero_global_pos
57.470794677734375,-137.04251098632812
road_id
19
speed_limit
30.0
speed
22.762623609171303
traffic_light
None
translation_offset
4090.669879794121,1951.9240181148052
angle
88.80393981933594
hero_past_trajectory
352,596
352,589
352,572
352,562
352,558
352,550
352,536
352,525
351,517
352,506
actor_past_trajectory
309
296,678
296,678
296,678
296,678
296,678
296,678
296,678
296,678
296,678
296,678
315
352,428
351,421
352,404
352,395
352,390
352,383
352,371
352,363
352,352
352,342
