time
5038.818311803385
hero_global_pos
56.77180862426758,-137.05722045898438
road_id
19
speed_limit
30.0
speed
22.98345439779192
traffic_light
None
translation_offset
4079.8847694396973,1951.919135376811
angle
88.80029296875
hero_past_trajectory
352,600
352,583
353,573
352,569
352,561
352,547
352,536
352,528
352,517
352,510
actor_past_trajectory
309
296,688
296,688
296,688
296,688
296,688
296,688
296,688
296,688
296,688
296,688
315
352,432
352,415
352,406
352,401
352,394
353,382
352,374
352,363
352,353
352,347
