time
260.75430393176066
hero_global_pos
-90.64334106445312,133.09715270996094
road_id
217
is_junction
True
speed_limit
30.0
speed
24.226582099125295
traffic_light
None
translation_offset
1721.3429265022278,6245.6055190861225
angle
77.91720581054688
hero_past_trajectory
334,623
339,609
342,599
345,586
347,575
349,561
351,548
352,539
352,524
352,511
actor_past_trajectory
110
219,146
220,154
223,164
226,174
227,183
230,194
233,202
234,209
236,217
238,230
126
185,-21
185,-14
187,-3
189,6
190,15
192,25
193,34
195,40
196,47
199,58
152
52,772
58,771
68,768
77,766
84,765
94,763
102,761
109,760
116,758
126,756
163
200,738
208,736
219,733
230,729
238,725
248,720
257,716
263,712
269,708
280,700
