time
5039.127265904441
hero_global_pos
55.07546615600586,-137.09310913085938
road_id
19
speed_limit
30.0
speed
23.507316315985516
traffic_light
None
translation_offset
4053.3950597047806,1950.9081413932145
angle
88.79182434082031
hero_past_trajectory
352,596
352,588
352,574
351,563
351,555
352,544
352,537
352,526
351,516
351,508
actor_past_trajectory
309
296,715
296,715
296,715
296,715
296,715
296,715
296,715
296,715
296,715
296,715
315
352,428
351,421
352,409
352,401
352,390
351,380
351,374
352,363
352,355
352,347
