time
5039.212259288288
hero_global_pos
54.28388595581055,-137.1099090576172
road_id
19
speed_limit
30.0
speed
23.725065954108302
traffic_light
None
translation_offset
4040.5491973161697,1950.9034274108708
angle
88.78871154785156
hero_past_trajectory
352,601
352,587
352,576
351,568
352,556
352,549
352,538
352,528
351,520
352,511
actor_past_trajectory
309
296,728
296,728
296,728
296,728
296,728
296,728
296,728
296,728
296,728
296,728
315
352,433
352,421
352,413
352,402
352,392
352,386
352,375
352,367
352,359
352,351
