time
261.0665634437828
hero_global_pos
-92.4560546875,132.85084533691406
road_id
217
is_junction
True
speed_limit
30.0
speed
21.501338698503407
traffic_light
None
translation_offset
1690.57111287117,6251.396295011044
angle
81.71879577636719
hero_past_trajectory
340,615
343,603
346,590
348,577
349,568
350,553
352,540
352,531
351,519
352,509
actor_past_trajectory
110
248,196
249,205
251,216
253,224
254,231
255,239
257,252
258,260
260,267
262,279
126
222,26
222,35
224,45
225,54
226,60
227,67
229,78
230,85
231,91
232,103
163
215,749
224,746
234,742
243,738
250,735
256,731
267,725
274,720
279,716
288,707
