time
12801.57352979567
hero_global_pos
-74.59317016601562,153.08059692382812
road_id
78
speed_limit
30.0
speed
12.435593367082449
translation_offset
2122.6137593388557,6447.025150179863
angle
0.9115524291992188
hero_past_trajectory
351,524
351,524
351,524
351,524
351,523
351,522
351,519
351,516
351,514
351,508
actor_past_trajectory
519
354,626
354,626
354,626
354,626
354,626
354,626
354,626
354,625
354,625
354,623
528
145,-42
145,-42
145,-42
145,-42
145,-42
145,-42
145,-42
145,-42
145,-42
145,-42
533
568,166
568,166
568,166
568,166
568,166
568,166
568,166
568,166
568,166
568,166
535
315,734
315,734
315,734
315,734
315,734
315,734
315,734
315,734
315,734
315,734
545
352,405
352,404
352,403
352,394
352,390
352,384
353,375
353,368
353,362
353,351
574
683,165
683,165
683,165
683,165
683,165
683,165
683,165
683,165
683,165
683,165
577
298,630
298,630
298,630
298,630
298,630
298,630
298,630
297,628
298,627
298,623
580
295,524
295,524
295,524
295,523
295,520
295,516
295,509
295,503
296,498
296,491
595
296,414
296,412
296,411
296,400
296,395
296,388
295,377
295,369
295,362
293,349
