time
261.5738515383928
hero_global_pos
-95.34068298339844,132.7034454345703
road_id
207
is_junction
True
speed_limit
30.0
speed
20.09627813803128
traffic_light
None
translation_offset
1643.1574277877808,6264.133964575827
angle
87.37644958496094
hero_past_trajectory
345,598
348,586
349,577
350,565
351,555
352,548
353,536
352,529
353,517
352,509
actor_past_trajectory
110
282,277
282,290
283,298
284,305
284,317
285,324
285,330
286,343
287,349
288,362
126
271,103
271,114
271,121
272,127
272,139
273,146
274,158
275,165
275,172
275,185
163
234,767
246,761
253,757
258,754
268,746
273,742
282,733
287,728
291,723
300,712
