time
261.6574359904407
hero_global_pos
-95.80654907226562,132.69827270507812
road_id
24
is_junction
False
speed_limit
30.0
speed
20.483002986489364
traffic_light
None
translation_offset
1636.0903367996216,6265.7957852855325
angle
88.01173400878906
hero_past_trajectory
347,593
349,584
349,572
351,562
352,555
352,543
352,536
353,524
352,516
352,509
actor_past_trajectory
110
285,296
285,304
286,311
287,323
287,330
287,336
288,349
289,355
289,368
290,375
126
276,120
276,127
276,133
277,145
277,152
278,164
278,171
279,178
279,191
279,198
163
243,767
250,763
256,759
266,752
270,748
279,740
285,734
289,729
297,718
302,712
