time
261.8031255859314
hero_global_pos
-96.65725708007812,132.69541931152344
road_id
24
is_junction
False
speed_limit
30.0
speed
20.882809774313312
traffic_light
None
translation_offset
1622.0256687402725,6268.227375674993
angle
88.94087219238281
hero_past_trajectory
348,598
349,586
350,576
351,569
352,557
352,550
353,538
353,530
352,523
352,516
actor_past_trajectory
110
289,317
290,324
290,336
290,343
290,349
290,362
292,368
292,381
292,388
292,396
126
282,140
282,146
283,158
283,165
284,177
284,184
284,191
284,204
285,211
285,218
163
246,775
252,772
262,765
267,761
276,752
282,747
285,742
294,731
299,725
304,719
