time
261.8606510288446
hero_global_pos
-97.0950698852539,132.69659423828125
road_id
24
is_junction
False
speed_limit
30.0
speed
20.966166501409365
traffic_light
None
translation_offset
1615.0107556581497,6269.210021667182
angle
89.31626892089844
hero_past_trajectory
348,593
350,583
351,576
352,564
352,557
353,545
352,537
352,530
352,523
352,509
actor_past_trajectory
110
291,331
291,343
291,350
291,356
291,369
292,375
293,388
293,395
293,403
293,416
126
285,153
285,165
285,172
286,184
286,191
286,198
287,211
287,218
287,225
288,239
163
250,778
260,771
265,767
274,759
280,754
284,749
293,738
298,732
303,726
310,714
