time
262.1862072716831
hero_global_pos
-98.87374114990234,132.71560668945312
road_id
24
is_junction
False
speed_limit
30.0
speed
20.861669981797675
traffic_light
None
translation_offset
1586.0032991170883,6271.993755855598
angle
-269.6204071044922
hero_past_trajectory
350,593
350,586
352,574
352,566
352,559
352,552
352,538
352,531
352,521
352,510
actor_past_trajectory
110
294,384
294,397
295,403
295,416
295,423
294,431
294,444
295,451
295,460
295,471
126
292,212
292,219
292,226
292,239
292,246
292,253
293,267
293,273
292,282
292,293
163
269,786
275,781
279,777
288,766
293,760
298,754
305,742
309,736
314,727
319,717
179
366,-103
362,-97
359,-92
352,-81
348,-74
344,-67
337,-55
334,-49
330,-41
326,-31
