time
262.2769533335595
hero_global_pos
-99.38488006591797,132.72381591796875
road_id
24
is_junction
False
speed_limit
30.0
speed
20.763443944950104
traffic_light
None
translation_offset
1578.0074118375778,6272.490912865847
angle
-269.4305114746094
hero_past_trajectory
350,594
351,582
351,574
351,567
351,560
352,546
352,539
352,529
352,518
352,510
actor_past_trajectory
110
294,404
295,410
295,423
295,430
295,438
294,451
295,458
295,467
295,478
295,485
126
293,226
293,233
293,246
292,253
292,260
293,274
293,280
293,289
293,300
293,308
163
274,789
278,784
287,773
292,767
297,761
305,750
309,744
313,735
318,725
322,718
179
364,-89
361,-84
354,-73
350,-66
346,-59
338,-47
335,-41
331,-33
327,-23
324,-16
