time
262.36085922973143
hero_global_pos
-99.87397003173828,132.7325897216797
road_id
24
is_junction
False
speed_limit
30.0
speed
20.657247985923398
traffic_light
None
translation_offset
1570.0120162963867,6273.898689800873
angle
-269.2747344970703
hero_past_trajectory
352,590
352,582
352,575
352,568
352,554
352,547
353,537
353,526
353,518
353,510
actor_past_trajectory
110
296,418
296,431
296,438
296,446
296,459
296,466
296,475
296,486
296,493
296,501
126
294,241
294,254
294,261
294,268
295,282
295,288
295,297
294,308
294,316
294,324
163
278,792
287,781
293,775
298,769
305,757
309,751
313,743
318,733
322,726
325,719
179
363,-76
356,-65
352,-58
348,-51
341,-39
338,-33
334,-25
330,-15
326,-8
323,-1
