time
12801.669381149972
hero_global_pos
-74.59605407714844,152.79351806640625
road_id
78
speed_limit
30.0
speed
13.642055911067908
translation_offset
2122.782766725868,6443.022655725479
angle
0.84698486328125
hero_past_trajectory
351,528
351,528
351,528
351,527
351,526
351,523
351,520
351,518
351,512
351,505
actor_past_trajectory
519
354,630
354,630
354,630
354,630
354,630
354,630
354,629
354,629
354,627
354,625
528
144,-38
144,-38
144,-38
144,-38
144,-38
144,-38
144,-38
144,-38
144,-38
144,-38
533
567,170
567,170
567,170
567,170
567,170
567,170
567,170
567,170
567,170
567,170
535
315,738
315,738
315,738
315,738
315,738
315,738
315,738
315,738
315,738
315,738
545
352,408
352,407
352,398
352,394
352,388
352,379
352,372
352,366
353,355
353,343
574
682,168
682,168
682,168
682,168
682,168
682,168
682,168
682,168
682,168
682,168
577
299,634
299,634
299,634
299,634
299,634
299,634
298,632
298,631
298,627
298,622
580
295,528
295,528
295,527
295,524
295,520
295,513
295,507
295,502
296,495
296,487
595
296,416
296,415
296,404
296,399
296,392
295,381
294,373
295,366
293,353
290,340
