time
262.6538598067491
hero_global_pos
-101.54438018798828,132.76600646972656
road_id
24
is_junction
False
speed_limit
30.0
speed
20.260503410838375
traffic_light
None
translation_offset
1544.0255793333054,6274.769263740629
angle
-268.94215393066406
hero_past_trajectory
351,594
352,580
352,573
352,563
352,552
352,544
352,536
352,528
352,515
352,508
actor_past_trajectory
110
296,472
295,485
296,492
296,501
296,512
296,519
296,527
296,535
296,541
296,550
126
295,294
296,308
295,314
295,323
295,334
295,342
295,350
296,357
296,364
295,376
163
296,795
303,783
307,777
311,768
316,758
320,751
324,745
326,737
329,730
333,718
179
351,-25
344,-13
340,-7
336,0
332,10
329,16
326,23
323,30
321,37
316,49
