time
262.9086009688108
hero_global_pos
-102.97262573242188,132.7972412109375
road_id
24
is_junction
False
speed_limit
30.0
speed
19.93533998552447
traffic_light
None
translation_offset
1521.0327855348587,6276.134831227362
angle
-268.802490234375
hero_past_trajectory
352,596
352,586
352,575
353,567
353,559
352,551
352,538
352,531
353,525
353,510
actor_past_trajectory
110
297,515
297,524
296,535
296,542
296,550
297,558
297,564
297,573
296,577
296,582
126
296,337
296,346
296,357
296,365
296,373
297,380
296,387
296,399
296,406
297,419
163
307,800
311,791
316,781
320,774
323,767
326,760
329,753
333,741
335,735
338,723
179
342,15
338,23
334,33
331,39
328,46
324,53
322,60
318,72
316,79
312,92
