time
262.96452339136886
hero_global_pos
-103.38536834716797,132.80648803710938
road_id
24
is_junction
False
speed_limit
30.0
speed
20.01574131759216
traffic_light
None
translation_offset
1514.0341445207596,6276.199654910713
angle
-268.77772521972656
hero_past_trajectory
352,593
352,582
352,574
353,566
352,558
352,545
352,538
352,532
353,517
352,509
actor_past_trajectory
110
296,531
296,542
296,549
296,557
297,565
297,571
296,580
296,584
296,589
296,591
126
296,353
296,364
296,372
296,380
296,387
296,394
296,406
296,413
297,426
296,436
163
311,798
316,788
320,781
323,774
325,766
329,760
333,748
335,742
338,730
340,719
179
338,30
334,40
331,46
328,53
324,60
322,67
318,79
316,86
312,99
309,109
