time
263.1135804816513
hero_global_pos
-104.07573699951172,132.82217407226562
road_id
24
is_junction
False
speed_limit
30.0
speed
20.409694229841623
traffic_light
None
translation_offset
1503.0361025333405,6276.290328104049
angle
-268.7430877685547
hero_past_trajectory
352,593
352,585
352,577
352,569
352,556
352,549
352,543
352,528
352,520
352,513
actor_past_trajectory
110
296,553
296,560
296,568
296,576
296,582
296,591
296,595
296,600
296,602
296,603
126
296,375
296,383
295,391
296,398
296,405
296,417
296,424
296,437
296,447
296,454
163
315,799
320,792
323,785
325,777
328,771
332,759
334,753
338,741
340,730
341,724
179
334,50
331,57
328,64
324,71
322,78
318,90
316,97
312,110
309,120
307,127
