time
12801.669381149972
hero_global_pos
-74.59965515136719,152.4075927734375
road_id
78
speed_limit
30.0
speed
15.101363203305363
translation_offset
2122.9883924126625,6436.019812583923
angle
0.7684326171875
hero_past_trajectory
351,535
351,535
351,534
351,533
351,530
351,527
351,525
351,519
351,512
351,508
actor_past_trajectory
519
354,637
354,637
354,637
354,637
354,637
354,636
354,636
354,634
354,632
354,632
528
144,-30
144,-30
144,-30
144,-30
144,-30
144,-30
144,-30
144,-30
144,-30
144,-30
533
567,176
567,176
567,176
567,176
567,176
567,176
567,176
567,176
567,176
567,176
535
315,745
315,745
315,745
315,745
315,745
315,745
315,745
315,745
315,745
315,745
545
352,414
352,405
352,401
352,395
352,386
352,379
352,373
352,362
353,350
353,343
574
682,175
682,175
682,175
682,175
682,175
682,175
682,175
682,175
682,175
682,175
577
299,641
299,641
299,641
299,641
299,641
298,639
298,638
298,634
298,629
297,626
580
295,535
295,534
295,531
295,527
295,520
295,514
295,509
295,502
296,494
296,489
595
296,422
296,411
296,406
296,399
295,388
294,380
294,373
292,360
290,347
289,340
