time
263.696455902922
hero_global_pos
-107.41700744628906,132.89857482910156
road_id
24
is_junction
False
speed_limit
30.0
speed
20.378226310537023
traffic_light
None
translation_offset
1450.0391960144043,6277.429017588496
angle
-268.6900939941406
hero_past_trajectory
352,596
352,581
351,573
352,566
352,555
352,546
352,535
351,526
352,518
352,510
actor_past_trajectory
110
296,648
296,653
295,655
295,656
295,656
295,656
295,656
295,656
295,656
295,656
126
296,477
296,490
296,500
296,507
296,517
295,525
295,532
296,537
296,544
296,548
131
490,-71
479,-64
471,-57
466,-54
457,-47
449,-42
442,-35
437,-31
429,-23
424,-18
163
334,806
337,794
340,783
341,777
343,766
344,757
345,748
347,741
349,730
349,722
179
316,150
312,163
310,173
307,180
305,190
304,199
303,208
302,215
300,227
299,235
