time
264.2723092581509
hero_global_pos
-110.64859771728516,132.97250366210938
road_id
24
is_junction
False
speed_limit
30.0
speed
20.404811036288734
traffic_light
None
translation_offset
1398.0391513109207,6278.426478710026
angle
-268.6910705566406
hero_past_trajectory
352,587
351,578
351,570
352,562
352,554
352,543
351,535
351,527
352,518
352,508
actor_past_trajectory
110
295,708
295,708
295,708
295,708
295,708
295,708
295,708
295,708
295,708
295,708
126
295,584
296,589
296,596
296,600
296,605
296,610
295,613
295,616
295,617
295,617
131
442,16
437,20
429,28
424,33
418,38
409,47
404,52
398,59
393,66
387,74
163
345,800
346,793
349,782
349,774
349,766
350,754
350,747
351,738
351,729
351,720
179
303,260
301,267
300,279
299,287
298,296
297,307
297,315
296,323
296,332
296,342
