time
264.4844806208639
hero_global_pos
-111.8582992553711,133.00009155273438
road_id
24
is_junction
False
speed_limit
30.0
speed
20.51773359137854
traffic_light
None
translation_offset
1379.03901720047,6279.419685177505
angle
-268.69366455078125
hero_past_trajectory
352,589
352,581
352,573
353,562
352,554
352,546
352,537
352,527
353,521
352,508
actor_past_trajectory
110
296,727
296,727
296,727
296,727
296,727
296,727
296,727
296,727
296,727
296,727
126
296,615
296,619
296,624
296,629
296,632
296,635
296,636
296,636
296,636
296,636
131
429,47
424,52
418,57
410,66
405,71
399,78
394,85
387,93
383,98
375,107
163
349,801
349,793
350,785
351,773
351,766
351,757
351,748
352,739
352,732
352,720
179
301,298
299,306
298,315
298,326
298,334
297,342
296,351
296,361
296,367
296,379
