time
4912.678306529175
hero_global_pos
84.06289672851562,-101.77274322509766
road_id
50
speed_limit
30.0
speed
18.67562673667586
traffic_light
None
translation_offset
4668.342312715948,2369.098007917404
angle
-2.0410842895507812
hero_past_trajectory
352,610
352,596
353,582
352,571
352,558
353,547
352,536
353,525
352,515
352,507
actor_past_trajectory
304
352,331
352,331
352,331
352,331
352,331
352,331
352,331
352,331
352,331
352,331
315
353,216
353,216
353,216
353,216
353,216
353,216
353,216
353,216
353,216
353,216
335
626,0
636,0
645,0
653,0
663,0
672,0
681,0
691,0
699,-1
708,-1
