time
264.77956853764044
hero_global_pos
-113.55569458007812,133.03866577148438
road_id
24
is_junction
False
speed_limit
30.0
speed
20.29356972845795
traffic_light
None
translation_offset
1352.0388115644455,6279.411891683936
angle
-268.69664001464844
hero_past_trajectory
352,589
351,581
351,573
352,564
352,554
352,548
351,535
351,529
352,520
352,508
actor_past_trajectory
110
295,754
295,754
295,754
295,754
295,754
295,754
295,754
295,754
295,754
295,754
126
295,656
295,659
295,662
295,663
295,663
295,663
295,663
295,663
295,663
295,663
131
409,93
404,98
398,105
393,112
387,120
383,125
374,134
371,140
366,147
360,157
163
350,800
350,793
351,784
351,775
351,766
351,759
351,747
352,740
352,731
351,720
179
297,353
297,361
296,369
296,378
296,388
295,394
295,406
295,413
295,422
295,434
