time
264.97905145356344
hero_global_pos
-114.6522445678711,133.06356811523438
road_id
24
is_junction
False
speed_limit
30.0
speed
20.072460291077004
traffic_light
None
translation_offset
1334.038731098175,6280.408065624535
angle
-268.69810485839844
hero_past_trajectory
352,591
352,582
352,572
353,566
352,553
352,547
352,538
352,526
353,520
352,508
actor_past_trajectory
126
296,680
296,681
296,681
296,681
296,681
296,681
296,681
296,681
296,681
296,681
131
399,123
393,130
387,138
383,143
375,152
372,158
367,165
360,175
357,180
351,190
163
351,802
351,793
352,784
352,777
352,765
352,758
352,749
352,738
352,731
352,720
179
297,387
296,396
296,406
296,412
296,424
296,431
295,440
295,452
295,459
296,470
