time
265.0449067089139
hero_global_pos
-115.1383056640625,133.0745849609375
road_id
24
is_junction
False
speed_limit
30.0
speed
19.97219749221118
traffic_light
None
translation_offset
1326.0386953353882,6280.406492620707
angle
-268.6986999511719
hero_past_trajectory
352,590
352,580
352,574
352,561
352,555
352,546
352,534
352,528
352,516
352,510
actor_past_trajectory
126
296,689
296,689
296,689
296,689
296,689
296,689
296,689
296,689
296,689
296,689
131
393,138
387,146
383,151
375,160
372,166
366,173
360,183
357,188
351,198
348,204
163
351,801
351,792
352,785
352,773
352,766
352,757
351,746
352,739
352,728
352,722
179
296,404
296,414
296,420
296,432
295,439
295,448
295,460
295,467
296,478
295,484
