time
265.20835849599825
hero_global_pos
-115.93807983398438,133.0927276611328
road_id
24
is_junction
False
speed_limit
30.0
speed
20.242210461764163
traffic_light
None
translation_offset
1313.0386238098145,6280.403739724308
angle
-268.6997528076172
hero_past_trajectory
352,593
352,587
351,574
352,568
352,559
352,547
352,541
351,529
352,523
352,510
actor_past_trajectory
126
295,702
295,702
295,702
295,702
295,702
295,702
295,702
295,702
295,702
295,702
131
387,159
383,164
374,173
371,179
366,186
360,196
357,201
351,211
347,217
344,224
163
351,805
351,798
352,786
352,779
352,770
351,759
351,752
352,741
352,735
352,727
179
296,427
296,433
295,445
295,452
295,461
295,473
294,480
295,491
295,497
295,505
