time
265.42626339340495
hero_global_pos
-117.1865463256836,133.1210479736328
road_id
24
is_junction
False
speed_limit
30.0
speed
20.597541190473446
traffic_light
None
translation_offset
1293.0385969877243,6281.400163445622
angle
-268.7011260986328
hero_past_trajectory
352,594
352,588
352,579
353,567
353,561
352,549
352,543
352,530
353,522
352,512
actor_past_trajectory
126
296,722
296,722
296,722
296,722
296,722
296,722
296,722
296,722
296,722
296,722
131
375,193
372,199
367,206
360,216
357,221
351,231
348,237
345,244
339,256
334,266
163
352,806
352,799
352,790
352,779
352,772
352,761
352,755
352,747
352,734
352,723
179
296,465
296,472
295,481
295,493
295,500
296,511
296,517
295,525
295,538
295,549
