time
12801.973318033779
hero_global_pos
-74.60731506347656,151.47833251953125
road_id
78
speed_limit
30.0
speed
18.09104546759019
translation_offset
2123.393376218155,6421.014832615852
angle
0.6137237548828125
hero_past_trajectory
351,549
351,548
351,545
351,542
351,540
351,534
351,527
351,523
351,516
351,516
actor_past_trajectory
519
354,652
354,652
354,652
354,651
354,651
354,649
354,647
354,647
354,647
353,645
528
142,-15
142,-15
142,-15
142,-15
142,-15
142,-15
142,-15
142,-15
142,-15
142,-15
533
566,191
566,191
566,191
566,191
566,191
566,191
566,191
566,191
566,191
566,191
545
351,416
351,410
352,401
352,394
352,388
352,377
352,365
352,358
352,358
352,348
574
681,189
681,189
681,189
681,189
681,189
681,189
681,189
681,189
681,189
681,189
577
299,656
299,656
299,656
298,654
298,653
298,649
298,644
297,641
297,641
297,636
580
295,546
295,542
295,535
295,529
295,524
295,517
295,509
295,504
295,504
296,497
595
295,421
295,414
295,403
294,395
294,388
292,375
289,362
288,355
285,346
285,346
