time
265.81503797838377
hero_global_pos
-119.4081039428711,133.16534423828125
road_id
24
is_junction
False
speed_limit
30.0
speed
20.38209499409733
traffic_light
None
translation_offset
1258.0286281108856,6280.930346317589
angle
-268.880615234375
hero_past_trajectory
352,596
351,584
352,578
352,565
352,557
351,547
351,537
352,527
352,523
352,513
actor_past_trajectory
131
356,256
350,266
346,272
343,279
337,291
333,301
329,309
326,316
324,322
320,331
163
352,807
352,796
352,790
353,782
352,769
352,758
352,749
352,741
352,734
352,725
179
294,535
295,546
295,552
295,560
295,573
294,584
295,593
295,601
295,606
295,614
