time
265.8936634264319
hero_global_pos
-119.8346176147461,133.17218017578125
road_id
24
is_junction
False
speed_limit
30.0
speed
20.29734914793085
traffic_light
None
translation_offset
1251.0256150960922,6281.7720887213945
angle
-268.9410858154297
hero_past_trajectory
352,591
352,585
353,572
353,564
352,554
352,544
352,534
352,530
353,520
353,509
actor_past_trajectory
131
350,273
347,279
344,286
338,298
334,308
329,316
326,323
324,329
321,338
318,348
163
353,803
354,797
354,789
353,776
353,765
353,756
353,748
354,741
353,732
353,721
179
296,553
296,559
296,567
296,580
295,591
296,600
296,608
296,613
296,621
296,629
