time
267.02955383019435
hero_global_pos
-126.24823760986328,132.6970672607422
road_id
24
is_junction
False
speed_limit
30.0
speed
20.432703221863925
traffic_light
None
translation_offset
1149.4620810747147,6250.107806831598
angle
81.99374389648438
hero_past_trajectory
357,593
356,586
355,575
354,566
353,558
353,550
352,540
352,529
352,520
352,513
actor_past_trajectory
131
298,477
298,484
297,493
296,505
296,513
296,521
296,531
297,542
297,550
298,557
163
391,802
390,796
388,789
386,776
385,768
384,760
383,750
380,739
379,731
378,725
