time
267.1156959827422
hero_global_pos
-126.84087371826172,132.57679748535156
road_id
24
is_junction
False
speed_limit
30.0
speed
20.307012409702423
traffic_light
None
translation_offset
1141.0073294639587,6244.5426324903965
angle
80.61607360839844
hero_past_trajectory
357,595
356,584
355,575
354,568
353,560
353,550
352,538
351,529
351,522
351,511
actor_past_trajectory
131
297,495
296,503
295,515
296,523
296,532
297,542
298,553
298,561
299,568
300,579
163
397,804
395,797
393,784
391,776
390,768
388,759
386,748
384,740
383,733
381,722
