time
267.2184016215979
hero_global_pos
-127.29800415039062,132.47621154785156
road_id
24
is_junction
False
speed_limit
30.0
speed
20.19175453009447
traffic_light
None
translation_offset
1134.4411857128143,6240.048397153616
angle
79.64903259277344
hero_past_trajectory
357,592
356,583
354,575
354,567
353,557
352,546
351,537
351,530
351,518
351,509
actor_past_trajectory
131
296,511
295,524
295,532
296,540
297,550
298,561
298,569
299,576
300,587
302,596
163
399,803
397,791
395,783
394,775
392,765
389,754
388,747
386,740
384,729
382,719
