time
12802.16896350302
hero_global_pos
-74.61519622802734,150.36253356933594
road_id
78
speed_limit
30.0
speed
19.4589969935744
translation_offset
2123.7302830442786,6404.009173154831
angle
0.485015869140625
hero_past_trajectory
351,562
351,559
351,557
351,551
351,544
351,540
351,533
351,533
351,518
351,507
actor_past_trajectory
519
354,669
354,668
354,668
354,666
354,664
354,664
354,664
353,662
353,658
353,653
528
141,2
141,2
141,2
141,2
141,2
141,2
141,2
141,2
141,2
141,2
533
565,207
565,207
565,207
565,207
565,207
565,207
565,207
565,207
565,207
565,207
545
351,418
351,411
351,405
351,394
352,382
352,375
352,375
352,365
353,346
353,331
574
680,205
680,205
680,205
680,205
680,205
680,205
680,205
680,205
680,205
680,205
577
299,673
298,671
298,670
298,666
298,661
297,658
297,658
297,653
296,640
296,630
580
295,552
295,546
295,541
295,534
295,526
295,521
295,521
295,514
296,498
295,489
595
294,420
293,412
293,405
291,392
289,379
288,372
285,363
285,363
278,344
273,333
