time
267.7061652387856
hero_global_pos
-129.9039306640625,131.6782684326172
road_id
24
is_junction
False
speed_limit
30.0
speed
20.531389477077887
traffic_light
None
translation_offset
1096.8335264921188,6210.2411288022995
angle
72.638916015625
hero_past_trajectory
358,589
357,580
355,573
354,562
353,553
353,546
352,535
352,527
352,516
352,509
actor_past_trajectory
131
306,611
308,619
310,625
312,636
315,646
317,652
320,663
322,670
325,681
327,687
163
421,792
418,784
416,777
413,767
410,757
406,750
404,740
401,734
398,722
396,716
