time
5046.216674794785
hero_global_pos
28.956727981567383,-137.6522674560547
road_id
19
speed_limit
30.0
speed
0.0
traffic_light
None
translation_offset
3633.138651371002,1941.8552281148732
angle
88.78977966308594
hero_past_trajectory
352,501
352,501
352,501
352,501
352,501
352,501
352,501
352,501
352,501
352,501
actor_past_trajectory
395
295,-138
296,-123
296,-113
295,-104
295,-93
296,-81
296,-72
295,-55
295,-48
296,-35
315
352,387
352,387
352,387
352,387
352,387
352,387
352,387
352,387
352,387
352,387
