time
5046.547419373288
hero_global_pos
28.956600189208984,-137.65228271484375
road_id
19
speed_limit
30.0
speed
0.003369413570207633
traffic_light
None
translation_offset
3633.138401031494,1941.8561104498804
angle
88.79011535644531
hero_past_trajectory
352,501
352,501
352,501
352,501
352,501
352,501
352,501
352,501
352,501
352,501
actor_past_trajectory
395
295,-104
295,-93
296,-81
296,-72
295,-55
295,-48
296,-35
296,-26
296,-17
295,1
315
352,387
352,387
352,387
352,387
352,387
352,387
352,387
352,387
352,387
352,387
383
351,842
351,833
352,823
352,816
351,803
351,797
351,786
352,780
352,772
351,756
