time
5046.619157898582
hero_global_pos
28.95658302307129,-137.65228271484375
road_id
19
speed_limit
30.0
speed
0.0
traffic_light
None
translation_offset
3633.1383920907974,1941.856358833611
angle
88.79022216796875
hero_past_trajectory
352,501
352,501
352,501
352,501
352,501
352,501
352,501
352,501
352,501
352,501
actor_past_trajectory
395
295,-93
296,-81
296,-72
295,-55
295,-48
296,-35
296,-26
296,-17
295,1
296,11
315
352,387
352,387
352,387
352,387
352,387
352,387
352,387
352,387
352,387
352,387
383
351,833
352,823
352,816
351,803
351,797
351,786
352,780
352,772
351,756
351,749
