time
5046.823012301109
hero_global_pos
28.95652198791504,-137.65228271484375
road_id
19
speed_limit
30.0
speed
0.012107555361338921
traffic_light
None
translation_offset
3633.1383026838303,1941.857138350606
angle
88.79051208496094
hero_past_trajectory
352,501
352,501
352,501
352,501
352,501
352,501
352,501
352,501
352,501
352,501
actor_past_trajectory
395
296,-72
295,-55
295,-48
296,-35
296,-26
296,-17
295,1
296,11
296,21
295,34
315
352,387
352,387
352,387
352,387
352,387
352,387
352,387
352,387
352,387
352,387
383
352,816
351,803
351,797
351,786
352,780
352,772
351,756
351,749
351,742
352,731
