time
12802.26918499537
hero_global_pos
-74.61759185791016,149.9840850830078
road_id
78
speed_limit
30.0
speed
19.246442749941327
translation_offset
2123.815666977316,6398.006884336472
angle
0.452392578125
hero_past_trajectory
351,565
351,563
351,557
351,550
351,546
351,539
351,539
351,524
351,513
351,507
actor_past_trajectory
519
354,674
354,674
354,672
354,670
354,670
354,670
353,668
353,664
353,659
353,656
528
140,8
140,8
140,8
140,8
140,8
140,8
140,8
140,8
140,8
140,8
533
565,213
565,213
565,213
565,213
565,213
565,213
565,213
565,213
565,213
565,213
545
351,417
351,411
351,400
351,388
351,381
351,381
352,371
353,352
353,337
353,330
574
680,211
680,211
680,211
680,211
680,211
680,211
680,211
680,211
680,211
680,211
577
298,677
298,676
298,672
298,667
297,664
297,664
297,659
296,646
296,636
296,631
580
295,552
295,547
295,540
295,532
295,527
295,527
295,520
295,504
295,495
295,491
595
293,418
293,411
291,398
288,385
287,378
285,369
285,369
278,350
273,339
270,333
