time
5046.930301997221
hero_global_pos
28.956504821777344,-137.65228271484375
road_id
19
speed_limit
30.0
speed
0.004615266641647204
traffic_light
None
translation_offset
3633.1383295059204,1941.8572453595698
angle
88.79055786132812
hero_past_trajectory
352,501
352,501
352,501
352,501
352,501
352,501
352,501
352,501
352,501
352,501
actor_past_trajectory
395
295,-55
295,-48
296,-35
296,-26
296,-17
295,1
296,11
296,21
295,34
295,44
315
352,387
352,387
352,387
352,387
352,387
352,387
352,387
352,387
352,387
352,387
383
351,803
351,797
351,786
352,780
352,772
351,756
351,749
351,742
352,731
352,723
