time
5047.042549883357
hero_global_pos
28.95646095275879,-137.65228271484375
road_id
19
speed_limit
30.0
speed
0.0029888384755807607
traffic_light
None
translation_offset
3633.138338446617,1941.8575649894774
angle
88.79067993164062
hero_past_trajectory
352,501
352,501
352,501
352,501
352,501
352,501
352,501
352,501
352,501
352,501
actor_past_trajectory
395
295,-48
296,-35
296,-26
296,-17
295,1
296,11
296,21
295,34
295,44
296,57
315
352,387
352,387
352,387
352,387
352,387
352,387
352,387
352,387
352,387
352,387
383
351,797
351,786
352,780
352,772
351,756
351,749
351,742
352,731
352,723
351,714
