time
5047.329708736266
hero_global_pos
28.956438064575195,-137.6522979736328
road_id
19
speed_limit
30.0
speed
0.010604767522380763
traffic_light
None
translation_offset
3633.138436794281,1941.8584903515875
angle
88.79103088378906
hero_past_trajectory
352,501
352,501
352,501
352,501
352,501
352,501
352,501
352,501
352,501
352,501
actor_past_trajectory
395
296,-17
295,1
296,11
296,21
295,34
295,44
296,57
296,70
295,84
295,93
315
352,387
352,387
352,387
352,387
352,387
352,387
352,387
352,387
352,387
352,387
383
352,772
351,756
351,749
351,742
352,731
352,723
351,714
351,704
351,694
352,687
