time
5047.598814937162
hero_global_pos
28.95638656616211,-137.6522979736328
road_id
19
speed_limit
30.0
speed
0.017701205279915408
traffic_light
None
translation_offset
3633.1383652687073,1941.8590214848518
angle
88.79124450683594
hero_past_trajectory
352,501
352,501
352,501
352,501
352,501
352,501
352,501
352,501
352,501
352,501
actor_past_trajectory
395
296,21
295,34
295,44
296,57
296,70
295,84
295,93
296,103
296,117
295,127
315
352,387
352,387
352,387
352,387
352,387
352,387
352,387
352,387
352,387
352,387
383
351,742
352,731
352,723
351,714
351,704
351,694
352,687
352,680
352,670
351,663
