time
5047.8692202501625
hero_global_pos
28.956315994262695,-137.6522979736328
road_id
19
speed_limit
30.0
speed
0.004594465961838129
traffic_light
None
translation_offset
3633.13827586174,1941.8598001636565
angle
88.79153442382812
hero_past_trajectory
352,501
352,501
352,501
352,501
352,501
352,501
352,501
352,501
352,501
352,501
actor_past_trajectory
395
295,44
296,57
296,70
295,84
295,93
296,103
296,117
295,127
295,139
296,159
315
352,387
352,387
352,387
352,387
352,387
352,387
352,387
352,387
352,387
352,387
383
352,723
351,714
351,704
351,694
352,687
352,680
352,670
351,663
351,655
352,641
