time
12802.363448698
hero_global_pos
-74.62074279785156,149.4485626220703
road_id
78
speed_limit
30.0
speed
19.023025696271638
translation_offset
2122.923655995168,6389.004693865776
angle
0.41114044189453125
hero_past_trajectory
352,573
352,567
352,560
352,556
352,549
352,549
352,534
352,523
352,517
352,511
actor_past_trajectory
519
355,683
355,681
355,679
355,679
355,679
354,677
354,673
354,668
354,665
353,662
528
141,17
141,17
141,17
141,17
141,17
141,17
141,17
141,17
141,17
141,17
533
566,222
566,222
566,222
566,222
566,222
566,222
566,222
566,222
566,222
566,222
545
352,421
352,410
352,398
352,391
352,391
352,381
354,361
354,346
354,339
354,332
574
681,220
681,220
681,220
681,220
681,220
681,220
681,220
681,220
681,220
681,220
577
299,685
299,681
299,676
298,673
298,673
298,668
297,655
297,645
298,640
297,636
580
296,556
296,549
296,541
296,536
296,536
296,529
296,513
295,504
296,500
296,495
595
294,420
292,407
289,394
288,387
285,378
285,378
279,359
274,348
271,342
267,336
