time
5048.058766681577
hero_global_pos
28.956281661987305,-137.6522979736328
road_id
19
speed_limit
30.0
speed
0.0016765175767214204
traffic_light
None
translation_offset
3633.138311624527,1941.8603692948818
angle
88.79176330566406
hero_past_trajectory
352,501
352,501
352,501
352,501
352,501
352,501
352,501
352,501
352,501
352,501
actor_past_trajectory
395
296,70
295,84
295,93
296,103
296,117
295,127
295,139
296,159
295,172
295,188
315
352,387
352,387
352,387
352,387
352,387
352,387
352,387
352,387
352,387
352,387
383
351,704
351,694
352,687
352,680
352,670
351,663
351,655
352,641
352,634
352,625
