time
5048.177838478114
hero_global_pos
28.956268310546875,-137.6522979736328
road_id
19
speed_limit
30.0
speed
0.014659512644878908
traffic_light
None
translation_offset
3633.1383026838303,1941.8606889247894
angle
88.79188537597656
hero_past_trajectory
352,501
352,501
352,501
352,501
352,501
352,501
352,501
352,501
352,501
352,501
actor_past_trajectory
395
295,84
295,93
296,103
296,117
295,127
295,139
296,159
295,172
295,188
296,200
315
352,387
352,387
352,387
352,387
352,387
352,387
352,387
352,387
352,387
352,387
383
351,694
352,687
352,680
352,670
351,663
351,655
352,641
352,634
352,625
352,620
