time
5048.281715012032
hero_global_pos
28.95625114440918,-137.6522979736328
road_id
19
speed_limit
30.0
speed
0.008998619924763123
traffic_light
None
translation_offset
3633.1383295059204,1941.8611862510443
angle
88.79206848144531
hero_past_trajectory
352,501
352,501
352,501
352,501
352,501
352,501
352,501
352,501
352,501
352,501
actor_past_trajectory
395
295,93
296,103
296,117
295,127
295,139
296,159
295,172
295,188
296,200
296,213
315
352,387
352,387
352,387
352,387
352,387
352,387
352,387
352,387
352,387
352,387
383
352,687
352,680
352,670
351,663
351,655
352,641
352,634
352,625
352,620
351,615
