time
5048.406747308436
hero_global_pos
28.956233978271484,-137.6522979736328
road_id
19
speed_limit
30.0
speed
0.012299527700618524
traffic_light
None
translation_offset
3633.1383295059204,1941.8615058809519
angle
88.79219055175781
hero_past_trajectory
352,501
352,501
352,501
352,501
352,501
352,501
352,501
352,501
352,501
352,501
actor_past_trajectory
395
296,103
296,117
295,127
295,139
296,159
295,172
295,188
296,200
296,213
295,227
315
352,387
352,387
352,387
352,387
352,387
352,387
352,387
352,387
352,387
352,387
371
284,-114
279,-104
275,-98
271,-91
262,-80
256,-73
247,-66
240,-61
233,-56
224,-52
383
352,680
352,670
351,663
351,655
352,641
352,634
352,625
352,620
351,615
351,609
