time
5048.824265958618
hero_global_pos
28.956167221069336,-137.65231323242188
road_id
19
speed_limit
30.0
speed
0.005989785243468419
traffic_light
None
translation_offset
3633.1382669210434,1941.8625698238611
angle
88.7926025390625
hero_past_trajectory
352,501
352,501
352,501
352,501
352,501
352,501
352,501
352,501
352,501
352,501
actor_past_trajectory
395
296,159
295,172
295,188
296,200
296,213
295,227
296,242
296,252
295,268
295,281
315
352,387
352,387
352,387
352,387
352,387
352,387
352,387
352,387
352,387
352,387
371
262,-80
256,-73
247,-66
240,-61
233,-56
224,-52
214,-46
207,-43
197,-38
188,-36
383
352,641
352,634
352,625
352,620
351,615
351,609
351,603
351,600
352,596
352,595
