time
5048.908023861113
hero_global_pos
28.95612907409668,-137.65231323242188
road_id
19
speed_limit
30.0
speed
0.002887029617167873
traffic_light
None
translation_offset
3633.1382311582565,1941.8628886155784
angle
88.792724609375
hero_past_trajectory
352,501
352,501
352,501
352,501
352,501
352,501
352,501
352,501
352,501
352,501
actor_past_trajectory
395
295,172
295,188
296,200
296,213
295,227
296,242
296,252
295,268
295,281
296,295
315
352,387
352,387
352,387
352,387
352,387
352,387
352,387
352,387
352,387
352,387
371
256,-73
247,-66
240,-61
233,-56
224,-52
214,-46
207,-43
197,-38
188,-36
179,-34
383
352,634
352,625
352,620
351,615
351,609
351,603
351,600
352,596
352,595
352,595
