time
5049.230609896469
hero_global_pos
28.956058502197266,-137.65231323242188
road_id
19
speed_limit
30.0
speed
0.0023294965628446514
traffic_light
None
translation_offset
3633.1381775140762,1941.8635619617999
angle
88.79298400878906
hero_past_trajectory
352,501
352,501
352,501
352,501
352,501
352,501
352,501
352,501
352,501
352,501
actor_past_trajectory
395
296,213
295,227
296,242
296,252
295,268
295,281
296,295
296,307
295,320
295,333
315
352,387
352,387
352,387
352,387
352,387
352,387
352,387
352,387
352,387
352,387
371
233,-56
224,-52
214,-46
207,-43
197,-38
188,-36
179,-34
170,-31
161,-30
151,-30
383
351,615
351,609
351,603
351,600
352,596
352,595
352,595
352,595
352,595
352,595
