time
5049.610774789813
hero_global_pos
28.955989837646484,-137.65231323242188
road_id
19
speed_limit
30.0
speed
0.0019775983912988554
traffic_light
None
translation_offset
3633.1381775140762,1941.86473403126
angle
88.79344177246094
hero_past_trajectory
352,501
352,501
352,501
352,501
352,501
352,501
352,501
352,501
352,501
352,501
actor_past_trajectory
395
295,268
295,281
296,295
296,307
295,320
295,333
296,347
295,360
295,367
296,386
315
352,387
352,387
352,387
352,387
352,387
352,387
352,387
352,387
352,387
352,387
371
197,-38
188,-36
179,-34
170,-31
161,-30
151,-30
141,-29
132,-29
127,-28
113,-28
383
352,596
352,595
352,595
352,595
352,595
352,595
352,595
352,595
352,595
352,595
