time
5049.904774650808
hero_global_pos
28.955915451049805,-137.65232849121094
road_id
19
speed_limit
30.0
speed
0.001676695898400107
traffic_light
None
translation_offset
3633.138097047806,1941.865513548255
angle
88.79374694824219
hero_past_trajectory
352,501
352,501
352,501
352,501
352,501
352,501
352,501
352,501
352,501
352,501
actor_past_trajectory
395
296,307
295,320
295,333
296,347
295,360
295,367
296,386
296,397
295,412
295,426
315
352,387
352,387
352,387
352,387
352,387
352,387
352,387
352,387
352,387
352,387
371
170,-31
161,-30
151,-30
141,-29
132,-29
127,-28
113,-28
106,-28
95,-28
85,-28
383
352,595
352,595
352,595
352,595
352,595
352,595
352,595
352,595
352,595
352,595
