time
12802.521597874278
hero_global_pos
-74.62802124023438,148.06556701660156
road_id
78
speed_limit
30.0
speed
20.05101751055984
translation_offset
2123.13244752679,6367.002655386925
angle
0.33138275146484375
hero_past_trajectory
352,582
352,578
352,571
352,571
352,556
352,545
352,539
352,533
351,523
351,515
actor_past_trajectory
519
355,701
355,701
355,701
354,699
354,695
354,690
354,687
353,684
353,679
353,675
528
140,39
140,39
140,39
140,39
140,39
140,39
140,39
140,39
140,39
140,39
533
565,244
565,244
565,244
565,244
565,244
565,244
565,244
565,244
565,244
565,244
545
352,420
352,413
352,413
352,403
353,383
353,368
353,361
353,354
354,344
354,335
574
680,241
680,241
680,241
680,241
680,241
680,241
680,241
680,241
680,241
680,241
577
299,698
298,695
298,695
298,690
297,677
298,667
298,662
297,658
297,651
297,644
580
296,563
296,558
296,558
296,551
296,535
295,526
295,522
295,517
295,510
295,502
595
289,416
288,409
285,400
285,400
278,381
273,370
270,364
266,358
261,351
256,345
