time
5050.034990137319
hero_global_pos
28.955900192260742,-137.65232849121094
road_id
19
speed_limit
30.0
speed
0.008564773489502076
traffic_light
None
translation_offset
3633.138114929199,1941.8657979741693
angle
88.79385375976562
hero_past_trajectory
352,501
352,501
352,501
352,501
352,501
352,501
352,501
352,501
352,501
352,501
actor_past_trajectory
395
295,320
295,333
296,347
295,360
295,367
296,386
296,397
295,412
295,426
296,436
315
352,387
352,387
352,387
352,387
352,387
352,387
352,387
352,387
352,387
352,387
371
161,-30
151,-30
141,-29
132,-29
127,-28
113,-28
106,-28
95,-28
85,-28
78,-27
383
352,595
352,595
352,595
352,595
352,595
352,595
352,595
352,595
352,595
352,595
