time
5050.140753876294
hero_global_pos
28.955848693847656,-137.65232849121094
road_id
19
speed_limit
30.0
speed
0.00887306391021505
traffic_light
None
translation_offset
3633.1380702257156,1941.8660097569227
angle
88.79393005371094
hero_past_trajectory
352,501
352,501
352,501
352,501
352,501
352,501
352,501
352,501
352,501
352,501
actor_past_trajectory
395
295,333
296,347
295,360
295,367
296,386
296,397
295,412
295,426
296,436
296,451
315
352,387
352,387
352,387
352,387
352,387
352,387
352,387
352,387
352,387
352,387
371
151,-30
141,-29
132,-29
127,-28
113,-28
106,-28
95,-28
85,-28
78,-27
68,-27
383
352,595
352,595
352,595
352,595
352,595
352,595
352,595
352,595
352,595
352,595
