time
5050.250665522988
hero_global_pos
28.955827713012695,-137.65232849121094
road_id
19
speed_limit
30.0
speed
0.0009617423652658337
traffic_light
None
translation_offset
3633.1380434036255,1941.8663288280368
angle
88.79405212402344
hero_past_trajectory
352,501
352,501
352,501
352,501
352,501
352,501
352,501
352,501
352,501
352,501
actor_past_trajectory
395
296,347
295,360
295,367
296,386
296,397
295,412
295,426
296,436
296,451
295,466
315
352,387
352,387
352,387
352,387
352,387
352,387
352,387
352,387
352,387
352,387
371
141,-29
132,-29
127,-28
113,-28
106,-28
95,-28
85,-28
78,-27
68,-27
58,-28
383
352,595
352,595
352,595
352,595
352,595
352,595
352,595
352,595
352,595
352,595
