time
5050.368248659062
hero_global_pos
28.955827713012695,-137.65232849121094
road_id
19
speed_limit
30.0
speed
0.01335281121304666
traffic_light
None
translation_offset
3633.1381059885025,1941.8669340014458
angle
88.79428100585938
hero_past_trajectory
352,501
352,501
352,501
352,501
352,501
352,501
352,501
352,501
352,501
352,501
actor_past_trajectory
395
295,360
295,367
296,386
296,397
295,412
295,426
296,436
296,451
295,466
295,477
315
352,387
352,387
352,387
352,387
352,387
352,387
352,387
352,387
352,387
352,387
371
132,-29
127,-28
113,-28
106,-28
95,-28
85,-28
78,-27
68,-27
58,-28
50,-28
383
352,595
352,595
352,595
352,595
352,595
352,595
352,595
352,595
352,595
352,595
