time
5050.557664649437
hero_global_pos
28.955833435058594,-137.65232849121094
road_id
19
speed_limit
30.0
speed
0.011978796279761804
traffic_light
None
translation_offset
3633.1381417512894,1941.867325156927
angle
88.79443359375
hero_past_trajectory
352,501
352,501
352,501
352,501
352,501
352,501
352,501
352,501
352,501
352,501
actor_past_trajectory
395
296,386
296,397
295,412
295,426
296,436
296,451
295,466
295,477
296,497
295,511
315
352,387
352,387
352,387
352,387
352,387
352,387
352,387
352,387
352,387
352,387
371
113,-28
106,-28
95,-28
85,-28
78,-27
68,-27
58,-28
50,-28
37,-28
27,-27
383
352,595
352,595
352,595
352,595
352,595
352,595
352,595
352,595
352,595
352,595
