time
5050.764551308814
hero_global_pos
28.955778121948242,-137.65232849121094
road_id
19
speed_limit
30.0
speed
0.0020724384643952378
traffic_light
None
translation_offset
3633.138088107109,1941.8679987825453
angle
88.79469299316406
hero_past_trajectory
352,501
352,501
352,501
352,501
352,501
352,501
352,501
352,501
352,501
352,501
actor_past_trajectory
395
295,412
295,426
296,436
296,451
295,466
295,477
296,497
295,511
295,521
296,532
315
352,387
352,387
352,387
352,387
352,387
352,387
352,387
352,387
352,387
352,387
371
95,-28
85,-28
78,-27
68,-27
58,-28
50,-28
37,-28
27,-27
20,-28
13,-28
383
352,595
352,595
352,595
352,595
352,595
352,595
352,595
352,595
352,595
352,595
