time
5050.847413833129
hero_global_pos
28.95573616027832,-137.65232849121094
road_id
19
speed_limit
30.0
speed
0.0156676608736153
traffic_light
None
translation_offset
3633.138052344322,1941.868033427745
angle
88.79470825195312
hero_past_trajectory
352,501
352,501
352,501
352,501
352,501
352,501
352,501
352,501
352,501
352,501
actor_past_trajectory
395
295,426
296,436
296,451
295,466
295,477
296,497
295,511
295,521
296,532
295,548
315
352,387
352,387
352,387
352,387
352,387
352,387
352,387
352,387
352,387
352,387
371
85,-28
78,-27
68,-27
58,-28
50,-28
37,-28
27,-27
20,-28
13,-28
2,-28
383
352,595
352,595
352,595
352,595
352,595
352,595
352,595
352,595
352,595
352,595
