time
5051.131681220482
hero_global_pos
28.955663681030273,-137.65232849121094
road_id
19
speed_limit
30.0
speed
0.020820060849411542
traffic_light
None
translation_offset
3633.1380434036255,1941.8690984882414
angle
88.79512023925781
hero_past_trajectory
352,501
352,501
352,501
352,501
352,501
352,501
352,501
352,501
352,501
352,501
actor_past_trajectory
395
295,466
295,477
296,497
295,511
295,521
296,532
295,548
295,559
296,576
296,586
315
352,387
352,387
352,387
352,387
352,387
352,387
352,387
352,387
352,387
352,387
371
58,-28
50,-28
37,-28
27,-27
20,-28
13,-28
2,-28
-6,-28
-18,-28
-25,-28
383
352,595
352,595
352,595
352,595
352,595
352,595
352,595
352,595
352,595
352,595
