time
5051.575426971416
hero_global_pos
28.95560073852539,-137.65234375
road_id
19
speed_limit
30.0
speed
0.011324942842935592
traffic_light
None
translation_offset
3633.138052344322,1941.8700928613544
angle
88.79550170898438
hero_past_trajectory
352,501
352,501
352,501
352,501
352,501
352,501
352,501
352,501
352,501
352,501
actor_past_trajectory
395
295,521
296,532
295,548
295,559
296,576
296,586
295,596
295,612
296,622
296,636
315
352,387
352,387
352,387
352,387
352,387
352,387
352,387
352,387
352,387
352,387
383
352,595
352,595
352,595
352,595
352,595
352,595
352,595
352,595
352,595
352,595
