time
5052.028943162288
hero_global_pos
28.95550537109375,-137.65234375
road_id
19
speed_limit
30.0
speed
0.0034134031143756454
traffic_light
None
translation_offset
3633.137998700142,1941.8715119175613
angle
88.79605102539062
hero_past_trajectory
352,501
352,501
352,501
352,501
352,501
352,501
352,501
352,501
352,501
352,501
actor_past_trajectory
395
296,586
295,596
295,612
296,622
296,636
295,647
295,660
296,673
296,681
295,693
315
352,387
352,387
352,387
352,387
352,387
352,387
352,387
352,387
352,387
352,387
383
352,595
352,595
352,595
352,595
352,595
352,595
352,595
352,595
352,595
352,595
