time
5052.270650345708
hero_global_pos
28.95543670654297,-137.65234375
road_id
19
speed_limit
30.0
speed
0.0035993418280690697
traffic_light
None
translation_offset
3633.1379092931747,1941.8720072880387
angle
88.79623413085938
hero_past_trajectory
352,501
352,501
352,501
352,501
352,501
352,501
352,501
352,501
352,501
352,501
actor_past_trajectory
395
295,612
296,622
296,636
295,647
295,660
296,673
296,681
295,693
295,702
295,713
304
351,843
351,835
352,824
352,816
351,806
351,796
351,789
352,780
352,773
352,763
315
352,387
352,387
352,387
352,387
352,387
352,387
352,387
352,387
352,387
352,387
383
352,595
352,595
352,595
352,595
352,595
352,595
352,595
352,595
352,595
352,595
