time
5052.483548983808
hero_global_pos
28.955427169799805,-137.65234375
road_id
19
speed_limit
30.0
speed
0.0
traffic_light
None
translation_offset
3633.1379092931747,1941.8727175146341
angle
88.7965087890625
hero_past_trajectory
352,501
352,501
352,501
352,501
352,501
352,501
352,501
352,501
352,501
352,501
actor_past_trajectory
395
296,636
295,647
295,660
296,673
296,681
295,693
295,702
295,713
296,727
295,735
304
352,824
352,816
351,806
351,796
351,789
352,780
352,773
352,763
351,752
351,746
315
352,387
352,387
352,387
352,387
352,387
352,387
352,387
352,387
352,387
352,387
383
352,595
352,595
352,595
352,595
352,595
352,595
352,595
352,595
352,595
352,595
