time
5052.57382498576
hero_global_pos
28.955429077148438,-137.65234375
road_id
19
speed_limit
30.0
speed
0.011074031705858052
traffic_light
None
translation_offset
3633.1378824710846,1941.872965618968
angle
88.79661560058594
hero_past_trajectory
352,501
352,501
352,501
352,501
352,501
352,501
352,501
352,501
352,501
352,501
actor_past_trajectory
304
352,816
351,806
351,796
351,789
352,780
352,773
352,763
351,752
351,746
352,738
315
352,387
352,387
352,387
352,387
352,387
352,387
352,387
352,387
352,387
352,387
383
352,595
352,595
352,595
352,595
352,595
352,595
352,595
352,595
352,595
352,595
