time
5052.6369917307675
hero_global_pos
28.955402374267578,-137.65234375
road_id
19
speed_limit
30.0
speed
0.007512714793968667
traffic_light
None
translation_offset
3633.1378824710846,1941.8732849694788
angle
88.79673767089844
hero_past_trajectory
352,501
352,501
352,501
352,501
352,501
352,501
352,501
352,501
352,501
352,501
actor_past_trajectory
304
351,806
351,796
351,789
352,780
352,773
352,763
351,752
351,746
352,738
352,732
315
352,387
352,387
352,387
352,387
352,387
352,387
352,387
352,387
352,387
352,387
383
352,595
352,595
352,595
352,595
352,595
352,595
352,595
352,595
352,595
352,595
