time
4912.752540453213
hero_global_pos
84.08475494384766,-102.38924407958984
road_id
50
speed_limit
30.0
speed
17.48184830394624
traffic_light
None
translation_offset
4669.325242690742,2360.0985264778137
angle
-2.034576416015625
hero_past_trajectory
352,605
352,591
352,580
351,567
352,556
352,545
352,534
352,524
351,516
351,511
actor_past_trajectory
304
351,340
351,340
351,340
351,340
351,340
351,340
351,340
351,340
351,340
351,340
315
352,225
352,225
352,225
352,225
352,225
352,225
352,225
352,225
352,225
352,225
335
636,9
645,8
653,8
663,8
672,8
681,8
691,8
699,7
708,7
713,7
