time
5053.080262248281
hero_global_pos
28.95530128479004,-137.65235900878906
road_id
19
speed_limit
30.0
speed
0.013972222416689514
traffic_light
None
translation_offset
3633.1377841234207,1941.8744193203747
angle
88.79716491699219
hero_past_trajectory
352,501
352,501
352,501
352,501
352,501
352,501
352,501
352,501
352,501
352,501
actor_past_trajectory
304
352,773
352,763
351,752
351,746
352,738
352,732
352,725
352,720
351,714
351,711
315
352,387
352,387
352,387
352,387
352,387
352,387
352,387
352,386
352,386
352,386
383
352,595
352,595
352,595
352,595
352,595
352,595
352,595
352,595
352,595
352,595
