time
5053.501462741631
hero_global_pos
28.955217361450195,-137.65235900878906
road_id
19
speed_limit
30.0
speed
0.0030927064286190064
traffic_light
None
translation_offset
3633.1377573013306,1941.8754125759006
angle
88.79754638671875
hero_past_trajectory
352,501
352,501
352,501
352,501
352,501
352,501
352,501
352,501
352,501
352,501
actor_past_trajectory
304
352,738
352,732
352,725
352,720
351,714
351,711
351,708
351,704
351,701
351,700
315
352,387
352,387
352,387
352,386
352,386
352,386
352,386
352,386
352,386
352,386
383
352,595
352,595
352,595
352,595
352,595
352,595
352,595
352,595
352,595
352,595
