time
5053.6293971993655
hero_global_pos
28.955211639404297,-137.65235900878906
road_id
19
speed_limit
30.0
speed
0.0057273370582718195
traffic_light
None
translation_offset
3633.1377930641174,1941.8758040107787
angle
88.79769897460938
hero_past_trajectory
352,501
352,501
352,501
352,501
352,501
352,501
352,501
352,501
352,501
352,501
actor_past_trajectory
304
352,732
352,725
352,720
351,714
351,711
351,708
351,704
351,701
351,700
351,700
315
352,387
352,387
352,386
352,386
352,386
352,386
352,386
352,386
352,386
352,386
383
352,595
352,595
352,595
352,595
352,595
352,595
352,595
352,595
352,595
352,595
