time
5053.9092780937135
hero_global_pos
28.955169677734375,-137.65237426757812
road_id
19
speed_limit
30.0
speed
0.004997522957907611
traffic_light
None
translation_offset
3633.1377662420273,1941.8766201287508
angle
88.79801940917969
hero_past_trajectory
352,501
352,501
352,501
352,501
352,501
352,501
352,501
352,501
352,501
352,501
actor_past_trajectory
304
351,714
351,711
351,708
351,704
351,701
351,700
351,700
351,700
351,700
351,700
315
352,386
352,386
352,386
352,386
352,386
352,386
352,386
352,386
352,386
352,386
383
352,595
352,595
352,595
352,595
352,595
352,595
352,595
352,595
352,595
352,595
