time
5054.235809736761
hero_global_pos
28.955101013183594,-137.65237426757812
road_id
19
speed_limit
30.0
speed
0.0036454350477367627
traffic_light
None
translation_offset
3633.1377304792404,1941.8772233463824
angle
88.79824829101562
hero_past_trajectory
352,501
352,501
352,501
352,501
352,501
352,501
352,501
352,501
352,501
352,501
actor_past_trajectory
304
351,704
351,701
351,700
351,700
351,700
351,700
351,700
351,700
351,700
351,700
315
352,386
352,386
352,386
352,386
352,386
352,386
352,386
352,386
352,386
352,386
383
352,595
352,595
352,595
352,595
352,595
352,595
352,595
352,595
352,595
352,595
