time
5054.409684209961
hero_global_pos
28.955080032348633,-137.65237426757812
road_id
19
speed_limit
30.0
speed
0.014606206542481594
traffic_light
None
translation_offset
3633.1377215385437,1941.8777910806239
angle
88.7984619140625
hero_past_trajectory
352,501
352,501
352,501
352,501
352,501
352,501
352,501
352,501
352,501
352,501
actor_past_trajectory
304
351,700
351,700
351,700
351,700
351,700
351,700
351,700
351,700
351,700
351,700
315
352,386
352,386
352,386
352,386
352,386
352,386
352,386
352,386
352,386
352,386
383
352,595
352,595
352,595
352,595
352,595
352,595
352,595
352,595
352,595
352,595
