time
5054.766199330676
hero_global_pos
28.954959869384766,-137.65237426757812
road_id
19
speed_limit
30.0
speed
0.005301171034366051
traffic_light
None
translation_offset
3633.1375784873962,1941.8789243139327
angle
88.79890441894531
hero_past_trajectory
352,501
352,501
352,501
352,501
352,501
352,501
352,501
352,501
352,501
352,501
actor_past_trajectory
304
351,700
351,700
351,700
351,700
351,700
351,700
351,700
351,700
351,700
351,700
315
352,386
352,386
352,386
352,386
352,386
352,386
352,386
352,386
352,386
352,386
383
352,595
352,595
352,595
352,595
352,595
352,595
352,595
352,595
352,595
352,595
