time
5055.113945380661
hero_global_pos
28.95488739013672,-137.65237426757812
road_id
19
speed_limit
30.0
speed
0.020692847365614248
traffic_light
None
translation_offset
3633.1375695466995,1941.8798471614718
angle
88.79925537109375
hero_past_trajectory
352,501
352,501
352,501
352,501
352,501
352,501
352,501
352,501
352,501
352,501
actor_past_trajectory
304
351,700
351,700
351,700
351,700
351,700
351,700
351,700
351,700
351,700
351,700
315
352,386
352,386
352,386
352,386
352,386
352,386
352,386
352,386
352,386
352,386
383
352,595
352,595
352,595
352,595
352,595
352,595
352,595
352,595
352,595
352,595
