time
12803.06501620535
hero_global_pos
-74.62017822265625,145.76956176757812
road_id
78
speed_limit
30.0
speed
19.404875508901245
translation_offset
2124.7316971896216,6330.001788139343
angle
-0.27948760986328125
hero_past_trajectory
353,581
353,575
353,569
352,560
352,552
352,538
352,537
352,531
352,512
352,509
actor_past_trajectory
519
357,726
357,723
356,720
356,715
356,711
355,703
355,702
354,700
354,695
354,689
528
135,79
135,79
135,79
135,79
135,79
135,79
135,79
135,79
135,79
135,79
533
562,278
562,278
562,278
562,278
562,278
562,278
562,278
562,278
562,278
562,278
545
352,404
352,397
352,390
353,380
353,371
354,355
354,353
354,348
355,339
356,326
574
677,275
677,275
677,275
677,275
677,275
677,275
677,275
677,275
677,275
677,275
577
299,705
299,700
298,696
298,689
298,682
298,670
298,669
298,665
297,658
297,649
580
296,564
296,560
296,555
296,548
296,540
296,527
296,526
296,521
296,513
296,503
595
272,408
269,402
265,396
260,389
255,383
245,372
244,371
240,367
233,360
223,352
