time
5055.423949003096
hero_global_pos
28.954816818237305,-137.6523895263672
road_id
19
speed_limit
30.0
speed
0.007511298212007469
traffic_light
None
translation_offset
3633.1375963687897,1941.8806291930377
angle
88.799560546875
hero_past_trajectory
352,501
352,501
352,501
352,501
352,501
352,501
352,501
352,501
352,501
352,501
actor_past_trajectory
304
351,700
351,700
351,700
351,700
351,700
351,700
351,700
351,700
351,700
351,700
315
352,386
352,386
352,386
352,386
352,386
352,386
352,386
352,386
352,386
352,386
383
352,595
352,595
352,595
352,595
352,595
352,595
352,595
352,595
352,595
352,595
