time
5055.797121879521
hero_global_pos
28.954782485961914,-137.6523895263672
road_id
19
speed_limit
30.0
speed
0.0023609210506721615
traffic_light
None
translation_offset
3633.1375695466995,1941.8815869651735
angle
88.7999267578125
hero_past_trajectory
352,501
352,501
352,501
352,501
352,501
352,501
352,501
352,501
352,501
352,501
actor_past_trajectory
304
351,700
351,700
351,700
351,700
351,700
351,700
351,700
351,700
351,700
351,700
315
352,386
352,386
352,386
352,386
352,386
352,386
352,386
352,386
352,386
352,386
383
352,595
352,595
352,595
352,595
352,595
352,595
352,595
352,595
352,595
352,595
