time
5055.975182467017
hero_global_pos
28.9547061920166,-137.6523895263672
road_id
19
speed_limit
30.0
speed
0.019395112526849678
traffic_light
None
translation_offset
3633.1374711990356,1941.8821887858212
angle
88.80015563964844
hero_past_trajectory
352,501
352,501
352,501
352,501
352,501
352,501
352,501
352,501
352,501
352,501
actor_past_trajectory
304
351,700
351,700
351,700
351,700
351,700
351,700
351,700
351,700
351,700
351,700
315
352,386
352,386
352,386
352,386
352,386
352,386
352,386
352,386
352,386
352,386
383
352,595
352,595
352,595
352,595
352,595
352,595
352,595
352,595
352,595
352,595
