time
12803.151642988363
hero_global_pos
-74.59742736816406,145.2991180419922
road_id
78
speed_limit
30.0
speed
19.443824964627225
translation_offset
2127.547218464315,6323.021627545357
angle
-0.9730148315429688
hero_past_trajectory
353,582
353,576
352,568
351,560
351,546
351,545
351,539
351,520
351,517
351,509
actor_past_trajectory
519
358,730
357,727
357,722
357,718
357,710
357,709
356,707
356,702
356,696
356,691
528
129,88
129,88
129,88
129,88
129,88
129,88
129,88
129,88
129,88
129,88
533
559,283
559,283
559,283
559,283
559,283
559,283
559,283
559,283
559,283
559,283
545
350,405
350,398
351,387
350,379
351,362
351,360
351,355
352,346
353,333
352,324
574
674,278
674,278
674,278
674,278
674,278
674,278
674,278
674,278
674,278
674,278
577
301,707
300,703
300,696
300,689
299,677
299,676
299,672
298,665
298,656
298,648
580
296,567
296,562
295,555
295,547
295,534
295,533
295,528
295,520
295,510
294,501
595
267,410
263,404
258,397
253,391
242,380
241,379
237,375
230,369
220,361
213,356
