time
5056.807698813143
hero_global_pos
28.95459747314453,-137.65240478515625
road_id
19
speed_limit
30.0
speed
0.006693658858250807
traffic_light
None
translation_offset
3633.137551665306,1941.8843563459814
angle
88.80099487304688
hero_past_trajectory
352,501
352,501
352,501
352,501
352,501
352,501
352,501
352,501
352,501
352,501
actor_past_trajectory
301
-128,194
-121,195
-112,195
-98,194
-91,194
-79,195
-71,195
-65,195
-54,194
-45,194
304
351,700
351,700
351,700
351,700
351,700
351,700
351,700
351,700
351,700
351,700
315
352,386
352,386
352,386
352,386
352,386
352,386
352,386
352,386
352,386
352,386
345
-102,138
-95,138
-86,138
-72,139
-65,139
-54,138
-46,138
-39,139
-28,139
-18,139
383
352,595
352,595
352,595
352,595
352,595
352,595
352,595
352,595
352,595
352,595
