time
5056.99543297651
hero_global_pos
28.954557418823242,-137.65240478515625
road_id
19
speed_limit
30.0
speed
0.0009566892517541957
traffic_light
None
translation_offset
3633.1375695466995,1941.8849246390164
angle
88.80120849609375
hero_past_trajectory
352,501
352,501
352,501
352,501
352,501
352,501
352,501
352,501
352,501
352,501
actor_past_trajectory
301
-112,195
-98,194
-91,194
-79,195
-71,195
-65,195
-54,194
-45,194
-36,195
-28,195
304
351,700
351,700
351,700
351,700
351,700
351,700
351,700
351,700
351,700
351,700
315
352,386
352,386
352,386
352,386
352,386
352,386
352,386
352,386
352,386
352,386
345
-86,138
-72,139
-65,139
-54,138
-46,138
-39,139
-28,139
-18,139
-11,138
-3,139
383
352,595
352,595
352,595
352,595
352,595
352,595
352,595
352,595
352,595
352,595
