time
5057.102677116978
hero_global_pos
28.954532623291016,-137.65240478515625
road_id
19
speed_limit
30.0
speed
0.0
traffic_light
None
translation_offset
3633.137551665306,1941.8852439895272
angle
88.80133056640625
hero_past_trajectory
352,501
352,501
352,501
352,501
352,501
352,501
352,501
352,501
352,501
352,501
actor_past_trajectory
301
-98,194
-91,194
-79,195
-71,195
-64,195
-54,194
-45,194
-36,195
-28,195
-18,195
304
351,700
351,700
351,700
351,700
351,700
351,700
351,700
351,700
351,700
351,700
315
352,386
352,386
352,386
352,386
352,386
352,386
352,386
352,386
352,386
352,386
345
-72,139
-65,139
-54,138
-46,138
-39,139
-28,139
-18,139
-11,138
-3,139
6,139
383
352,595
352,595
352,595
352,595
352,595
352,595
352,595
352,595
352,595
352,595
