time
12803.261026912296
hero_global_pos
-74.52062225341797,144.33505249023438
road_id
210
speed_limit
30.0
speed
20.892700443544292
translation_offset
2133.7621111646295,6307.201639533043
angle
-2.96624755859375
hero_past_trajectory
355,592
354,583
353,576
353,562
353,561
352,555
351,536
351,533
351,525
351,518
actor_past_trajectory
519
365,743
365,738
365,734
364,726
364,725
363,723
363,718
362,712
362,707
362,703
528
115,112
115,112
115,112
115,112
115,112
115,112
115,112
115,112
115,112
115,112
533
551,292
551,292
551,292
551,292
551,292
551,292
551,292
551,292
551,292
551,292
545
346,414
346,404
346,395
346,379
346,377
346,372
346,363
347,350
346,341
347,333
574
666,283
666,283
666,283
666,283
666,283
666,283
666,283
666,283
666,283
666,283
577
307,721
306,714
306,707
305,695
305,694
305,690
304,683
303,674
303,666
303,660
580
298,580
297,573
297,565
296,552
296,551
296,546
295,538
295,528
294,519
294,511
595
259,423
254,416
249,411
238,400
237,399
233,395
226,389
215,381
208,377
201,372
