time
5057.3096742908165
hero_global_pos
28.954471588134766,-137.65240478515625
road_id
19
speed_limit
30.0
speed
0.004163536965518029
traffic_light
None
translation_offset
3633.137489080429,1941.885668952018
angle
88.80149841308594
hero_past_trajectory
352,501
352,501
352,501
352,501
352,501
352,501
352,501
352,501
352,501
352,501
actor_past_trajectory
301
-79,195
-71,195
-64,195
-54,194
-45,194
-36,195
-28,195
-18,195
-9,194
0,195
304
351,700
351,700
351,700
351,700
351,700
351,700
351,700
351,700
351,700
351,700
315
352,386
352,386
352,386
352,386
352,386
352,386
352,386
352,386
352,386
352,386
345
-54,138
-46,138
-39,139
-28,139
-18,139
-11,138
-3,139
6,139
15,139
25,139
383
352,595
352,595
352,595
352,595
352,595
352,595
352,595
352,595
352,595
352,595
