time
5057.7451966077715
hero_global_pos
28.95439338684082,-137.65240478515625
road_id
19
speed_limit
30.0
speed
0.004448498381851267
traffic_light
None
translation_offset
3633.137453317642,1941.8870173208416
angle
88.80201721191406
hero_past_trajectory
352,501
352,501
352,501
352,501
352,501
352,501
352,501
352,501
352,501
352,501
actor_past_trajectory
301
-45,194
-36,195
-28,195
-18,195
-9,194
0,195
10,195
21,195
31,195
39,195
304
351,700
351,700
351,700
351,700
351,700
351,700
351,700
351,700
351,700
351,700
315
352,386
352,386
352,386
352,386
352,386
352,386
352,386
352,386
352,386
352,386
345
-18,139
-11,138
-3,139
6,139
15,139
25,139
34,138
44,139
55,139
63,139
383
352,595
352,595
352,595
352,595
352,595
352,595
352,595
352,595
352,595
352,595
