time
5058.000488475773
hero_global_pos
28.95433807373047,-137.65240478515625
road_id
19
speed_limit
30.0
speed
0.0037708481040614004
traffic_light
None
translation_offset
3633.137435436249,1941.8878692016006
angle
88.80235290527344
hero_past_trajectory
352,501
352,501
352,501
352,501
352,501
352,501
352,501
352,501
352,501
352,501
actor_past_trajectory
301
-18,195
-9,194
0,195
10,195
21,195
31,195
39,195
49,195
56,195
63,195
304
351,700
351,700
351,700
351,700
351,700
351,700
351,700
351,700
351,700
351,700
315
352,386
352,386
352,386
352,386
352,386
352,386
352,386
352,386
352,386
352,386
345
6,139
15,139
25,139
34,138
44,139
55,139
63,139
72,139
79,140
84,139
383
352,595
352,595
352,595
352,595
352,595
352,595
352,595
352,595
352,595
352,595
