time
5058.1276144914955
hero_global_pos
28.954341888427734,-137.6524200439453
road_id
19
speed_limit
30.0
speed
0.014941661642345297
traffic_light
None
translation_offset
3633.137515902519,1941.8880482949317
angle
88.80241394042969
hero_past_trajectory
352,501
352,501
352,501
352,501
352,501
352,501
352,501
352,501
352,501
352,501
actor_past_trajectory
301
-9,194
0,195
10,195
21,195
31,195
39,195
49,195
56,195
63,195
71,195
304
351,700
351,700
351,700
351,700
351,700
351,700
351,700
351,700
351,700
351,700
315
352,386
352,386
352,386
352,386
352,386
352,386
352,386
352,386
352,386
352,386
345
15,139
25,139
34,138
44,139
55,139
63,139
72,139
79,140
84,139
86,139
383
352,595
352,595
352,595
352,595
352,595
352,595
352,595
352,595
352,595
352,595
