time
5058.330275451641
hero_global_pos
28.954294204711914,-137.6524200439453
road_id
19
speed_limit
30.0
speed
0.0031969637435175576
traffic_light
None
translation_offset
3633.137489080429,1941.888473816216
angle
88.80258178710938
hero_past_trajectory
352,501
352,501
352,501
352,501
352,501
352,501
352,501
352,501
352,501
352,501
actor_past_trajectory
301
10,195
21,195
31,195
39,195
49,195
56,195
63,195
71,195
78,195
84,195
304
351,700
351,700
351,700
351,700
351,700
351,700
351,700
351,700
351,700
351,700
315
352,386
352,386
352,386
352,386
352,386
352,386
352,386
352,386
352,386
352,386
345
34,138
44,139
55,139
63,139
72,139
79,140
84,139
86,139
86,139
86,139
383
352,595
352,595
352,595
352,595
352,595
352,595
352,595
352,595
352,595
352,595
