time
5058.39358652557
hero_global_pos
28.954301834106445,-137.6524200439453
road_id
19
speed_limit
30.0
speed
0.01586116867329295
traffic_light
None
translation_offset
3633.137462258339,1941.8887926079333
angle
88.80270385742188
hero_past_trajectory
352,501
352,501
352,501
352,501
352,501
352,501
352,501
352,501
352,501
352,501
actor_past_trajectory
301
21,195
31,195
39,195
49,195
56,195
63,195
71,195
78,195
84,195
87,195
304
351,700
351,700
351,700
351,700
351,700
351,700
351,700
351,700
351,700
351,700
315
352,386
352,386
352,386
352,386
352,386
352,386
352,386
352,386
352,386
352,386
345
44,139
55,139
63,139
72,139
79,140
84,139
86,139
86,139
86,139
86,139
383
352,595
352,595
352,595
352,595
352,595
352,595
352,595
352,595
352,595
352,595
