time
5058.792858026798
hero_global_pos
28.954200744628906,-137.65243530273438
road_id
19
speed_limit
30.0
speed
0.0031977575244804927
traffic_light
None
translation_offset
3633.137399673462,1941.8899635598063
angle
88.80314636230469
hero_past_trajectory
352,501
352,501
352,501
352,501
352,501
352,501
352,501
352,501
352,501
352,501
actor_past_trajectory
301
56,195
63,195
71,195
78,195
84,195
87,195
90,195
92,195
92,195
92,195
304
351,700
351,700
351,700
351,700
351,700
351,700
351,700
351,700
351,700
351,700
315
352,386
352,386
352,386
352,386
352,386
352,386
352,386
352,386
352,386
352,386
345
79,140
84,139
86,139
86,139
86,139
86,139
86,139
86,139
86,139
86,139
383
352,595
352,595
352,595
352,595
352,595
352,595
352,595
352,595
352,595
352,595
