time
5058.926257979932
hero_global_pos
28.954166412353516,-137.65243530273438
road_id
19
speed_limit
30.0
speed
0.0052905038429891405
traffic_light
None
translation_offset
3633.137363910675,1941.89021082595
angle
88.80325317382812
hero_past_trajectory
352,501
352,501
352,501
352,501
352,501
352,501
352,501
352,501
352,501
352,501
actor_past_trajectory
301
63,195
71,195
78,195
84,195
87,195
90,195
92,195
92,195
92,195
92,195
304
351,700
351,700
351,700
351,700
351,700
351,700
351,700
351,700
351,700
351,700
315
352,386
352,386
352,386
352,386
352,386
352,386
352,386
352,386
352,386
352,386
345
84,139
86,139
86,139
86,139
86,139
86,139
86,139
86,139
86,139
86,139
383
352,595
352,595
352,595
352,595
352,595
352,595
352,595
352,595
352,595
352,595
