time
5059.156017834197
hero_global_pos
28.954130172729492,-137.65243530273438
road_id
19
speed_limit
30.0
speed
0.00930077275347482
traffic_light
None
translation_offset
3633.1373549699783,1941.890779118985
angle
88.803466796875
hero_past_trajectory
352,501
352,501
352,501
352,501
352,501
352,501
352,501
352,501
352,501
352,501
actor_past_trajectory
301
78,195
84,195
87,195
90,195
92,195
92,195
92,195
92,195
92,195
92,195
304
351,700
351,700
351,700
351,700
351,700
351,700
351,700
351,700
351,700
351,700
315
352,386
352,386
352,386
352,386
352,386
352,386
352,386
352,386
352,386
352,386
345
86,139
86,139
86,139
86,139
86,139
86,139
86,139
86,139
86,139
86,139
383
352,595
352,595
352,595
352,595
352,595
352,595
352,595
352,595
352,595
352,595
