time
12803.481523686016
hero_global_pos
-74.38768768310547,143.43264770507812
road_id
210
speed_limit
30.0
speed
22.205224980028287
translation_offset
2143.272694826126,6293.781470537186
angle
-5.843940734863281
hero_past_trajectory
356,589
355,576
355,575
354,569
352,550
352,547
351,539
352,532
351,516
351,510
actor_past_trajectory
519
376,747
375,739
375,738
374,736
373,732
372,726
372,721
372,717
371,709
370,706
528
95,139
95,139
95,139
95,139
95,139
95,139
95,139
95,139
95,139
95,139
533
540,296
540,296
540,296
540,296
540,296
540,296
540,296
540,296
540,296
540,296
545
340,409
339,393
339,391
339,386
339,377
338,364
338,355
338,347
336,331
336,325
574
654,282
654,282
654,282
654,282
654,282
654,282
654,282
654,282
654,282
654,282
577
316,723
315,711
315,710
314,706
312,700
312,691
311,683
310,677
309,665
308,661
580
299,582
298,569
298,568
298,563
297,555
296,545
295,536
294,528
292,510
291,503
595
244,430
233,420
232,419
227,416
219,409
209,403
201,398
194,394
179,387
173,385
