time
5059.462072664748
hero_global_pos
28.95403289794922,-137.65243530273438
road_id
19
speed_limit
30.0
speed
0.005675808700955346
traffic_light
None
translation_offset
3633.137238740921,1941.89173521474
angle
88.8038330078125
hero_past_trajectory
352,501
352,501
352,501
352,501
352,501
352,501
352,501
352,501
352,501
352,501
actor_past_trajectory
301
90,195
92,195
92,195
92,195
92,195
92,195
92,195
92,195
92,195
92,195
304
351,700
351,700
351,700
351,700
351,700
351,700
351,700
351,700
351,700
351,700
315
352,386
352,386
352,386
352,386
352,386
352,386
352,386
352,386
352,386
352,386
345
86,139
86,139
86,139
86,139
86,139
86,139
86,139
86,139
86,139
86,139
383
352,595
352,595
352,595
352,595
352,595
352,595
352,595
352,595
352,595
352,595
