time
5059.626203515443
hero_global_pos
28.954025268554688,-137.65243530273438
road_id
19
speed_limit
30.0
speed
0.002066646704008432
traffic_light
None
translation_offset
3633.1372923851013,1941.8923755921423
angle
88.8040771484375
hero_past_trajectory
352,501
352,501
352,501
352,501
352,501
352,501
352,501
352,501
352,501
352,501
actor_past_trajectory
301
92,195
92,195
92,195
92,195
92,195
92,195
92,195
92,195
92,195
92,195
304
351,700
351,700
351,700
351,700
351,700
351,700
351,700
351,700
351,700
351,700
315
352,386
352,386
352,386
352,386
352,386
352,386
352,386
352,386
352,386
352,386
345
86,139
86,139
86,139
86,139
86,139
86,139
86,139
86,139
86,139
86,139
383
352,595
352,595
352,595
352,595
352,595
352,595
352,595
352,595
352,595
352,595
