time
12803.542638961153
hero_global_pos
-74.19462585449219,142.52330017089844
road_id
210
speed_limit
30.0
speed
21.58704084526588
translation_offset
2154.1461361050606,6281.797625422478
angle
-8.876701354980469
hero_past_trajectory
358,589
358,588
357,582
354,563
354,560
352,552
352,545
351,529
351,523
351,515
actor_past_trajectory
519
386,751
386,750
385,748
384,743
383,737
383,732
382,729
381,721
380,718
379,714
528
75,166
75,166
75,166
75,166
75,166
75,166
75,166
75,166
75,166
75,166
533
528,300
528,300
528,300
528,300
528,300
528,300
528,300
528,300
528,300
528,300
545
333,407
332,405
332,400
331,391
330,378
329,369
329,361
326,346
326,339
325,333
549
753,259
753,259
753,259
753,259
753,259
753,259
753,259
753,259
753,259
753,259
574
641,279
641,279
641,279
641,279
641,279
641,279
641,279
641,279
641,279
641,279
577
325,726
325,725
324,721
322,715
321,706
319,698
318,692
317,680
316,676
315,670
580
301,585
301,584
300,579
299,571
297,562
296,553
295,545
292,526
290,519
289,509
595
228,440
226,439
222,436
214,430
203,424
195,420
187,416
172,410
166,408
158,405
