time
5060.787880766082
hero_global_pos
28.953819274902344,-137.65245056152344
road_id
19
speed_limit
30.0
speed
0.005164906804828058
traffic_light
None
translation_offset
3633.1372208595276,1941.8954277224839
angle
88.80525207519531
hero_past_trajectory
352,501
352,501
352,501
352,501
352,501
352,501
352,501
352,501
352,501
352,501
actor_past_trajectory
301
92,195
92,195
92,195
92,195
92,195
92,195
92,195
92,195
92,195
92,195
304
351,700
351,700
351,700
351,700
351,700
351,700
351,700
351,700
351,700
351,700
315
352,386
352,386
352,386
352,386
352,386
352,386
352,386
352,386
352,386
352,386
345
86,139
86,139
86,139
86,139
86,139
86,139
86,139
86,139
86,139
86,139
383
352,595
352,595
352,595
352,595
352,595
352,595
352,595
352,595
352,595
352,595
388
-112,196
-105,195
-94,195
-86,195
-76,196
-67,196
-58,195
-53,195
-46,195
-41,196
