time
5060.993829103994
hero_global_pos
28.953737258911133,-137.65245056152344
road_id
19
speed_limit
30.0
speed
0.0013210164277944346
traffic_light
None
translation_offset
3633.1371314525604,1941.8961005099118
angle
88.80551147460938
hero_past_trajectory
352,501
352,501
352,501
352,501
352,501
352,501
352,501
352,501
352,501
352,501
actor_past_trajectory
301
92,195
92,195
92,195
92,195
92,195
92,195
92,195
92,195
92,195
92,195
304
351,700
351,700
351,700
351,700
351,700
351,700
351,700
351,700
351,700
351,700
315
352,386
352,386
352,386
352,386
352,386
352,386
352,386
352,386
352,386
352,386
345
86,139
86,139
86,139
86,139
86,139
86,139
86,139
86,139
86,139
86,139
383
352,595
352,595
352,595
352,595
352,595
352,595
352,595
352,595
352,595
352,595
388
-94,195
-86,195
-76,196
-67,196
-58,195
-53,195
-46,195
-41,196
-35,196
-29,196
