time
5061.395961116876
hero_global_pos
28.953649520874023,-137.65245056152344
road_id
19
speed_limit
30.0
speed
0.004378586501171768
traffic_light
None
translation_offset
3633.1371046304703,1941.8970940448344
angle
88.80589294433594
hero_past_trajectory
352,501
352,501
352,501
352,501
352,501
352,501
352,501
352,501
352,501
352,501
actor_past_trajectory
301
92,195
92,195
92,195
92,195
92,195
92,195
92,195
92,195
92,195
92,195
304
351,700
351,700
351,700
351,700
351,700
351,700
351,700
351,700
351,700
351,700
315
352,386
352,386
352,386
352,386
352,386
352,386
352,386
352,386
352,386
352,386
345
86,139
86,139
86,139
86,139
86,139
86,139
86,139
86,139
86,139
86,139
383
352,595
352,595
352,595
352,595
352,595
352,595
352,595
352,595
352,595
352,595
388
-58,195
-53,195
-46,195
-41,196
-35,196
-29,196
-26,196
-21,196
-18,196
-17,196
