time
5061.527454719755
hero_global_pos
28.953636169433594,-137.65245056152344
road_id
19
speed_limit
30.0
speed
0.0012027527235691162
traffic_light
None
translation_offset
3633.137113571167,1941.8974494375288
angle
88.8060302734375
hero_past_trajectory
352,501
352,501
352,501
352,501
352,501
352,501
352,501
352,501
352,501
352,501
actor_past_trajectory
301
92,195
92,195
92,195
92,195
92,195
92,195
92,195
92,195
92,195
92,195
304
351,700
351,700
351,700
351,700
351,700
351,700
351,700
351,700
351,700
351,700
315
352,386
352,386
352,386
352,386
352,386
352,386
352,386
352,386
352,386
352,386
345
86,139
86,139
86,139
86,139
86,139
86,139
86,139
86,139
86,139
86,139
383
352,595
352,595
352,595
352,595
352,595
352,595
352,595
352,595
352,595
352,595
388
-53,195
-46,195
-41,196
-35,196
-29,196
-26,196
-21,196
-18,196
-17,196
-17,196
