time
5061.936659827705
hero_global_pos
28.95354652404785,-137.65245056152344
road_id
19
speed_limit
30.0
speed
0.0012006963263751168
traffic_light
None
translation_offset
3633.1370331048965,1941.8985485844314
angle
88.80645751953125
hero_past_trajectory
352,501
352,501
352,501
352,501
352,501
352,501
352,501
352,501
352,501
352,501
actor_past_trajectory
301
92,195
92,195
92,195
92,195
92,195
92,195
92,195
92,195
92,195
92,195
304
351,700
351,700
351,700
351,700
351,700
351,700
351,700
351,700
351,700
351,700
315
352,386
352,386
352,386
352,386
352,386
352,386
352,386
352,386
352,386
352,386
345
86,139
86,139
86,139
86,139
86,139
86,139
86,139
86,139
86,139
86,139
383
352,595
352,595
352,595
352,595
352,595
352,595
352,595
352,595
352,595
352,595
388
-29,196
-26,196
-21,196
-18,196
-17,196
-17,196
-17,196
-17,196
-17,196
-17,196
