time
5062.123629697475
hero_global_pos
28.953502655029297,-137.6524658203125
road_id
19
speed_limit
30.0
speed
0.007889573925975706
traffic_light
None
translation_offset
3633.1370241642,1941.899187285453
angle
88.80670166015625
hero_past_trajectory
352,501
352,501
352,501
352,501
352,501
352,501
352,501
352,501
352,501
352,501
actor_past_trajectory
301
92,195
92,195
92,195
92,195
92,195
92,195
92,195
92,195
92,195
92,195
304
351,700
351,700
351,700
351,700
351,700
351,700
351,700
351,700
351,700
351,700
315
352,386
352,386
352,386
352,386
352,386
352,386
352,386
352,386
352,386
352,386
345
86,139
86,139
86,139
86,139
86,139
86,139
86,139
86,139
86,139
86,139
383
352,595
352,595
352,595
352,595
352,595
352,595
352,595
352,595
352,595
352,595
388
-21,196
-18,196
-17,196
-17,196
-17,196
-17,196
-17,196
-17,196
-17,196
-17,196
