time
5064.29371897957
hero_global_pos
28.953142166137695,-137.65248107910156
road_id
19
speed_limit
30.0
speed
0.008837148632125669
traffic_light
None
translation_offset
3633.1368811130524,1941.904759015888
angle
88.80885314941406
hero_past_trajectory
352,501
352,501
352,501
352,501
352,501
352,501
352,501
352,501
352,501
352,501
actor_past_trajectory
301
92,195
92,195
92,195
92,195
92,195
92,195
92,195
92,195
92,195
92,195
304
351,700
351,700
351,700
351,700
351,700
351,700
351,700
351,700
351,700
351,700
315
352,386
352,386
352,386
352,386
352,386
352,386
352,386
352,386
352,386
352,386
345
86,139
86,139
86,139
86,139
86,139
86,139
86,139
86,139
86,139
86,139
383
352,595
352,595
352,595
352,595
352,595
352,595
352,595
352,595
352,595
352,595
388
-17,196
-17,196
-17,196
-17,196
-17,196
-17,196
-17,196
-17,196
-17,196
-17,196
