time
5065.321407914969
hero_global_pos
28.952924728393555,-137.65249633789062
road_id
19
speed_limit
30.0
speed
0.002398587973511131
traffic_light
None
translation_offset
3633.136854290962,1941.9077767804265
angle
88.81001281738281
hero_past_trajectory
352,501
352,501
352,501
352,501
352,501
352,501
352,501
352,501
352,501
352,501
actor_past_trajectory
301
92,195
92,195
92,195
92,195
92,195
92,195
92,195
92,195
92,195
92,195
304
351,700
351,700
351,700
351,700
351,700
351,700
351,700
351,700
351,700
351,700
315
352,386
352,386
352,386
352,386
352,386
352,386
352,386
352,386
352,386
352,386
345
86,139
86,139
86,139
86,139
86,139
86,139
86,139
86,139
86,139
86,139
383
352,595
352,595
352,595
352,595
352,595
352,595
352,595
352,595
352,595
352,595
388
-17,196
-17,196
-17,196
-17,196
-17,196
-17,196
-17,196
-17,196
-17,196
-17,196
