time
5065.43907007097
hero_global_pos
28.952903747558594,-137.65249633789062
road_id
19
speed_limit
30.0
speed
0.0008057321749172847
traffic_light
None
translation_offset
3633.1368453502655,1941.9080603681505
angle
88.81011962890625
hero_past_trajectory
352,501
352,501
352,501
352,501
352,501
352,501
352,501
352,501
352,501
352,501
actor_past_trajectory
301
92,195
92,195
92,195
92,195
92,195
92,195
92,195
92,195
92,195
92,195
304
351,700
351,700
351,700
351,700
351,700
351,700
351,700
351,700
351,700
351,700
315
352,386
352,386
352,386
352,386
352,386
352,386
352,386
352,386
352,386
352,386
345
86,139
86,139
86,139
86,139
86,139
86,139
86,139
86,139
86,139
86,139
383
352,595
352,595
352,595
352,595
352,595
352,595
352,595
352,595
352,595
352,595
388
-17,196
-17,196
-17,196
-17,196
-17,196
-17,196
-17,196
-17,196
-17,196
-17,196
