time
5066.454043371479
hero_global_pos
28.952680587768555,-137.6525115966797
road_id
19
speed_limit
30.0
speed
0.002301418679117009
traffic_light
None
translation_offset
3633.136702299118,1941.9108979217708
angle
88.81121826171875
hero_past_trajectory
352,501
352,501
352,501
352,501
352,501
352,501
352,501
352,501
352,501
352,501
actor_past_trajectory
301
92,195
92,195
92,195
92,195
92,195
92,195
92,195
92,195
92,195
92,195
304
351,700
351,700
351,700
351,700
351,700
351,700
351,700
351,700
351,700
351,700
315
352,386
352,386
352,386
352,386
352,386
352,386
352,386
352,386
352,386
352,386
345
86,139
86,139
86,139
86,139
86,139
86,139
86,139
86,139
86,139
86,139
383
352,595
352,595
352,595
352,595
352,595
352,595
352,595
352,595
352,595
352,595
388
-17,196
-17,196
-17,196
-17,196
-17,196
-17,196
-17,196
-17,196
-17,196
-17,196
