time
12804.144710559325
hero_global_pos
-73.32170867919922,140.2581329345703
road_id
210
speed_limit
30.0
speed
21.68545112503094
translation_offset
2199.6396017074585,6252.305637121201
angle
-21.36229705810547
hero_past_trajectory
362,584
357,569
356,563
354,555
352,540
352,535
351,530
350,520
351,510
351,510
actor_past_trajectory
519
431,757
428,750
427,747
425,743
422,737
421,734
420,731
418,727
417,723
417,723
528
10,274
10,274
10,274
10,274
10,274
10,274
10,274
10,274
10,274
10,274
533
481,307
481,307
481,307
481,307
481,307
481,307
481,307
481,307
481,307
481,307
545
300,410
294,395
293,389
290,383
286,370
284,364
282,360
279,352
277,343
277,343
549
692,218
692,218
692,218
692,218
692,218
692,218
692,218
692,218
692,218
692,218
574
587,262
587,262
587,262
587,262
587,262
587,262
587,262
587,262
587,262
587,262
577
361,735
357,724
355,720
353,715
349,704
347,699
346,695
342,687
339,677
339,677
580
306,597
299,579
297,572
293,563
287,548
284,540
283,534
278,523
273,511
273,511
595
173,494
158,491
151,491
143,490
131,489
124,489
119,489
111,489
102,490
102,490
