time
12804.257592599766
hero_global_pos
-73.0160903930664,139.75071716308594
road_id
210
speed_limit
30.0
speed
21.61857694807824
translation_offset
2213.7559294700623,6248.2237812280655
angle
-25.153167724609375
hero_past_trajectory
361,578
359,572
357,564
353,549
353,544
351,539
350,530
350,520
350,520
350,511
actor_past_trajectory
519
443,753
442,751
439,747
436,741
435,738
434,736
432,731
430,728
430,728
427,722
528
-4,307
-4,307
-4,307
-4,307
-4,307
-4,307
-4,307
-4,307
-4,307
-4,307
533
466,308
466,308
466,308
466,308
466,308
466,308
466,308
466,308
466,308
466,308
545
286,409
284,403
281,396
277,384
274,378
272,374
268,366
265,358
265,358
262,350
549
671,206
671,206
671,206
671,206
671,206
671,206
671,206
671,206
671,206
671,206
574
569,257
569,257
569,257
569,257
569,257
569,257
569,257
569,257
569,257
569,257
577
370,732
369,729
366,723
361,713
359,708
357,704
353,696
349,687
349,687
344,678
580
303,592
300,585
296,576
289,562
285,554
284,548
279,537
273,525
273,525
269,514
595
156,514
149,514
141,513
129,513
123,514
118,514
109,515
101,515
101,515
91,517
