time
5068.441819515887
hero_global_pos
28.952322006225586,-137.6525421142578
road_id
19
speed_limit
30.0
speed
0.012324832264575977
traffic_light
None
translation_offset
3633.136550307274,1941.9164338894188
angle
88.81333923339844
hero_past_trajectory
352,501
352,501
352,501
352,501
352,501
352,501
352,501
352,501
352,501
352,501
actor_past_trajectory
301
92,195
92,195
92,195
92,195
92,195
92,195
92,195
92,195
92,195
92,195
304
351,700
351,700
351,700
351,700
351,700
351,700
351,700
351,700
351,700
351,700
315
352,386
352,386
352,386
352,386
352,386
352,386
352,386
352,386
352,386
352,386
345
86,139
86,139
86,139
86,139
86,139
86,139
86,139
86,139
86,139
86,139
383
352,595
352,595
352,595
352,595
352,595
352,595
352,595
352,595
352,595
352,595
388
-17,196
-17,196
-17,196
-17,196
-17,196
-17,196
-17,196
-17,196
-17,196
-17,196
