time
5068.932909034069
hero_global_pos
28.952178955078125,-137.6525421142578
road_id
19
speed_limit
30.0
speed
0.004046822490289068
traffic_light
None
translation_offset
3633.136416196823,1941.917780302465
angle
88.81385803222656
hero_past_trajectory
352,501
352,501
352,501
352,501
352,501
352,501
352,501
352,501
352,501
352,501
actor_past_trajectory
301
92,195
92,195
92,195
92,195
92,195
92,195
92,195
92,195
92,195
92,195
304
351,700
351,700
351,700
351,700
351,700
351,700
351,700
351,700
351,700
351,700
315
352,386
352,386
352,386
352,386
352,386
352,386
352,386
352,386
352,386
352,386
345
86,139
86,139
86,139
86,139
86,139
86,139
86,139
86,139
86,139
86,139
383
352,595
352,595
352,595
352,595
352,595
352,595
352,595
352,595
352,595
352,595
388
-17,195
-17,195
-17,195
-17,195
-17,195
-17,195
-17,195
-17,195
-17,195
-17,195
