time
12804.478062022405
hero_global_pos
-72.3159408569336,138.79470825195312
road_id
210
speed_limit
30.0
speed
21.614749623177943
translation_offset
2241.6103944778442,6242.501166701317
angle
-32.50700759887695
hero_past_trajectory
363,582
358,567
357,562
355,557
353,548
351,538
351,538
350,529
350,520
351,510
actor_past_trajectory
519
469,753
465,747
464,744
462,742
459,738
457,734
457,734
454,729
451,725
447,719
528
-27,372
-27,372
-27,372
-27,372
-27,372
-27,372
-27,372
-27,372
-27,372
-27,372
533
439,314
439,314
439,314
439,314
439,314
439,314
439,314
439,314
439,314
439,314
545
267,425
261,413
257,407
255,404
250,396
246,388
246,388
242,382
237,374
232,366
549
629,186
629,186
629,186
629,186
629,186
629,186
629,186
629,186
629,186
629,186
574
535,250
535,250
535,250
535,250
535,250
535,250
535,250
535,250
535,250
535,250
577
393,738
387,729
384,724
382,720
377,713
372,704
372,704
366,697
361,689
356,681
580
305,601
296,588
291,580
289,575
283,564
276,553
276,553
270,543
263,532
257,521
595
143,558
131,560
125,561
120,562
112,564
103,566
103,566
94,568
85,571
76,574
