time
290.95297110596584
hero_global_pos
-145.51654052734375,16.311378479003906
road_id
22
is_junction
False
speed_limit
30.0
speed
0.00943705369321508
traffic_light
None
translation_offset
990.0329129703459,4259.000536441803
angle
-0.0125732421875
hero_past_trajectory
352,517
352,513
352,511
352,507
352,503
352,502
352,502
352,502
352,502
352,502
actor_past_trajectory
163
352,827
352,815
352,808
352,799
352,788
352,780
352,770
352,761
352,750
352,742
172
352,388
352,388
352,388
352,388
352,388
352,388
352,388
352,388
352,388
352,388
