time
291.09057965086686
hero_global_pos
-145.51654052734375,16.310941696166992
road_id
22
is_junction
False
speed_limit
30.0
speed
0.005112279812710117
traffic_light
None
translation_offset
990.0329130663886,4259.000098347664
angle
-0.0125732421875
hero_past_trajectory
352,511
352,507
352,503
352,502
352,502
352,502
352,502
352,502
352,502
352,502
actor_past_trajectory
163
352,808
352,799
352,788
352,780
352,770
352,761
352,750
352,742
352,732
352,725
172
352,388
352,388
352,388
352,388
352,388
352,388
352,388
352,388
352,388
352,388
