time
5070.133202184799
hero_global_pos
28.951982498168945,-137.65255737304688
road_id
19
speed_limit
30.0
speed
0.007220952276009351
traffic_light
None
translation_offset
3633.1364340782166,1941.9211537390947
angle
88.81515502929688
hero_past_trajectory
352,501
352,501
352,501
352,501
352,501
352,501
352,501
352,501
352,501
352,501
actor_past_trajectory
301
92,195
92,195
92,195
92,195
92,195
92,195
92,195
92,195
92,195
92,195
304
351,700
351,700
351,700
351,700
351,700
351,700
351,700
351,700
351,700
351,700
315
352,386
352,386
352,386
352,386
352,386
352,386
352,386
352,386
352,386
352,386
345
86,139
86,139
86,139
86,139
86,139
86,139
86,139
86,139
86,139
86,139
383
352,595
352,595
352,595
352,595
352,595
352,595
352,595
352,595
352,595
352,595
388
-17,195
-17,195
-17,195
-17,195
-17,195
-17,195
-17,195
-17,195
-17,195
-17,195
