time
291.3528926107465
hero_global_pos
-145.51654052734375,16.31068992614746
road_id
22
is_junction
False
speed_limit
30.0
speed
0.009184315529219802
traffic_light
None
translation_offset
990.0329130860337,4259.000008940697
angle
-0.0125732421875
hero_past_trajectory
352,503
352,502
352,502
352,502
352,502
352,502
352,502
352,502
352,502
352,502
actor_past_trajectory
163
352,788
352,780
352,770
352,761
352,750
352,742
352,732
352,725
352,718
352,705
172
352,388
352,388
352,388
352,388
352,388
352,388
352,388
352,388
352,388
352,388
