time
292.12889798687684
hero_global_pos
-145.51654052734375,16.310611724853516
road_id
22
is_junction
False
speed_limit
30.0
speed
0.006010402634605611
traffic_light
None
translation_offset
990.0329130882164,4259.0
angle
-0.0125732421875
hero_past_trajectory
352,502
352,502
352,502
352,502
352,502
352,502
352,502
352,502
352,502
352,502
actor_past_trajectory
163
352,718
352,705
352,697
352,687
352,679
352,668
352,663
352,653
352,647
352,641
172
352,388
352,388
352,388
352,388
352,388
352,388
352,388
352,388
352,388
352,388
