time
5071.294395106721
hero_global_pos
28.95174217224121,-137.65257263183594
road_id
19
speed_limit
30.0
speed
0.0019204644881929283
traffic_light
None
translation_offset
3633.136264204979,1941.9240619800985
angle
88.8162841796875
hero_past_trajectory
352,501
352,501
352,501
352,501
352,501
352,501
352,501
352,501
352,501
352,501
actor_past_trajectory
301
92,195
92,195
92,195
92,195
92,195
92,195
92,195
92,195
92,195
92,195
304
351,700
351,700
351,700
351,700
351,700
351,700
351,700
351,700
351,700
351,700
315
352,386
352,386
352,386
352,386
352,386
352,386
352,386
352,386
352,386
352,386
345
86,139
86,139
86,139
86,139
86,139
86,139
86,139
86,139
86,139
86,139
383
352,595
352,595
352,595
352,595
352,595
352,595
352,595
352,595
352,595
352,595
388
-17,195
-17,195
-17,195
-17,195
-17,195
-17,195
-17,195
-17,195
-17,195
-17,195
