time
292.5774883586346
hero_global_pos
-145.51654052734375,16.310606002807617
road_id
22
is_junction
False
speed_limit
30.0
speed
0.008281170649208478
traffic_light
None
translation_offset
990.0329130882164,4259.0
angle
-0.0125732421875
hero_past_trajectory
352,502
352,502
352,502
352,502
352,502
352,502
352,502
352,502
352,502
352,502
actor_past_trajectory
163
352,679
352,668
352,663
352,653
352,647
352,641
352,635
352,627
352,623
352,618
172
352,388
352,388
352,388
352,388
352,388
352,388
352,388
352,388
352,388
352,388
