time
5072.700933094013
hero_global_pos
28.95148468017578,-137.652587890625
road_id
19
speed_limit
30.0
speed
0.0025931346436773024
traffic_light
None
translation_offset
3633.1361837387085,1941.9280369579792
angle
88.81781005859375
hero_past_trajectory
352,501
352,501
352,501
352,501
352,501
352,501
352,501
352,501
352,501
352,501
actor_past_trajectory
301
92,195
92,195
93,195
94,195
97,195
101,195
105,195
109,195
113,195
118,196
304
351,700
351,700
351,700
351,700
351,700
351,700
351,700
351,700
351,700
351,700
315
352,386
352,386
352,386
352,386
352,386
352,386
352,386
352,386
352,386
352,386
345
86,139
87,139
88,139
91,139
95,139
100,139
105,139
111,139
115,139
121,140
383
352,595
352,595
352,595
352,595
352,595
352,595
352,595
352,595
352,595
352,595
388
-17,195
-17,195
-17,195
-17,195
-17,195
-17,195
-17,195
-17,195
-17,195
-15,195
