time
5072.998251641977
hero_global_pos
28.95142936706543,-137.652587890625
road_id
19
speed_limit
30.0
speed
0.028491109219532094
traffic_light
None
translation_offset
3633.136130094528,1941.928923483938
angle
88.81814575195312
hero_past_trajectory
352,501
352,501
352,501
352,501
352,501
352,501
352,501
352,501
352,501
352,501
actor_past_trajectory
301
94,195
97,195
101,195
105,195
109,195
113,195
118,196
127,195
133,195
142,196
304
351,700
351,700
351,700
351,700
351,700
351,700
351,700
351,700
351,700
351,700
315
352,386
352,386
352,386
352,386
352,386
352,386
352,386
352,386
352,386
352,386
345
91,139
95,139
100,139
105,139
111,139
115,139
121,140
132,139
139,139
150,139
383
352,595
352,595
352,595
352,595
352,595
352,595
352,595
352,595
352,595
352,595
388
-17,195
-17,195
-17,195
-17,195
-17,195
-17,195
-15,195
-12,195
-9,195
-3,195
