time
5073.237082570668
hero_global_pos
28.951383590698242,-137.652587890625
road_id
19
speed_limit
30.0
speed
0.004389483547282939
traffic_light
None
translation_offset
3633.1361479759216,1941.9295987859368
angle
88.81840515136719
hero_past_trajectory
352,501
352,501
352,501
352,501
352,501
352,501
352,501
352,501
352,501
352,501
actor_past_trajectory
301
101,195
105,195
109,195
113,195
118,196
127,195
133,195
142,196
152,197
163,199
304
351,700
351,700
351,700
351,700
351,700
351,700
351,700
351,700
351,700
351,700
315
352,386
352,386
352,386
352,386
352,386
352,386
352,386
352,386
352,386
352,386
345
100,139
105,139
111,139
115,139
122,140
132,139
139,139
150,139
161,138
172,137
383
352,595
352,595
352,595
352,595
352,595
352,595
352,595
352,595
352,595
352,595
388
-17,195
-17,195
-17,195
-17,195
-15,195
-12,195
-9,195
-3,195
1,196
10,196
