time
5073.476841512944
hero_global_pos
28.95135498046875,-137.652587890625
road_id
19
speed_limit
30.0
speed
0.009826288344369157
traffic_light
None
translation_offset
3633.136165857315,1941.9302735291421
angle
88.81866455078125
hero_past_trajectory
352,501
352,501
352,501
352,501
352,501
352,501
352,501
352,501
352,501
352,501
actor_past_trajectory
301
113,195
118,196
127,195
133,195
142,196
152,197
163,199
173,200
183,201
189,203
304
351,700
351,700
351,700
351,700
351,700
351,700
351,700
351,700
351,700
351,700
315
352,386
352,386
352,386
352,386
352,386
352,386
352,386
352,386
352,386
352,386
345
115,139
122,140
132,139
139,139
150,139
161,138
172,137
181,135
190,133
195,132
383
352,595
352,595
352,595
352,595
352,595
352,595
352,595
352,595
352,595
352,595
388
-17,195
-15,195
-12,195
-9,195
-3,195
1,196
10,196
17,196
25,196
30,195
