time
5073.927241632591
hero_global_pos
28.95124053955078,-137.65260314941406
road_id
19
speed_limit
30.0
speed
0.0014654597094029033
traffic_light
None
translation_offset
3633.136040687561,1941.9313363544643
angle
88.81907653808594
hero_past_trajectory
352,501
352,501
352,501
352,501
352,501
352,501
352,501
352,501
352,501
352,501
actor_past_trajectory
301
142,196
152,197
163,199
173,200
183,201
189,203
197,205
209,210
219,214
226,217
304
351,700
351,700
351,700
351,700
351,700
351,700
351,700
351,700
351,700
351,700
315
352,386
352,386
352,386
352,386
352,386
352,386
352,386
352,386
352,386
352,386
345
150,139
161,138
172,137
181,135
190,133
195,132
203,130
213,126
223,122
230,119
383
352,595
352,595
352,595
352,595
352,595
352,595
352,595
352,595
352,595
352,595
388
-3,195
1,196
10,196
17,196
25,196
30,195
37,195
46,196
56,196
62,196
