time
5073.987423046368
hero_global_pos
28.951242446899414,-137.65260314941406
road_id
19
speed_limit
30.0
speed
0.002638526999813713
traffic_light
None
translation_offset
3633.136040687561,1941.931620221585
angle
88.81918334960938
hero_past_trajectory
352,501
352,501
352,501
352,501
352,501
352,501
352,501
352,501
352,501
352,501
actor_past_trajectory
301
152,197
163,199
173,200
183,201
189,203
197,205
209,210
219,214
226,217
235,223
304
351,700
351,700
351,700
351,700
351,700
351,700
351,700
351,700
351,700
351,700
315
352,386
352,386
352,386
352,386
352,386
352,386
352,386
352,386
352,386
352,386
345
161,138
172,137
181,135
190,133
195,132
203,130
213,126
223,122
230,119
239,114
383
352,595
352,595
352,595
352,595
352,595
352,595
352,595
352,595
352,595
352,595
388
1,196
10,196
17,196
25,196
30,195
37,195
46,196
56,196
62,196
71,196
