time
5074.45225334807
hero_global_pos
28.951162338256836,-137.65260314941406
road_id
19
speed_limit
30.0
speed
0.013343064533123098
traffic_light
None
translation_offset
3633.1359959840775,1941.932791173458
angle
88.81964111328125
hero_past_trajectory
352,501
352,501
352,501
352,501
352,501
352,501
352,501
352,501
352,501
352,501
actor_past_trajectory
301
189,203
197,205
209,210
219,214
226,217
235,223
242,228
248,233
259,244
265,251
304
351,700
351,700
351,700
351,700
351,700
351,700
351,700
351,700
351,700
351,700
315
352,386
352,386
352,386
352,386
352,386
352,386
352,386
352,386
352,386
352,386
345
195,132
203,130
213,126
223,122
230,119
239,114
246,110
252,106
264,97
271,89
383
352,595
352,595
352,595
352,595
352,595
352,595
352,595
352,595
352,595
352,595
388
30,195
37,195
46,196
56,196
62,196
71,196
78,196
85,196
99,196
108,196
