time
5074.654195005882
hero_global_pos
28.951120376586914,-137.65261840820312
road_id
19
speed_limit
30.0
speed
0.008838831458759387
traffic_light
None
translation_offset
3633.1359870433807,1941.9333591870964
angle
88.81985473632812
hero_past_trajectory
352,501
352,501
352,501
352,501
352,501
352,501
352,501
352,501
352,501
352,501
actor_past_trajectory
301
209,210
219,214
226,217
235,223
242,228
248,233
259,244
265,251
269,256
272,262
304
351,700
351,700
351,700
351,700
351,700
351,700
351,700
351,700
351,700
351,700
315
352,386
352,386
352,386
352,386
352,386
352,386
352,386
352,386
352,386
352,386
345
213,126
223,122
230,119
239,114
246,110
252,106
264,97
271,89
276,84
282,77
383
352,595
352,595
352,595
352,595
352,595
352,595
352,595
352,595
352,595
352,595
388
46,196
56,196
62,196
71,196
78,196
85,196
99,196
108,196
116,196
126,196
