time
12805.085650292152
hero_global_pos
-69.69412231445312,136.74220275878906
road_id
210
speed_limit
30.0
speed
14.619505466680565
translation_offset
2326.736122250557,6251.229508280754
angle
-55.58530807495117
hero_past_trajectory
369,589
369,589
365,581
361,572
358,563
355,555
353,545
351,528
350,520
351,505
actor_past_trajectory
519
543,727
543,727
538,724
534,721
529,717
524,714
518,710
507,703
502,699
491,691
528
-44,585
-44,585
-44,585
-44,585
-44,585
-44,585
-44,585
-44,585
-44,585
-44,585
533
362,348
362,348
362,348
362,348
362,348
362,348
362,348
362,348
362,348
362,348
545
214,492
214,492
207,487
200,482
191,477
184,472
176,465
161,454
153,449
137,438
549
487,155
487,155
487,155
487,155
487,155
487,155
487,155
487,155
487,155
487,155
574
425,251
425,251
425,251
425,251
425,251
425,251
425,251
425,251
425,251
425,251
577
453,734
453,734
444,729
437,724
429,719
423,714
416,710
403,700
396,696
379,685
580
305,632
305,632
296,625
285,617
276,610
266,602
255,594
236,579
227,573
206,556
