time
5074.797071870293
hero_global_pos
28.951061248779297,-137.65261840820312
road_id
19
speed_limit
30.0
speed
0.0123861692628487
traffic_light
None
translation_offset
3633.1359065771103,1941.9337481074035
angle
88.82000732421875
hero_past_trajectory
352,501
352,501
352,501
352,501
352,501
352,501
352,501
352,501
352,501
352,501
actor_past_trajectory
301
219,214
226,217
235,223
242,228
248,233
259,244
265,251
269,256
272,262
275,268
304
351,700
351,700
351,700
351,700
351,700
351,700
351,700
351,700
351,700
351,700
315
352,386
352,386
352,386
352,386
352,386
352,386
352,386
352,386
352,386
352,386
345
223,122
230,119
239,114
246,110
252,106
264,97
271,89
276,84
282,77
288,70
383
352,595
352,595
352,595
352,595
352,595
352,595
352,595
352,595
352,595
352,595
388
56,196
62,196
71,196
78,196
85,196
99,196
108,196
116,196
126,196
135,196
