time
5074.976502615835
hero_global_pos
28.95102882385254,-137.65261840820312
road_id
19
speed_limit
30.0
speed
0.015850637932436566
traffic_light
None
translation_offset
3633.1359244585037,1941.9342099502683
angle
88.8201904296875
hero_past_trajectory
352,501
352,501
352,501
352,501
352,501
352,501
352,501
352,501
352,501
352,501
actor_past_trajectory
301
235,223
242,228
248,233
259,244
265,251
269,256
272,262
275,268
279,278
283,286
304
351,700
351,700
351,700
351,700
351,700
351,700
351,700
351,700
351,700
351,700
315
352,386
352,386
352,386
352,386
352,386
352,386
352,386
352,386
352,386
352,386
345
239,114
246,110
252,106
264,97
271,89
276,84
282,77
288,70
295,60
301,52
383
352,595
352,595
352,595
352,595
352,595
352,595
352,595
352,595
352,595
352,595
388
71,196
78,196
85,196
99,196
108,196
116,196
126,196
135,196
149,197
158,198
