time
5075.093758544761
hero_global_pos
28.95102310180664,-137.65261840820312
road_id
19
speed_limit
30.0
speed
0.011272770770718053
traffic_light
None
translation_offset
3633.135978102684,1941.9346726313233
angle
88.82035827636719
hero_past_trajectory
352,501
352,501
352,501
352,501
352,501
352,501
352,501
352,501
352,501
352,501
actor_past_trajectory
301
242,228
248,233
259,244
265,251
269,256
272,262
275,268
279,278
283,286
285,293
304
351,700
351,700
351,700
351,700
351,700
351,700
351,700
351,700
351,700
351,700
315
352,386
352,386
352,386
352,386
352,386
352,386
352,386
352,386
352,386
352,386
345
246,110
252,106
264,97
271,89
276,84
282,77
288,70
295,60
301,52
305,46
383
352,595
352,595
352,595
352,595
352,595
352,595
352,595
352,595
352,595
352,595
388
78,196
85,196
99,196
108,196
116,196
126,196
135,196
149,197
158,198
166,199
