time
5075.175834920134
hero_global_pos
28.950984954833984,-137.65261840820312
road_id
19
speed_limit
30.0
speed
0.009398471975055896
traffic_light
None
translation_offset
3633.135942339897,1941.934707276523
angle
88.82037353515625
hero_past_trajectory
352,501
352,501
352,501
352,501
352,501
352,501
352,501
352,501
352,501
352,501
actor_past_trajectory
301
248,233
259,244
265,251
269,256
272,262
275,268
279,278
283,286
285,293
288,305
304
351,700
351,700
351,700
351,700
351,700
351,700
351,700
351,700
351,700
351,700
315
352,386
352,386
352,386
352,386
352,386
352,386
352,386
352,386
352,386
352,386
345
252,106
264,97
271,89
276,84
282,77
288,70
295,60
301,52
305,46
309,36
383
352,595
352,595
352,595
352,595
352,595
352,595
352,595
352,595
352,595
352,595
388
85,196
99,196
108,196
116,196
126,196
135,196
149,197
158,198
166,199
178,200
