time
5075.354959716897
hero_global_pos
28.950918197631836,-137.65261840820312
road_id
19
speed_limit
30.0
speed
0.001211454432616878
traffic_light
None
translation_offset
3633.1359959840775,1941.9353831373155
angle
88.82063293457031
hero_past_trajectory
352,501
352,501
352,501
352,501
352,501
352,501
352,501
352,501
352,501
352,501
actor_past_trajectory
301
265,251
269,256
272,262
275,268
279,278
283,286
285,293
288,305
289,311
291,324
304
351,700
351,700
351,700
351,700
351,700
351,700
351,700
351,700
351,700
351,700
315
352,386
352,386
352,386
352,386
352,386
352,386
352,386
352,386
352,386
352,386
345
271,89
276,84
282,77
288,70
295,60
301,52
305,46
309,36
312,31
318,19
383
352,595
352,595
352,595
352,595
352,595
352,595
352,595
352,595
352,595
352,595
388
108,196
116,196
126,196
135,196
149,197
158,198
166,199
178,200
184,202
195,205
