time
5075.707881540868
hero_global_pos
28.950862884521484,-137.65261840820312
road_id
19
speed_limit
30.0
speed
0.003383426946622007
traffic_light
None
translation_offset
3633.136076450348,1941.936379186809
angle
88.82101440429688
hero_past_trajectory
352,501
352,501
352,501
352,501
352,501
352,501
352,501
352,501
352,501
352,501
actor_past_trajectory
301
275,268
279,278
283,286
285,293
288,305
289,311
291,324
291,331
293,341
294,355
304
351,700
351,700
351,700
351,700
351,700
351,700
351,700
351,700
351,700
351,700
315
352,386
352,386
352,386
352,386
352,386
352,386
352,386
352,386
352,386
352,386
345
288,70
295,60
301,52
305,46
309,36
312,31
318,19
320,14
324,6
329,-6
383
352,595
352,595
352,595
352,595
352,595
352,595
352,595
352,595
352,595
352,595
388
135,196
149,197
158,198
166,199
178,200
184,202
195,205
201,207
209,210
221,215
