time
12805.171043866241
hero_global_pos
-69.24201965332031,136.5426483154297
road_id
210
speed_limit
30.0
speed
14.856688280674245
translation_offset
2339.4023076295853,6255.475799918175
angle
-58.87809181213379
hero_past_trajectory
373,596
368,588
364,580
360,571
356,563
354,553
351,536
349,528
349,513
350,510
actor_past_trajectory
519
554,724
549,721
545,719
539,715
534,712
528,708
517,702
512,699
500,691
496,689
528
-40,616
-40,616
-40,616
-40,616
-40,616
-40,616
-40,616
-40,616
-40,616
-40,616
533
352,356
352,356
352,356
352,356
352,356
352,356
352,356
352,356
352,356
352,356
545
212,508
205,504
197,500
189,494
181,490
173,484
157,474
149,469
132,459
128,456
549
465,157
465,157
465,157
465,157
465,157
465,157
465,157
465,157
465,157
465,157
574
409,256
409,256
409,256
409,256
409,256
409,256
409,256
409,256
409,256
409,256
577
465,736
456,731
448,727
440,722
433,718
427,714
413,706
406,701
388,691
383,690
580
311,643
302,636
291,629
281,622
270,615
259,608
239,593
230,588
208,573
202,569
