time
5076.320374876137
hero_global_pos
28.950719833374023,-137.65261840820312
road_id
19
speed_limit
30.0
speed
0.0026268087087244927
traffic_light
None
translation_offset
3633.135915517807,1941.9380798749626
angle
88.82167053222656
hero_past_trajectory
352,501
352,501
352,501
352,501
352,501
352,501
352,501
352,501
352,501
352,501
actor_past_trajectory
301
291,324
291,331
293,341
294,355
294,364
295,376
296,383
296,393
296,403
295,413
304
351,700
351,700
351,700
351,700
351,700
351,700
351,700
351,700
351,700
351,700
315
352,386
352,386
352,386
352,386
352,386
352,386
352,386
352,386
352,386
352,386
383
352,595
352,595
352,595
352,595
352,595
352,595
352,595
352,595
352,595
352,595
388
195,205
201,207
209,210
221,215
228,218
238,224
243,228
252,235
258,242
265,250
