time
5076.618505854036
hero_global_pos
28.950674057006836,-137.6526336669922
road_id
19
speed_limit
30.0
speed
0.00785533808069531
traffic_light
None
translation_offset
3633.13587975502,1941.9387895427644
angle
88.82194519042969
hero_past_trajectory
352,501
352,501
352,501
352,501
352,501
352,501
352,501
352,501
352,501
352,501
actor_past_trajectory
301
294,355
294,364
295,376
296,383
296,393
296,403
295,413
295,423
296,431
296,440
304
351,700
351,700
351,700
351,700
351,700
351,700
351,700
351,700
351,700
351,700
315
352,386
352,386
352,386
352,386
352,386
352,386
352,386
352,386
352,386
352,386
383
352,595
352,595
352,595
352,595
352,595
352,595
352,595
352,595
352,595
352,595
388
221,215
228,218
238,224
243,228
252,235
258,242
265,250
270,257
273,261
277,268
