time
5076.905365664388
hero_global_pos
28.95060157775879,-137.6526336669922
road_id
19
speed_limit
30.0
speed
0.0035861155061982933
traffic_light
None
translation_offset
3633.1357724666595,1941.9395685009658
angle
88.82225036621094
hero_past_trajectory
352,501
352,501
352,501
352,501
352,501
352,501
352,501
352,501
352,501
352,501
actor_past_trajectory
301
296,383
296,393
296,403
295,413
295,423
296,431
296,440
296,450
296,457
295,468
304
351,700
351,700
351,700
351,700
351,700
351,700
351,700
351,700
351,700
351,700
315
352,386
352,386
352,386
352,386
352,386
352,386
352,386
352,386
352,386
352,386
383
352,595
352,595
352,595
352,595
352,595
352,595
352,595
352,595
352,595
352,595
388
243,228
252,235
258,242
265,250
270,257
273,261
277,268
280,274
283,278
286,285
