time
5077.056016748647
hero_global_pos
28.95056915283203,-137.6526336669922
road_id
19
speed_limit
30.0
speed
0.01422766943190814
traffic_light
None
translation_offset
3633.135790348053,1941.9398884102702
angle
88.82237243652344
hero_past_trajectory
352,501
352,501
352,501
352,501
352,501
352,501
352,501
352,501
352,501
352,501
actor_past_trajectory
301
296,393
296,403
295,413
295,423
296,431
296,440
296,450
296,457
295,468
295,475
304
351,700
351,700
351,700
351,700
351,700
351,700
351,700
351,700
351,700
351,700
315
352,386
352,386
352,386
352,386
352,386
352,386
352,386
352,386
352,386
352,386
383
352,595
352,595
352,595
352,595
352,595
352,595
352,595
352,595
352,595
352,595
388
252,235
258,242
265,250
270,257
273,261
277,268
280,274
283,278
286,285
287,289
