time
5077.133653971243
hero_global_pos
28.950531005859375,-137.6526336669922
road_id
19
speed_limit
30.0
speed
0.005051958248386279
traffic_light
None
translation_offset
3633.135754585266,1941.9401362352073
angle
88.82246398925781
hero_past_trajectory
352,501
352,501
352,501
352,501
352,501
352,501
352,501
352,501
352,501
352,501
actor_past_trajectory
301
296,403
295,413
295,423
296,431
296,440
296,450
296,457
295,468
295,475
296,489
304
351,700
351,700
351,700
351,700
351,700
351,700
351,700
351,700
351,700
351,700
315
352,386
352,386
352,386
352,386
352,386
352,386
352,386
352,386
352,386
352,386
383
352,595
352,595
352,595
352,595
352,595
352,595
352,595
352,595
352,595
352,595
388
258,242
265,250
270,257
273,261
277,268
280,274
283,278
286,285
287,289
289,300
