time
5077.670263546395
hero_global_pos
28.950439453125,-137.65264892578125
road_id
19
speed_limit
30.0
speed
0.0021572652687200894
traffic_light
None
translation_offset
3633.135727763176,1941.9418042339385
angle
88.82310485839844
hero_past_trajectory
352,501
352,501
352,501
352,501
352,501
352,501
352,501
352,501
352,501
352,501
actor_past_trajectory
301
296,450
296,457
295,468
295,475
296,489
296,495
296,507
295,513
295,521
296,534
304
351,700
351,700
351,700
351,700
351,700
351,700
351,700
351,700
351,700
351,700
315
352,386
352,386
352,386
352,386
352,386
352,386
352,386
352,386
352,386
352,386
383
352,595
352,595
352,595
352,595
352,595
352,595
352,595
352,595
352,595
352,595
388
280,274
283,278
286,285
287,289
289,300
290,306
291,317
292,323
294,332
294,347
