time
5077.72495562664
hero_global_pos
28.950429916381836,-137.65264892578125
road_id
19
speed_limit
30.0
speed
0.001435041738268261
traffic_light
None
translation_offset
3633.135727763176,1941.9418042339385
angle
88.82310485839844
hero_past_trajectory
352,501
352,501
352,501
352,501
352,501
352,501
352,501
352,501
352,501
352,501
actor_past_trajectory
301
296,457
295,468
295,475
296,489
296,495
296,507
295,513
295,521
296,534
296,543
304
351,700
351,700
351,700
351,700
351,700
351,700
351,700
351,700
351,700
351,700
315
352,386
352,386
352,386
352,386
352,386
352,386
352,386
352,386
352,386
352,386
383
352,595
352,595
352,595
352,595
352,595
352,595
352,595
352,595
352,595
352,595
388
283,278
286,285
287,289
289,300
290,306
291,317
292,323
294,332
294,347
294,357
