time
12805.370854937399
hero_global_pos
-68.56886291503906,136.30894470214844
road_id
210
speed_limit
30.0
speed
16.20395917299543
translation_offset
2355.659641981125,6262.928036689758
angle
-63.864707946777344
hero_past_trajectory
370,589
365,581
361,573
358,564
353,547
351,539
349,524
350,521
351,512
350,511
actor_past_trajectory
519
562,712
556,709
551,706
544,703
533,697
527,695
515,689
511,687
504,683
502,683
528
-30,660
-30,660
-30,660
-30,660
-30,660
-30,660
-30,660
-30,660
-30,660
-30,660
533
338,367
338,367
338,367
338,367
338,367
338,367
338,367
338,367
338,367
338,367
545
197,524
188,519
180,515
171,510
154,502
146,498
128,489
124,487
113,481
110,480
549
434,159
434,159
434,159
434,159
434,159
434,159
434,159
434,159
434,159
434,159
574
386,262
386,262
386,262
386,262
386,262
386,262
386,262
386,262
386,262
386,262
577
466,728
458,724
451,721
444,717
430,710
422,707
403,698
398,697
386,693
384,692
580
301,645
291,639
280,632
268,626
246,614
237,609
214,596
208,592
195,585
192,584
