time
5077.958787839736
hero_global_pos
28.950380325317383,-137.65264892578125
road_id
19
speed_limit
30.0
speed
0.01131644413279513
traffic_light
None
translation_offset
3633.135692000389,1941.9425139017403
angle
88.82337951660156
hero_past_trajectory
352,501
352,501
352,501
352,501
352,501
352,501
352,501
352,501
352,501
352,501
actor_past_trajectory
301
295,475
296,489
296,495
296,507
295,513
295,521
296,534
296,543
296,548
295,562
304
351,700
351,700
351,700
351,700
351,700
351,700
351,700
351,700
351,700
351,700
315
352,386
352,386
352,386
352,386
352,386
352,386
352,386
352,386
352,386
352,386
383
352,595
352,595
352,595
352,595
352,595
352,595
352,595
352,595
352,595
352,595
388
287,289
289,300
290,306
291,317
292,323
294,332
294,347
294,357
295,363
294,379
