time
5078.072210415143
hero_global_pos
28.950408935546875,-137.65264892578125
road_id
19
speed_limit
30.0
speed
0.015370871235065602
traffic_light
None
translation_offset
3633.135763525963,1941.9428704120219
angle
88.82351684570312
hero_past_trajectory
352,501
352,501
352,501
352,501
352,501
352,501
352,501
352,501
352,501
352,501
actor_past_trajectory
301
296,489
296,495
296,507
295,513
295,521
296,534
296,543
296,548
295,562
295,568
304
351,700
351,700
351,700
351,700
351,700
351,700
351,700
351,700
351,700
351,700
315
352,386
352,386
352,386
352,386
352,386
352,386
352,386
352,386
352,386
352,386
383
352,595
352,595
352,595
352,595
352,595
352,595
352,595
352,595
352,595
352,595
388
289,300
290,306
291,317
292,323
294,332
294,347
294,357
295,363
294,379
295,387
