time
5078.171172477181
hero_global_pos
28.950389862060547,-137.65264892578125
road_id
19
speed_limit
30.0
speed
0.007141636658535361
traffic_light
None
translation_offset
3633.1357367038727,1941.9431892037392
angle
88.82363891601562
hero_past_trajectory
352,501
352,501
352,501
352,501
352,501
352,501
352,501
352,501
352,501
352,501
actor_past_trajectory
301
296,495
296,507
295,513
295,521
296,534
296,543
296,548
295,562
295,568
296,580
304
351,700
351,700
351,700
351,700
351,700
351,700
351,700
351,700
351,700
351,700
315
352,386
352,386
352,386
352,386
352,386
352,386
352,386
352,386
352,386
352,386
383
352,595
352,595
352,595
352,595
352,595
352,595
352,595
352,595
352,595
352,595
388
290,306
291,317
292,323
294,332
294,347
294,357
295,363
294,379
295,387
295,400
