time
12805.517102573926
hero_global_pos
-68.0026626586914,136.14683532714844
road_id
210
speed_limit
30.0
speed
17.675965706870457
translation_offset
2368.635006546974,6268.729741334915
angle
-67.55443000793457
hero_past_trajectory
369,589
365,582
361,573
355,556
353,548
350,533
350,530
351,522
350,520
351,509
actor_past_trajectory
519
568,705
563,702
556,700
544,695
539,692
526,687
522,686
515,683
513,683
503,679
528
-19,694
-19,694
-19,694
-19,694
-19,694
-19,694
-19,694
-19,694
-19,694
-19,694
533
329,378
329,378
329,378
329,378
329,378
329,378
329,378
329,378
329,378
329,378
545
189,539
180,536
172,531
154,524
146,520
127,513
123,511
112,506
109,505
97,500
549
411,164
411,164
411,164
411,164
411,164
411,164
411,164
411,164
411,164
411,164
574
370,270
370,270
370,270
370,270
370,270
370,270
370,270
370,270
370,270
370,270
577
472,726
464,723
457,720
442,714
435,711
415,704
410,703
397,700
395,699
380,696
580
299,652
287,646
275,641
253,630
244,626
220,614
213,611
200,604
197,603
182,597
