time
5078.867909368004
hero_global_pos
28.95024871826172,-137.6526641845703
road_id
19
speed_limit
30.0
speed
0.011622958336303082
traffic_light
None
translation_offset
3633.1356830596924,1941.9448926858604
angle
88.82429504394531
hero_past_trajectory
352,501
352,501
352,501
352,501
352,501
352,501
352,501
352,501
352,501
352,501
actor_past_trajectory
301
295,562
295,568
296,580
296,588
296,598
295,604
295,614
296,624
296,632
296,642
304
351,700
351,700
351,700
351,700
351,700
351,700
351,700
351,700
351,700
351,700
315
352,386
352,386
352,386
352,386
352,386
352,386
352,386
352,386
352,386
352,386
383
352,595
352,595
352,595
352,595
352,595
352,595
352,595
352,595
352,595
352,595
388
294,379
295,387
295,400
295,408
295,419
295,426
295,436
295,446
295,455
295,464
