time
300.070248705837
hero_global_pos
-145.51617431640625,15.439270973205566
road_id
22
is_junction
False
speed_limit
30.0
speed
9.784165147676543
traffic_light
None
translation_offset
990.0424958823714,4245.005766749382
angle
-0.0162353515625
hero_past_trajectory
352,516
352,516
352,516
352,516
352,516
352,515
352,514
352,512
352,508
352,505
actor_past_trajectory
163
352,626
352,626
352,626
352,626
352,626
352,626
352,626
352,626
352,626
352,626
172
352,401
352,398
352,396
352,393
352,388
352,382
353,377
353,373
353,368
353,362
