time
5079.268391759011
hero_global_pos
28.95016098022461,-137.6526641845703
road_id
19
speed_limit
30.0
speed
0.002193620223223713
traffic_light
None
translation_offset
3633.1356115341187,1941.9462404958904
angle
88.82481384277344
hero_past_trajectory
352,501
352,501
352,501
352,501
352,501
352,501
352,501
352,501
352,501
352,501
actor_past_trajectory
301
296,598
295,604
295,614
296,624
296,632
296,642
295,651
295,658
295,668
296,677
304
351,700
351,700
351,700
351,700
351,700
351,700
351,700
351,700
351,700
351,700
315
352,386
352,386
352,386
352,386
352,386
352,386
352,386
352,386
352,386
352,386
383
352,595
352,595
352,595
352,595
352,595
352,595
352,595
352,595
352,595
352,595
388
295,419
295,426
295,436
295,446
295,455
295,464
294,473
295,481
295,491
295,501
