time
300.77967227766203
hero_global_pos
-145.51486206054688,12.659098625183105
road_id
22
is_junction
False
speed_limit
30.0
speed
14.372379240279756
traffic_light
Green
translation_offset
990.0719123723684,4200.00008046627
angle
-0.0274658203125
hero_past_trajectory
352,557
352,553
352,550
352,547
352,541
352,535
352,530
352,524
352,514
352,508
actor_past_trajectory
163
352,671
352,671
352,671
352,671
352,670
352,667
352,664
352,661
352,657
352,651
172
353,418
353,413
353,407
354,403
355,397
357,387
359,380
361,372
365,364
372,354
