time
5079.809271374594
hero_global_pos
28.950040817260742,-137.65267944335938
road_id
19
speed_limit
30.0
speed
0.017318444711641588
traffic_light
None
translation_offset
3633.135566830635,1941.9474821351469
angle
88.82530212402344
hero_past_trajectory
352,501
352,501
352,501
352,501
352,501
352,501
352,501
352,501
352,501
352,501
actor_past_trajectory
301
296,642
295,651
295,658
295,668
296,677
296,684
295,695
295,705
295,714
296,723
304
351,700
351,700
351,700
351,700
351,700
351,700
351,700
351,700
351,700
351,700
315
352,386
352,386
352,386
352,386
352,386
352,386
352,386
352,386
352,386
352,386
383
352,595
352,595
352,595
352,595
352,595
352,595
352,595
352,595
352,595
352,595
388
295,464
294,473
295,481
295,491
295,501
295,508
294,519
295,528
295,538
295,547
