time
12805.621802602822
hero_global_pos
-67.75833892822266,136.08401489257812
road_id
210
speed_limit
30.0
speed
18.304481100276707
translation_offset
2374.013509988785,6271.1857587099075
angle
-68.9757194519043
hero_past_trajectory
366,585
362,576
356,560
353,553
351,538
351,534
351,526
350,525
350,513
351,506
actor_past_trajectory
519
567,701
561,699
549,694
543,692
530,687
526,685
519,683
516,683
507,679
499,676
528
-15,707
-15,707
-15,707
-15,707
-15,707
-15,707
-15,707
-15,707
-15,707
-15,707
533
326,382
326,382
326,382
326,382
326,382
326,382
326,382
326,382
326,382
326,382
535
625,781
617,779
602,773
597,772
585,767
582,767
573,764
572,763
561,759
550,755
545
181,544
172,540
154,533
146,530
127,522
122,521
111,516
108,515
96,511
85,506
549
402,166
402,166
402,166
402,166
402,166
402,166
402,166
402,166
402,166
402,166
574
364,274
364,274
364,274
364,274
364,274
364,274
364,274
364,274
364,274
364,274
577
469,725
462,722
447,716
439,713
419,707
414,706
402,703
400,702
385,700
372,698
580
291,652
278,647
256,636
246,633
222,621
215,618
202,612
199,611
184,605
173,601
