time
5079.992844210814
hero_global_pos
28.94998550415039,-137.65267944335938
road_id
19
speed_limit
30.0
speed
0.0035742351856985527
traffic_light
None
translation_offset
3633.1354863643646,1941.9480487518013
angle
88.82551574707031
hero_past_trajectory
352,501
352,501
352,501
352,501
352,501
352,501
352,501
352,501
352,501
352,501
actor_past_trajectory
301
295,658
295,668
296,677
296,684
295,695
295,705
295,714
296,723
296,732
296,737
304
351,700
351,700
351,700
351,700
351,700
351,700
351,700
351,700
351,700
351,700
315
352,386
352,386
352,386
352,386
352,386
352,386
352,386
352,386
352,386
352,386
383
352,595
352,595
352,595
352,595
352,595
352,595
352,595
352,595
352,595
352,595
388
295,481
295,491
295,501
295,508
294,519
295,528
295,538
295,547
294,557
294,562
