time
301.385174789968
hero_global_pos
-145.51348876953125,9.800042152404785
road_id
22
is_junction
False
speed_limit
30.0
speed
20.31466625953942
traffic_light
Green
translation_offset
990.0866092887009,4155.002825260162
angle
-0.0330810546875
hero_past_trajectory
352,575
352,569
352,559
352,553
352,547
352,541
352,533
352,526
352,517
352,510
actor_past_trajectory
163
352,709
352,706
352,702
352,696
352,690
352,684
352,676
352,669
352,665
352,656
172
359,425
361,417
365,409
372,399
377,392
385,384
394,377
402,372
409,368
422,362
