time
301.7027853033869
hero_global_pos
-145.5111083984375,7.888148784637451
road_id
22
is_junction
False
speed_limit
30.0
speed
22.74743096050437
traffic_light
Green
translation_offset
990.1785184373148,4124.002458691597
angle
-0.0681915283203125
hero_past_trajectory
352,584
352,578
352,572
352,564
352,557
352,548
352,541
352,533
352,525
352,513
actor_past_trajectory
163
352,727
352,721
352,715
352,707
352,700
352,696
352,687
352,681
352,675
352,669
172
372,430
377,423
385,415
394,408
402,403
409,399
422,393
432,390
440,387
450,385
