time
5080.815170375507
hero_global_pos
28.949848175048828,-137.65267944335938
road_id
19
speed_limit
30.0
speed
0.0029076926320243442
traffic_light
None
translation_offset
3633.135531067848,1941.9503931701183
angle
88.826416015625
hero_past_trajectory
352,501
352,501
352,501
352,501
352,501
352,501
352,501
352,501
352,501
352,501
actor_past_trajectory
304
351,700
351,700
351,700
351,700
351,700
351,700
351,700
351,700
351,700
351,700
315
352,386
352,386
352,386
352,386
352,386
352,386
352,386
352,386
352,386
352,386
383
352,595
352,595
352,595
352,595
352,595
352,595
352,595
352,595
352,595
352,595
388
294,557
294,562
295,575
295,584
295,590
295,599
294,609
294,616
295,626
295,636
