time
301.984114590603
hero_global_pos
-145.35159301757812,5.980886936187744
road_id
22
is_junction
False
speed_limit
30.0
speed
22.71839169558321
traffic_light
Green
translation_offset
1005.0079379528761,4094.4815727472305
angle
-4.59161376953125
hero_past_trajectory
356,594
356,587
355,578
355,571
354,563
353,555
352,543
351,532
352,522
351,512
actor_past_trajectory
163
368,736
367,730
367,726
366,717
366,711
365,705
365,699
364,688
363,680
363,674
172
386,435
393,429
400,425
412,418
422,414
430,410
440,408
456,404
466,402
475,401
