time
302.08460401886987
hero_global_pos
-145.25128173828125,5.502387523651123
road_id
22
is_junction
False
speed_limit
30.0
speed
22.347368678128223
traffic_light
Green
translation_offset
1012.2045929133892,4087.1087983846664
angle
-6.9708251953125
hero_past_trajectory
359,595
358,586
357,579
356,571
355,563
354,551
353,540
352,530
351,520
352,510
actor_past_trajectory
163
377,737
376,733
375,724
374,718
374,712
373,706
372,695
371,687
370,681
369,671
172
390,436
397,431
409,424
418,419
426,415
436,412
451,408
462,405
471,404
485,401
