time
5081.544397251557
hero_global_pos
28.949710845947266,-137.65269470214844
road_id
19
speed_limit
30.0
speed
0.012199993253582946
traffic_light
None
translation_offset
3633.135477423668,1941.9524157233536
angle
88.82719421386719
hero_past_trajectory
352,501
352,501
352,501
352,501
352,501
352,501
352,501
352,501
352,501
352,501
actor_past_trajectory
304
351,700
351,700
351,700
351,700
351,700
351,700
351,700
351,700
351,700
351,700
315
352,386
352,386
352,386
352,386
352,386
352,386
352,386
352,386
352,386
352,386
383
352,595
352,595
352,595
352,595
352,595
352,595
352,595
352,595
352,595
352,595
388
294,616
295,626
295,636
294,646
294,652
294,663
294,671
295,683
295,691
294,700
