time
302.67741215186106
hero_global_pos
-143.47535705566406,2.643033981323242
road_id
810
is_junction
True
speed_limit
30.0
speed
21.269215495816503
traffic_light
Green
translation_offset
1113.5740857124329,4070.434265732765
angle
-37.14485549926758
hero_past_trajectory
376,589
371,580
365,572
361,563
357,556
353,544
351,537
351,528
350,521
351,509
actor_past_trajectory
163
471,713
466,707
462,702
456,694
452,689
446,681
442,675
437,669
433,664
427,655
172
395,425
403,417
410,412
421,402
428,397
439,387
447,381
456,374
463,369
477,359
