time
302.9013996119975
hero_global_pos
-142.4210662841797,1.8554714918136597
road_id
810
is_junction
True
speed_limit
30.0
speed
21.789133261641478
traffic_light
Green
translation_offset
1152.3253971338272,4078.587221980095
angle
-48.48979949951172
hero_past_trajectory
376,589
370,581
365,575
359,564
355,557
353,549
352,542
350,530
350,523
350,508
actor_past_trajectory
163
497,697
490,691
484,686
477,679
472,675
466,669
461,665
453,658
448,654
442,649
172
389,423
397,411
403,405
413,393
419,385
427,377
433,370
444,358
450,351
457,343
