time
12805.810068680832
hero_global_pos
-66.2497329711914,135.7825927734375
road_id
210
speed_limit
30.0
speed
21.73861526178904
translation_offset
2403.6784427165985,6284.257249236107
angle
-76.21458053588867
hero_past_trajectory
362,583
359,576
354,562
354,559
353,550
352,549
351,537
351,530
351,526
351,513
actor_past_trajectory
519
570,692
565,691
551,687
547,686
539,685
537,685
527,683
519,680
516,680
505,677
533
310,411
310,411
310,411
310,411
310,411
310,411
310,411
310,411
310,411
310,411
535
633,764
628,763
616,760
612,760
604,758
603,758
591,755
579,752
575,751
560,747
545
159,582
150,580
131,575
126,574
114,571
111,570
99,567
87,564
82,563
67,559
549
359,187
359,187
359,187
359,187
359,187
359,187
359,187
359,187
359,187
359,187
574
334,299
334,299
334,299
334,299
334,299
334,299
334,299
334,299
334,299
334,299
577
472,727
465,725
444,721
439,721
426,719
424,719
408,718
396,718
391,719
376,721
580
273,672
263,669
237,661
230,659
216,655
213,654
198,650
186,647
181,646
168,642
