time
302.9586200430422
hero_global_pos
-142.01974487304688,1.6227270364761353
road_id
810
is_junction
True
speed_limit
30.0
speed
21.867886568095688
traffic_light
None
translation_offset
1164.5422748327255,4082.088940382004
angle
-52.211997985839844
hero_past_trajectory
375,587
369,581
362,571
358,564
356,556
354,549
351,537
351,530
350,516
351,509
actor_past_trajectory
115
742,-32
742,-32
742,-32
742,-32
742,-32
742,-32
742,-32
742,-32
742,-32
742,-32
163
501,688
496,684
488,678
482,674
476,669
471,665
462,658
458,655
451,650
443,643
172
391,416
397,409
405,396
411,388
418,380
423,373
434,359
439,352
446,343
456,330
