time
5082.112988511908
hero_global_pos
28.9495849609375,-137.65269470214844
road_id
19
speed_limit
30.0
speed
0.00894479802008643
traffic_light
None
translation_offset
3633.135343313217,1941.9540107995272
angle
88.82780456542969
hero_past_trajectory
352,501
352,501
352,501
352,501
352,501
352,501
352,501
352,501
352,501
352,501
actor_past_trajectory
304
351,700
351,700
351,700
351,700
351,700
351,700
351,700
351,700
351,700
351,700
315
352,386
352,386
352,386
352,386
352,386
352,386
352,386
352,386
352,386
352,386
383
352,595
352,595
352,595
352,595
352,595
352,595
352,595
352,595
352,595
352,595
