time
303.34416378246533
hero_global_pos
-140.04087829589844,0.8226293921470642
road_id
810
is_junction
True
speed_limit
30.0
speed
21.627970902157546
traffic_light
None
translation_offset
1215.927296757698,4102.042596101761
angle
-66.85558128356934
hero_past_trajectory
373,595
369,587
365,581
360,571
357,564
353,550
353,544
351,533
351,523
352,511
actor_past_trajectory
163
521,670
513,667
508,664
498,660
492,658
485,654
475,650
469,648
458,643
446,638
172
380,412
384,402
388,393
394,378
398,369
402,359
409,344
413,334
420,319
427,304
