time
303.4136981736301
hero_global_pos
-139.62103271484375,0.7082856297492981
road_id
810
is_junction
True
speed_limit
30.0
speed
21.417166559180387
traffic_light
None
translation_offset
1224.263545513153,4105.839435398579
angle
-69.24304962158203
hero_past_trajectory
372,593
368,587
362,576
359,570
355,557
354,550
352,539
351,530
352,517
352,508
actor_past_trajectory
163
520,666
514,664
504,660
498,658
491,655
480,651
475,649
464,645
451,640
443,637
172
380,407
383,398
389,382
392,374
396,364
402,348
405,338
412,323
418,307
423,296
