time
5082.395215396646
hero_global_pos
28.94953727722168,-137.65269470214844
road_id
19
speed_limit
30.0
speed
0.010852201383616918
traffic_light
None
translation_offset
3633.1353701353073,1941.9546863809228
angle
88.82806396484375
hero_past_trajectory
352,501
352,501
352,501
352,501
352,501
352,501
352,501
352,501
352,501
352,501
actor_past_trajectory
304
351,700
351,700
351,700
351,700
351,700
351,700
351,700
351,700
351,700
351,700
315
352,386
352,386
352,386
352,386
352,386
352,386
352,386
352,386
352,386
352,386
383
352,595
352,595
352,595
352,595
352,595
352,595
352,595
352,595
352,595
352,595
