time
5082.598726096439
hero_global_pos
28.949474334716797,-137.65269470214844
road_id
19
speed_limit
30.0
speed
0.0
traffic_light
None
translation_offset
3633.135379076004,1941.9553608447313
angle
88.82832336425781
hero_past_trajectory
352,501
352,501
352,501
352,501
352,501
352,501
352,501
352,501
352,501
352,501
actor_past_trajectory
304
351,700
351,700
351,700
351,700
351,700
351,700
351,700
351,700
351,700
351,700
315
352,386
352,386
352,386
352,386
352,386
352,386
352,386
352,386
352,386
352,386
383
352,595
352,595
352,595
352,595
352,595
352,595
352,595
352,595
352,595
352,595
