time
303.8103385060458
hero_global_pos
-137.3191680908203,0.34895917773246765
road_id
810
is_junction
True
speed_limit
30.0
speed
20.836199385047557
traffic_light
None
translation_offset
1268.9503631591797,4128.289123505354
angle
-80.5179033279419
hero_past_trajectory
365,592
363,586
359,576
356,567
354,554
353,546
352,539
351,531
352,517
352,510
actor_past_trajectory
163
518,663
507,661
501,660
489,658
476,656
468,654
461,653
452,651
438,649
429,648
172
368,395
371,378
372,369
376,352
379,335
381,323
382,314
384,303
387,284
389,273
