time
5082.802177317317
hero_global_pos
28.949420928955078,-137.65269470214844
road_id
19
speed_limit
30.0
speed
0.00126757588210379
traffic_light
None
translation_offset
3633.1353075504303,1941.9557855278254
angle
88.8284912109375
hero_past_trajectory
352,501
352,501
352,501
352,501
352,501
352,501
352,501
352,501
352,501
352,501
actor_past_trajectory
304
351,700
351,700
351,700
351,700
351,700
351,700
351,700
351,700
351,700
351,700
315
352,386
352,386
352,386
352,386
352,386
352,386
352,386
352,386
352,386
352,386
383
352,595
352,595
352,595
352,595
352,595
352,595
352,595
352,595
352,595
352,595
