time
304.4243159848629
hero_global_pos
-133.53318786621094,0.2013300657272339
road_id
68
is_junction
False
speed_limit
30.0
speed
19.949493486453413
traffic_light
Red
translation_offset
1329.9337404966354,4146.543964020908
angle
-88.29766845703125
hero_past_trajectory
357,598
355,590
354,576
353,569
352,561
352,548
352,541
352,530
351,520
352,510
actor_past_trajectory
115
371,-25
371,-25
371,-25
371,-25
371,-25
371,-25
371,-25
371,-25
371,-25
371,-25
163
480,696
471,696
457,695
448,695
440,695
430,694
418,694
407,694
396,693
390,693
172
357,371
357,359
358,340
358,329
358,318
359,305
359,289
360,273
360,258
360,251
