time
5083.398688424255
hero_global_pos
28.94931411743164,-137.6527099609375
road_id
19
speed_limit
30.0
speed
0.0069997868923884045
traffic_light
None
translation_offset
3633.13525390625,1941.95755969733
angle
88.82917785644531
hero_past_trajectory
352,501
352,501
352,501
352,501
352,501
352,501
352,501
352,501
352,501
352,501
actor_past_trajectory
304
351,700
351,700
351,700
351,700
351,700
351,700
351,700
351,700
351,700
351,700
315
352,386
352,386
352,386
352,386
352,386
352,386
352,386
352,386
352,386
352,386
383
352,595
352,595
352,595
352,595
352,595
352,595
352,595
352,595
352,595
352,595
