time
304.6675850949614
hero_global_pos
-132.48638916015625,0.19700385630130768
road_id
68
is_junction
False
speed_limit
30.0
speed
20.49361598548598
traffic_light
Red
translation_offset
1348.9856859445572,4148.928313165903
angle
-89.20864868164062
hero_past_trajectory
355,595
354,588
353,580
352,567
352,560
352,549
351,539
352,529
352,519
352,515
actor_past_trajectory
115
362,-6
362,-6
362,-6
362,-6
362,-6
362,-6
362,-6
362,-6
362,-6
362,-6
163
460,713
451,712
443,712
433,712
421,712
410,712
399,712
393,712
379,711
374,711
172
355,359
355,348
355,337
355,324
356,308
356,292
356,277
356,270
357,251
358,243
