time
5083.631601108114
hero_global_pos
28.949254989624023,-137.6527099609375
road_id
19
speed_limit
30.0
speed
0.005675808417974438
traffic_light
None
translation_offset
3633.1352092027664,1941.9581626355648
angle
88.82940673828125
hero_past_trajectory
352,501
352,501
352,501
352,501
352,501
352,501
352,501
352,501
352,501
352,501
actor_past_trajectory
304
351,700
351,700
351,700
351,700
351,700
351,700
351,700
351,700
351,700
351,700
315
352,386
352,386
352,386
352,386
352,386
352,386
352,386
352,386
352,386
352,386
383
352,595
352,595
352,595
352,595
352,595
352,595
352,595
352,595
352,595
352,595
