time
304.963566958475
hero_global_pos
-130.78172302246094,0.20000874996185303
road_id
68
is_junction
False
speed_limit
30.0
speed
20.7443214301137
traffic_light
None
translation_offset
1375.999812245369,4150.791634443682
angle
-89.92041016370058
hero_past_trajectory
353,594
353,587
353,576
352,566
352,556
352,546
352,542
352,529
352,524
352,510
actor_past_trajectory
115
356,20
356,20
356,20
356,20
356,20
356,20
356,20
356,20
356,20
356,20
163
436,738
424,738
413,738
402,738
396,738
382,738
377,738
363,738
357,738
346,738
172
353,351
353,335
353,319
353,304
353,297
354,278
354,270
354,252
354,245
354,230
