time
5084.443692000459
hero_global_pos
28.94910430908203,-137.65272521972656
road_id
19
speed_limit
30.0
speed
0.014684385235361773
traffic_light
None
translation_offset
3633.1352092027664,1941.9602217897773
angle
88.8302001953125
hero_past_trajectory
352,501
352,501
352,501
352,501
352,501
352,501
352,501
352,501
352,501
352,501
actor_past_trajectory
304
351,700
351,700
351,700
351,700
351,700
351,700
351,700
351,700
351,700
351,700
315
352,386
352,386
352,386
352,386
352,386
352,386
352,386
352,386
352,386
352,386
383
352,595
352,595
352,595
352,595
352,595
352,595
352,595
352,595
352,595
352,595
