time
305.75640449816274
hero_global_pos
-126.20132446289062,0.22813571989536285
road_id
68
is_junction
False
speed_limit
30.0
speed
20.019869949301693
traffic_light
None
translation_offset
1448.9969512224197,4151.95377410762
angle
-90.36431738734245
hero_past_trajectory
353,597
353,583
352,575
352,565
352,557
352,548
352,537
352,531
352,520
352,511
actor_past_trajectory
115
352,93
352,93
352,93
352,93
352,93
352,93
352,93
352,93
352,93
352,93
172
353,318
353,303
353,292
353,281
353,273
352,264
352,255
352,249
352,241
352,235
