time
5084.878528563182
hero_global_pos
28.948976516723633,-137.65272521972656
road_id
19
speed_limit
30.0
speed
0.001159579153502763
traffic_light
None
translation_offset
3633.1351108551025,1941.9616048038006
angle
88.83073425292969
hero_past_trajectory
352,501
352,501
352,501
352,501
352,501
352,501
352,501
352,501
352,501
352,501
actor_past_trajectory
304
351,700
351,700
351,700
351,700
351,700
351,700
351,700
351,700
351,700
351,700
315
352,386
352,386
352,386
352,386
352,386
352,386
352,386
352,386
352,386
352,386
383
352,595
352,595
352,595
352,595
352,595
352,595
352,595
352,595
352,595
352,595
