time
5084.97637060086
hero_global_pos
28.948974609375,-137.65272521972656
road_id
19
speed_limit
30.0
speed
0.01581264146633081
traffic_light
None
translation_offset
3633.135155558586,1941.9618895091116
angle
88.83084106445312
hero_past_trajectory
352,501
352,501
352,501
352,501
352,501
352,501
352,501
352,501
352,501
352,501
actor_past_trajectory
304
351,700
351,700
351,700
351,700
351,700
351,700
351,700
351,700
351,700
351,700
315
352,386
352,386
352,386
352,386
352,386
352,386
352,386
352,386
352,386
352,386
383
352,595
352,595
352,595
352,595
352,595
352,595
352,595
352,595
352,595
352,595
