time
306.2477235100596
hero_global_pos
-123.5243148803711,0.24470146000385284
road_id
68
is_junction
False
speed_limit
30.0
speed
20.577036711493676
traffic_light
None
translation_offset
1491.997130036354,4152.923872785643
angle
-90.35289570689201
hero_past_trajectory
352,591
351,580
351,574
351,563
351,554
351,545
352,537
352,529
352,517
352,511
actor_past_trajectory
115
352,136
352,136
352,136
352,136
352,136
352,136
352,136
352,136
352,136
352,136
172
352,307
352,298
352,292
352,284
352,278
352,272
352,267
352,264
351,258
351,256
