time
306.581463191229
hero_global_pos
-121.51361846923828,0.25633710622787476
road_id
68
is_junction
False
speed_limit
30.0
speed
20.22058100503822
traffic_light
None
translation_offset
1523.9974608421326,4152.873258593492
angle
-90.33356210589409
hero_past_trajectory
352,595
351,586
351,577
352,569
352,561
352,549
352,543
352,534
352,522
352,514
actor_past_trajectory
115
352,168
352,168
352,168
352,168
352,168
352,168
352,168
352,168
352,168
352,168
168
136,-26
136,-26
136,-26
136,-26
136,-26
136,-26
136,-26
136,-26
136,-26
136,-26
172
352,316
352,310
352,304
352,299
352,296
352,290
352,288
352,286
352,285
352,285
