time
306.7691122847973
hero_global_pos
-120.60294342041016,0.2614150643348694
road_id
68
is_junction
False
speed_limit
30.0
speed
20.02392036640313
traffic_light
None
translation_offset
1538.9975591897964,4152.8528710808605
angle
-90.32577455043793
hero_past_trajectory
352,592
352,584
352,576
352,564
352,558
352,549
352,537
352,529
352,517
352,510
actor_past_trajectory
115
352,183
352,183
352,183
352,183
352,183
352,183
352,183
352,183
352,183
352,183
168
136,-11
136,-11
136,-11
136,-11
136,-11
136,-11
136,-11
136,-11
136,-11
136,-11
172
352,319
352,314
352,311
352,305
352,303
352,301
352,300
352,300
352,300
352,300
