time
12806.167513786742
hero_global_pos
-64.166259765625,135.54124450683594
road_id
25
speed_limit
30.0
speed
23.40362482569604
translation_offset
2440.7939089536667,6298.02872222662
angle
-82.73397159576416
hero_past_trajectory
357,584
356,583
354,571
353,564
352,560
351,547
350,536
351,524
351,523
351,523
actor_past_trajectory
519
558,696
555,697
546,696
537,694
534,694
523,693
515,692
507,691
506,691
506,691
533
299,450
299,450
299,450
299,450
299,450
299,450
299,450
299,450
299,450
299,450
535
630,762
629,762
617,760
605,759
600,758
585,756
573,755
562,753
560,753
560,753
545
122,632
119,631
106,630
94,628
89,627
75,625
64,624
53,623
52,623
52,623
549
322,222
322,222
322,222
322,222
322,222
322,222
322,222
322,222
322,222
322,222
574
310,336
310,336
310,336
310,336
310,336
310,336
310,336
310,336
310,336
310,336
580
233,703
230,703
214,701
202,699
197,699
184,696
173,694
162,693
161,693
161,693
