time
5086.383627555209
hero_global_pos
28.885271072387695,-137.65403747558594
road_id
19
speed_limit
30.0
speed
2.784544742856095
traffic_light
None
translation_offset
3632.0734647512436,1941.94560514763
angle
88.82505798339844
hero_past_trajectory
352,502
352,502
352,502
352,502
352,502
352,502
352,502
352,502
352,502
352,501
actor_past_trajectory
304
351,701
351,701
351,701
351,701
351,701
351,701
351,701
351,701
351,701
351,701
315
352,387
352,387
352,387
352,387
352,387
352,386
352,383
352,380
351,375
351,371
383
352,596
352,596
352,596
352,596
352,596
352,596
352,596
352,596
352,596
352,596
