time
5086.650738892953
hero_global_pos
28.536529541015625,-137.66139221191406
road_id
19
speed_limit
30.0
speed
7.168315403441412
traffic_light
None
translation_offset
3625.927811861038,1941.9192211516201
angle
88.81607055664062
hero_past_trajectory
352,508
352,508
352,508
352,508
352,508
352,508
352,508
352,507
352,507
352,505
actor_past_trajectory
304
351,707
351,707
351,707
351,707
351,707
351,707
351,707
351,707
351,707
351,707
315
352,393
352,393
352,393
352,392
352,389
352,386
352,381
351,377
352,371
352,363
383
352,602
352,602
352,602
352,602
352,602
352,602
352,602
352,602
352,602
352,602
