time
307.7961779586403
hero_global_pos
-115.90386199951172,0.2865636944770813
road_id
68
is_junction
False
speed_limit
30.0
speed
9.983270701933229
traffic_light
None
translation_offset
1613.9928295612335,4152.777226849459
angle
-90.29689034819603
hero_past_trajectory
352,577
352,568
352,558
352,551
352,542
352,530
352,526
352,517
352,513
352,508
actor_past_trajectory
113
142,7
142,7
142,7
142,7
142,7
142,7
142,7
142,7
142,7
142,7
115
353,258
353,258
353,258
353,258
353,258
353,258
353,258
353,258
353,258
353,258
144
34,8
34,8
34,8
34,8
34,8
34,8
34,8
34,8
34,8
34,8
168
137,63
137,63
137,63
137,63
137,63
137,63
137,63
137,63
137,63
137,63
172
352,375
352,375
352,375
352,375
352,375
352,375
352,375
352,375
352,375
352,375
