time
12806.257775886843
hero_global_pos
-63.9797477722168,135.5266876220703
road_id
25
speed_limit
30.0
speed
23.43477754920467
translation_offset
2443.9340364933014,6298.160247862339
angle
-83.1694884300232
hero_past_trajectory
358,586
355,574
354,567
353,563
352,550
351,539
352,527
352,526
352,526
352,505
actor_past_trajectory
519
558,698
548,697
539,696
536,696
525,694
517,694
509,693
508,692
508,692
494,691
533
299,454
299,454
299,454
299,454
299,454
299,454
299,454
299,454
299,454
299,454
535
631,763
620,761
608,760
603,759
588,757
576,756
565,755
563,754
563,754
545,753
545
121,636
108,634
96,633
91,632
76,631
65,629
54,628
53,628
53,628
35,626
549
320,226
320,226
320,226
320,226
320,226
320,226
320,226
320,226
320,226
320,226
574
309,339
309,339
309,339
309,339
309,339
309,339
309,339
309,339
309,339
309,339
580
232,707
216,705
204,703
199,703
186,700
175,699
164,698
163,697
163,697
144,695
