time
308.57231802822935
hero_global_pos
-115.25007629394531,0.29062774777412415
road_id
68
is_junction
False
speed_limit
30.0
speed
0.014917069940060286
traffic_light
None
translation_offset
1623.9969869852066,4152.6416029063985
angle
-90.245077714324
hero_past_trajectory
352,523
352,518
352,512
352,509
352,504
352,503
352,502
352,502
352,502
352,502
actor_past_trajectory
113
143,17
143,17
143,17
143,17
143,17
143,17
143,17
143,17
143,17
143,17
115
353,268
353,268
353,268
353,268
353,268
353,268
353,268
353,268
353,268
353,268
144
35,17
35,17
35,17
35,17
35,17
35,17
35,17
35,17
35,17
35,17
168
137,73
137,73
137,73
137,73
137,73
137,73
137,73
137,73
137,73
137,73
172
352,385
352,385
352,385
352,385
352,385
352,385
352,385
352,385
352,385
352,385
