time
5087.592489942785
hero_global_pos
24.191274642944336,-137.75404357910156
road_id
19
speed_limit
30.0
speed
18.371697781531953
traffic_light
Green
translation_offset
3559.5177915096283,1940.8065993860364
angle
88.77616882324219
hero_past_trajectory
352,568
352,564
352,561
352,553
352,548
352,543
352,535
353,529
352,518
352,508
actor_past_trajectory
315
352,419
352,410
352,402
352,388
351,380
350,373
350,362
349,355
349,343
347,333
383
353,669
353,669
353,668
353,667
353,666
352,664
352,663
352,661
352,658
352,655
