time
5087.7162684973955
hero_global_pos
23.777246475219727,-137.76290893554688
road_id
19
speed_limit
30.0
speed
18.441640690536918
traffic_light
Green
translation_offset
3550.503906607628,1940.8064454384148
angle
88.77622985839844
hero_past_trajectory
353,573
352,570
352,562
352,557
352,552
352,544
353,538
353,527
352,517
352,507
actor_past_trajectory
315
352,420
352,412
352,398
352,389
350,382
350,371
349,364
349,352
348,342
346,336
383
353,678
353,677
353,676
353,675
353,673
353,672
353,670
353,667
352,664
352,662
