time
309.00181370371865
hero_global_pos
-115.24888610839844,0.2906332314014435
road_id
68
is_junction
False
speed_limit
30.0
speed
0.0024125802716409043
traffic_light
None
translation_offset
1623.998614192009,4152.641579087824
angle
-90.24506594240665
hero_past_trajectory
352,504
352,503
352,502
352,502
352,502
352,502
352,502
352,502
352,502
352,502
actor_past_trajectory
113
143,17
143,17
143,17
143,17
143,17
143,17
143,17
143,17
143,17
143,17
115
353,268
353,268
353,268
353,268
353,268
353,268
353,268
353,268
353,268
353,268
144
35,17
35,17
35,17
35,17
35,17
35,17
35,17
35,17
35,17
35,17
168
137,73
137,73
137,73
137,73
137,73
137,73
137,73
137,73
137,73
137,73
172
352,385
352,385
352,385
352,385
352,385
352,385
352,385
352,385
352,385
352,385
