time
12806.365466854462
hero_global_pos
-63.39479446411133,135.4864959716797
road_id
25
speed_limit
30.0
speed
23.46813473893384
translation_offset
2453.274829030037,6301.275707393885
angle
-84.3666353225708
hero_past_trajectory
355,583
354,576
354,572
352,559
351,548
351,536
351,535
351,535
351,514
351,510
actor_past_trajectory
519
551,702
542,701
539,701
528,700
520,699
512,698
511,698
511,698
497,697
495,697
533
297,464
297,464
297,464
297,464
297,464
297,464
297,464
297,464
297,464
297,464
545
110,648
98,647
93,647
78,645
67,644
56,643
55,643
55,643
37,641
34,641
549
313,235
313,235
313,235
313,235
313,235
313,235
313,235
313,235
313,235
313,235
574
305,349
305,349
305,349
305,349
305,349
305,349
305,349
305,349
305,349
305,349
580
220,717
208,715
203,715
189,713
178,711
167,710
166,710
166,710
147,708
144,708
