time
309.1670947797029
hero_global_pos
-115.24883270263672,0.29063311219215393
road_id
68
is_junction
False
speed_limit
30.0
speed
0.0029212288214764686
traffic_light
None
translation_offset
1623.9986231327057,4152.641578878276
angle
-90.24506586790085
hero_past_trajectory
352,502
352,502
352,502
352,502
352,502
352,502
352,502
352,502
352,502
352,502
actor_past_trajectory
113
143,17
143,17
143,17
143,17
143,17
143,17
143,17
143,17
143,17
143,17
115
353,268
353,268
353,268
353,268
353,268
353,268
353,268
353,268
353,268
353,268
144
35,17
35,17
35,17
35,17
35,17
35,17
35,17
35,17
35,17
35,17
168
137,73
137,73
137,73
137,73
137,73
137,73
137,73
137,73
137,73
137,73
172
352,385
352,385
352,385
352,385
352,385
352,385
352,385
352,385
352,385
352,385
