time
5088.648926351096
hero_global_pos
18.797874450683594,-137.8703155517578
road_id
19
speed_limit
30.0
speed
19.194577285889277
traffic_light
Green
translation_offset
3469.148496031761,1938.79163293913
angle
88.77346801757812
hero_past_trajectory
352,588
352,582
352,572
352,564
352,556
352,544
352,539
352,530
352,516
352,507
actor_past_trajectory
315
346,417
345,407
343,395
342,387
339,379
337,371
335,361
333,352
328,338
326,333
329
296,-49
296,-49
296,-49
296,-49
296,-49
296,-49
296,-49
296,-49
296,-49
296,-49
383
352,743
352,739
352,734
352,730
352,726
352,723
352,718
353,713
352,706
352,703
