time
5088.902562655385
hero_global_pos
17.398880004882812,-137.89950561523438
road_id
19
speed_limit
30.0
speed
20.260135099032844
traffic_light
Green
translation_offset
3447.0947445631027,1937.792341209948
angle
88.77418518066406
hero_past_trajectory
352,594
352,586
352,578
351,566
351,561
351,552
352,538
352,529
351,524
351,513
actor_past_trajectory
315
342,417
341,409
339,401
337,393
334,383
332,374
328,360
326,355
323,348
318,337
329
296,-27
296,-27
296,-27
296,-27
296,-27
296,-27
296,-27
296,-27
296,-27
296,-27
383
351,756
351,752
351,748
351,745
351,740
352,735
352,728
352,725
352,720
352,713
