time
5089.028777089778
hero_global_pos
16.679332733154297,-137.9147186279297
road_id
609
speed_limit
30.0
speed
20.971219548826866
traffic_light
Green
translation_offset
3435.065231323242,1937.7929614707828
angle
88.774658203125
hero_past_trajectory
352,598
352,590
352,578
352,573
351,564
352,550
352,541
352,536
351,525
352,514
actor_past_trajectory
315
341,421
339,413
337,405
335,395
333,386
328,372
326,367
323,360
319,349
313,338
329
296,-15
296,-15
296,-15
296,-15
296,-15
296,-15
296,-15
296,-15
296,-15
296,-15
383
352,764
352,760
351,757
351,752
352,747
352,740
352,737
352,732
352,725
352,716
