time
4928.992575928445
hero_global_pos
116.5862045288086,-132.27403259277344
road_id
18
speed_limit
30.0
speed
20.80654327950202
traffic_light
None
translation_offset
5333.9655067920685,2034.2129980623722
angle
-91.22736942768097
hero_past_trajectory
353,591
353,583
353,574
352,564
352,552
352,547
353,538
353,528
352,520
352,509
actor_past_trajectory
315
352,235
352,226
353,218
353,208
353,201
352,191
352,182
352,175
353,171
353,167
390
103,-38
103,-38
103,-38
103,-38
103,-38
103,-38
103,-38
103,-38
103,-38
103,-38
