time
5089.11544603097
hero_global_pos
16.17796516418457,-137.92587280273438
road_id
609
speed_limit
30.0
speed
20.866132391775807
traffic_light
Green
translation_offset
3427.051963329315,1937.7946805991232
angle
88.77542114257812
hero_past_trajectory
352,598
352,586
352,581
351,572
352,558
352,549
352,544
352,533
352,522
352,510
actor_past_trajectory
315
339,421
337,413
335,403
333,394
328,380
326,376
323,368
319,357
314,346
308,336
329
296,-7
296,-7
296,-7
296,-7
296,-7
296,-7
296,-7
296,-7
296,-7
296,-7
383
352,768
352,765
352,760
352,755
352,748
352,745
352,740
352,733
352,724
352,716
