time
5089.465684599119
hero_global_pos
14.092056274414062,-137.97044372558594
road_id
609
speed_limit
30.0
speed
20.267481790703847
traffic_light
None
translation_offset
3394.0351279973984,1936.7889552004635
angle
88.77337646484375
hero_past_trajectory
351,605
352,591
352,582
352,577
351,566
352,555
352,543
352,535
351,524
351,514
actor_past_trajectory
315
332,427
328,413
326,409
323,401
319,390
313,379
308,369
304,362
299,353
293,345
329
296,25
296,25
296,25
296,25
296,25
296,25
296,25
296,25
296,25
296,25
383
352,788
352,781
352,778
352,773
352,766
351,757
351,749
352,744
352,736
352,728
