time
5089.564132320571
hero_global_pos
13.462486267089844,-137.98391723632812
road_id
609
speed_limit
30.0
speed
20.103355808784087
traffic_light
None
translation_offset
3386.035262107849,1936.7880994081497
angle
88.77304077148438
hero_past_trajectory
352,599
352,590
352,585
352,574
352,563
352,551
352,543
352,532
351,522
352,510
actor_past_trajectory
315
328,421
326,417
323,409
319,398
314,387
308,377
304,370
299,361
293,353
286,343
329
296,33
296,33
296,33
296,33
296,33
296,33
296,33
296,33
296,33
296,33
383
352,789
352,786
352,781
352,774
352,765
351,757
352,752
352,744
352,736
352,726
