time
5089.693875363904
hero_global_pos
12.885602951049805,-137.9962921142578
road_id
609
speed_limit
30.0
speed
19.97476962929414
traffic_light
None
translation_offset
3375.034636259079,1936.7881220392883
angle
88.77305603027344
hero_past_trajectory
352,601
352,596
352,585
353,574
352,562
352,554
352,543
352,533
352,521
352,510
actor_past_trajectory
315
326,428
323,420
319,409
314,398
309,388
304,381
299,372
293,364
286,354
281,348
329
296,44
296,44
296,44
296,44
296,44
296,44
296,44
296,44
296,44
296,44
383
352,797
352,792
352,785
352,776
352,768
353,763
352,755
352,747
352,737
352,732
