time
5089.783892559695
hero_global_pos
12.39619255065918,-138.0067901611328
road_id
609
speed_limit
30.0
speed
19.99268101629372
traffic_light
None
translation_offset
3367.034484267235,1936.7877250164747
angle
88.77290344238281
hero_past_trajectory
352,604
352,593
353,582
352,570
352,562
352,551
352,541
353,529
352,518
352,510
actor_past_trajectory
315
323,428
319,417
314,406
309,396
305,389
299,380
293,372
286,362
281,356
272,348
329
296,52
296,52
296,52
296,52
296,52
296,52
296,52
296,52
296,52
296,52
383
352,800
352,793
352,784
352,776
353,771
353,763
352,755
352,745
352,740
352,730
