time
5089.992625292267
hero_global_pos
11.232486724853516,-138.03172302246094
road_id
609
speed_limit
30.0
speed
20.56666361196923
traffic_light
None
translation_offset
3348.034546852112,1935.7861525714397
angle
88.77230834960938
hero_past_trajectory
352,601
352,589
352,581
351,570
351,560
352,548
352,537
352,529
351,521
351,511
actor_past_trajectory
315
313,425
308,415
304,408
299,399
293,391
285,381
280,376
271,367
265,362
257,355
324
295,-49
295,-49
295,-49
295,-49
295,-49
295,-49
295,-49
295,-49
295,-49
295,-49
329
296,71
296,71
296,71
296,71
296,71
296,71
296,71
296,71
296,71
296,71
383
351,803
351,795
352,790
352,782
352,774
352,764
352,759
351,749
351,743
352,736
