time
5090.416460276458
hero_global_pos
8.882489204406738,-138.08206176757812
road_id
609
speed_limit
30.0
speed
20.53685918425142
traffic_light
None
translation_offset
3311.034439563751,1935.7861860990524
angle
88.77232360839844
hero_past_trajectory
352,597
353,585
353,574
352,566
352,558
352,548
353,539
353,528
352,520
352,513
actor_past_trajectory
315
293,428
286,418
281,412
272,404
266,399
258,392
251,387
241,381
235,377
228,374
324
296,-12
296,-12
296,-12
296,-12
296,-12
296,-12
296,-12
296,-12
296,-12
296,-12
329
297,108
297,108
297,108
297,108
297,108
297,108
297,108
297,108
297,108
297,108
383
353,811
352,801
352,796
352,786
352,780
353,773
353,766
352,757
352,751
352,745
