time
5090.642614306758
hero_global_pos
7.4304656982421875,-138.11317443847656
road_id
609
speed_limit
30.0
speed
20.22876332305977
traffic_light
None
translation_offset
3287.034412741661,1934.7870796099305
angle
88.77265930175781
hero_past_trajectory
352,598
352,590
352,582
351,572
352,563
352,552
352,544
352,537
352,526
352,514
actor_past_trajectory
315
281,437
271,428
265,423
257,416
250,411
241,405
235,401
228,398
218,394
208,389
324
295,11
295,11
295,11
295,11
295,11
295,11
295,11
295,11
295,11
295,11
329
296,132
296,132
296,132
296,132
296,132
296,132
296,132
296,132
296,132
296,132
383
352,820
352,810
351,804
352,797
352,790
352,781
352,775
352,769
352,761
352,752
