time
5090.792775982867
hero_global_pos
6.746152877807617,-138.12782287597656
road_id
609
speed_limit
30.0
speed
19.969291360986734
traffic_light
None
translation_offset
3276.034475326538,1934.784648578614
angle
88.771728515625
hero_past_trajectory
352,601
352,593
352,583
353,574
352,563
352,555
352,548
352,537
352,525
352,513
actor_past_trajectory
315
272,439
266,434
257,427
250,422
241,416
235,412
228,409
218,405
208,400
197,395
324
296,22
296,22
296,22
296,22
296,22
296,22
296,22
296,22
296,22
296,22
329
296,143
296,143
296,143
296,143
296,143
296,143
296,143
296,143
296,143
296,143
383
352,821
352,815
353,808
352,801
352,792
352,786
352,780
352,772
353,763
352,753
