time
5091.014956173363
hero_global_pos
5.4511637687683105,-138.15557861328125
road_id
609
speed_limit
30.0
speed
20.103851076556282
traffic_light
None
translation_offset
3256.034537911415,1933.781788393855
angle
88.77064514160156
hero_past_trajectory
351,603
352,594
352,583
352,575
351,568
351,557
352,545
352,533
351,522
351,514
actor_past_trajectory
315
257,447
250,442
241,436
234,433
227,429
217,425
207,420
196,415
186,413
177,411
324
295,42
295,42
295,42
295,42
295,42
295,42
295,42
295,42
295,42
295,42
329
296,163
296,163
296,163
296,163
296,163
296,163
296,163
296,163
296,163
296,163
383
352,828
352,821
352,812
352,806
351,800
351,792
352,783
352,773
352,763
351,756
