time
5091.128750094089
hero_global_pos
4.803168296813965,-138.16946411132812
road_id
609
speed_limit
30.0
speed
20.403326533416777
traffic_light
None
translation_offset
3245.034511089325,1933.7830040492117
angle
88.77110290527344
hero_past_trajectory
352,605
352,594
352,586
352,579
351,568
352,556
352,544
352,533
351,525
352,513
actor_past_trajectory
315
250,453
241,447
235,444
228,440
218,436
207,431
196,426
186,424
177,422
165,420
324
295,53
295,53
295,53
295,53
295,53
295,53
295,53
295,53
295,53
295,53
329
296,174
296,174
296,174
296,174
296,174
296,174
296,174
296,174
296,174
296,174
375
296,-46
296,-46
296,-46
296,-46
296,-46
296,-46
296,-46
296,-46
296,-46
296,-46
383
352,832
352,823
352,817
352,811
351,803
352,794
352,784
352,774
352,767
351,756
