time
12806.747268966326
hero_global_pos
-60.93594741821289,135.37234497070312
road_id
25
speed_limit
30.0
speed
22.698158438021313
translation_offset
2492.8311281204224,6306.884519137442
angle
-87.28106594085693
hero_past_trajectory
355,598
353,587
353,575
353,574
353,574
352,553
351,550
352,541
351,531
351,509
actor_past_trajectory
519
538,730
530,729
522,729
521,729
521,729
507,728
505,728
498,728
490,726
473,725
533
295,506
295,506
295,506
295,506
295,506
295,506
295,506
295,506
295,506
295,506
545
86,698
75,698
64,697
63,697
63,697
45,696
42,696
34,696
25,695
8,694
549
300,277
300,277
300,277
300,277
300,277
300,277
300,277
300,277
300,277
300,277
555
309,-73
309,-61
309,-50
309,-48
309,-48
308,-30
308,-27
308,-18
308,-9
307,7
574
298,391
298,391
298,391
298,391
298,391
298,391
298,391
298,391
298,391
298,391
