time
5091.779962789144
hero_global_pos
1.097781777381897,-138.24884033203125
road_id
609
speed_limit
30.0
speed
20.145035005154387
traffic_light
None
translation_offset
3186.034511089325,1932.7826103791595
angle
88.77095031738281
hero_past_trajectory
352,592
352,584
353,572
352,561
352,551
352,546
352,535
353,526
352,518
352,509
actor_past_trajectory
315
187,483
178,481
165,479
154,477
144,476
138,477
127,476
117,475
109,475
101,474
324
296,112
296,112
296,112
296,112
296,112
296,112
296,112
296,112
296,112
296,112
329
296,233
296,233
296,233
296,233
296,233
296,233
296,233
296,233
296,233
296,233
375
296,12
296,12
296,12
296,12
296,12
296,12
296,12
296,12
296,12
296,12
383
352,833
352,826
352,815
353,806
352,798
352,793
352,783
352,774
352,767
352,760
