time
5092.015113827649
hero_global_pos
-0.07884757965803146,-138.27403259277344
road_id
609
speed_limit
30.0
speed
19.900251121582144
traffic_light
None
translation_offset
3167.0345289707184,1931.78268218413
angle
88.77098083496094
hero_past_trajectory
352,591
352,580
351,570
351,565
351,554
352,545
352,537
352,528
351,521
351,510
actor_past_trajectory
315
165,498
154,496
144,495
138,496
127,495
117,494
109,494
101,493
94,494
82,494
324
295,131
295,131
295,131
295,131
295,131
295,131
295,131
295,131
295,131
295,131
329
296,252
296,252
296,252
296,252
296,252
296,252
296,252
296,252
296,252
296,252
375
296,31
296,31
296,31
296,31
296,31
296,31
296,31
296,31
296,31
296,31
