time
5092.067029810387
hero_global_pos
-0.6254883408546448,-138.28575134277344
road_id
609
speed_limit
30.0
speed
20.181130272536855
traffic_light
None
translation_offset
3158.034511089325,1931.78271766752
angle
88.77099609375
hero_past_trajectory
352,589
352,579
352,574
351,563
352,554
352,546
352,537
352,530
351,519
352,511
actor_past_trajectory
315
154,505
144,504
138,505
127,504
117,503
109,503
101,502
94,503
82,503
74,502
324
295,140
295,140
295,140
295,140
295,140
295,140
295,140
295,140
295,140
295,140
329
296,261
296,261
296,261
296,261
296,261
296,261
296,261
296,261
296,261
296,261
375
296,40
296,40
296,40
296,40
296,40
296,40
296,40
296,40
296,40
296,40
