time
5092.2848903349295
hero_global_pos
-1.8954023122787476,-138.31297302246094
road_id
609
speed_limit
30.0
speed
20.734939607346337
traffic_light
None
translation_offset
3141.0345557928085,1931.7843283899128
angle
88.7716064453125
hero_past_trajectory
352,591
352,580
352,571
352,563
352,554
352,547
352,536
353,528
352,519
352,507
actor_past_trajectory
315
138,522
127,521
117,520
109,520
101,519
94,520
82,520
74,519
65,519
54,519
324
296,157
296,157
296,157
296,157
296,157
296,157
296,157
296,157
296,157
296,157
329
296,278
296,278
296,278
296,278
296,278
296,278
296,278
296,278
296,278
296,278
375
296,57
296,57
296,57
296,57
296,57
296,57
296,57
296,57
296,57
296,57
