time
5092.397401813294
hero_global_pos
-2.4541823863983154,-138.324951171875
road_id
609
speed_limit
30.0
speed
20.802693576186055
traffic_light
None
translation_offset
3129.034537911415,1931.7850791290402
angle
88.77189636230469
hero_past_trajectory
352,592
353,583
353,575
352,566
352,559
352,548
353,540
353,531
352,519
352,511
actor_past_trajectory
315
128,533
118,532
110,532
102,531
95,532
83,532
75,531
66,531
55,531
49,532
324
296,169
296,169
296,169
296,169
296,169
296,169
296,169
296,169
296,169
296,169
329
296,290
296,290
296,290
296,290
296,290
296,290
296,290
296,290
296,290
296,290
375
297,69
297,69
297,69
297,69
297,69
297,69
297,69
297,69
297,69
297,69
