time
5092.498739316936
hero_global_pos
-3.0394928455352783,-138.33749389648438
road_id
609
speed_limit
30.0
speed
20.776021054634178
traffic_light
None
translation_offset
3120.0344932079315,1930.7857935465872
angle
88.77217102050781
hero_past_trajectory
352,592
352,584
352,575
351,568
351,557
352,549
352,540
352,528
351,520
351,511
actor_past_trajectory
315
117,541
109,541
101,540
94,541
82,541
74,540
65,540
54,540
48,541
36,540
324
295,178
295,178
295,178
295,178
295,178
295,178
295,178
295,178
295,178
295,178
329
296,299
296,299
296,299
296,299
296,299
296,299
296,299
296,299
296,299
296,299
375
296,78
296,78
296,78
296,78
296,78
296,78
296,78
296,78
296,78
296,78
