time
5092.800499921541
hero_global_pos
-4.702952861785889,-138.3731231689453
road_id
609
speed_limit
30.0
speed
20.47075923457343
traffic_light
None
translation_offset
3093.034439563751,1930.7860427685082
angle
88.77226257324219
hero_past_trajectory
352,602
352,595
352,584
353,576
352,567
352,555
352,547
352,538
353,529
352,516
actor_past_trajectory
315
101,567
94,568
82,568
74,567
65,567
54,567
48,568
36,567
27,567
15,567
324
296,205
296,205
296,205
296,205
296,205
296,205
296,205
296,205
296,205
296,205
329
296,326
296,326
296,326
296,326
296,326
296,326
296,326
296,326
296,326
296,326
375
296,105
296,105
296,105
296,105
296,105
296,105
296,105
296,105
296,105
296,105
387
-142,735
-135,735
-122,735
-115,735
-105,735
-94,735
-87,734
-75,735
-65,735
-52,735
