time
5092.890582278247
hero_global_pos
-5.200782299041748,-138.3837890625
road_id
609
speed_limit
30.0
speed
20.436433942803045
traffic_light
None
translation_offset
3085.034359097481,1930.7897970229387
angle
88.77369689941406
hero_past_trajectory
352,603
352,592
353,584
353,575
352,563
352,555
352,546
353,537
352,524
352,510
actor_past_trajectory
315
95,576
83,576
74,575
65,575
55,575
49,576
36,575
27,575
15,575
1,576
324
296,213
296,213
296,213
296,213
296,213
296,213
296,213
296,213
296,213
296,213
329
296,334
296,334
296,334
296,334
296,334
296,334
296,334
296,334
296,334
296,334
375
297,113
297,113
297,113
297,113
297,113
297,113
297,113
297,113
297,113
297,113
387
-135,742
-122,743
-115,743
-105,743
-94,743
-87,742
-75,743
-65,743
-52,743
-37,743
