time
5092.9856504787385
hero_global_pos
-5.817241668701172,-138.3970184326172
road_id
609
speed_limit
30.0
speed
20.287840621079063
traffic_light
None
translation_offset
3075.03425180912,1929.7949102632701
angle
88.77565002441406
hero_past_trajectory
351,602
352,594
352,585
352,573
351,565
351,556
352,547
352,534
351,520
351,512
actor_past_trajectory
315
82,586
74,585
65,585
54,585
48,586
36,585
27,585
15,585
1,586
-6,585
324
295,223
295,223
295,223
295,223
295,223
295,223
295,223
295,223
295,223
295,223
329
296,344
296,344
296,344
296,344
296,344
296,344
296,344
296,344
296,344
296,344
375
296,123
296,123
296,123
296,123
296,123
296,123
296,123
296,123
296,123
296,123
387
-123,753
-116,753
-106,753
-95,753
-88,752
-76,753
-66,753
-53,753
-38,753
-30,753
