time
5093.08586679666
hero_global_pos
-6.312262058258057,-138.40760803222656
road_id
609
speed_limit
30.0
speed
20.085720120298323
traffic_light
None
translation_offset
3067.034385919571,1929.7894041910768
angle
88.77354431152344
hero_past_trajectory
352,602
352,593
352,581
352,573
351,564
352,555
352,542
352,528
351,520
352,510
actor_past_trajectory
315
74,593
65,593
54,593
48,594
36,593
27,593
15,593
1,594
-6,593
-16,593
324
295,231
295,231
295,231
295,231
295,231
295,231
295,231
295,231
295,231
295,231
329
296,352
296,352
296,352
296,352
296,352
296,352
296,352
296,352
296,352
296,352
375
296,131
296,131
296,131
296,131
296,131
296,131
296,131
296,131
296,131
296,131
