time
5093.161186384845
hero_global_pos
-6.9429850578308105,-138.42112731933594
road_id
609
speed_limit
30.0
speed
20.004561381027273
traffic_light
None
translation_offset
3057.034323334694,1929.7925149947405
angle
88.77473449707031
hero_past_trajectory
352,603
352,591
352,583
352,574
352,565
352,552
352,538
352,530
352,520
352,512
actor_past_trajectory
315
65,603
54,603
48,604
36,603
27,603
15,603
1,604
-6,603
-16,603
-24,603
324
295,241
295,241
295,241
295,241
295,241
295,241
295,241
295,241
295,241
295,241
329
296,362
296,362
296,362
296,362
296,362
296,362
296,362
296,362
296,362
296,362
375
296,141
296,141
296,141
296,141
296,141
296,141
296,141
296,141
296,141
296,141
