time
5093.260998349513
hero_global_pos
-7.350309371948242,-138.42982482910156
road_id
609
speed_limit
30.0
speed
19.936199975057477
traffic_light
None
translation_offset
3051.034376978874,1929.7899406328797
angle
88.77375793457031
hero_past_trajectory
352,597
352,589
352,580
352,571
352,558
352,544
352,536
353,526
352,518
352,508
actor_past_trajectory
315
54,609
48,610
36,609
27,609
15,609
1,610
-6,609
-16,609
-24,609
-30,609
324
296,247
296,247
296,247
296,247
296,247
296,247
296,247
296,247
296,247
296,247
329
296,368
296,368
296,368
296,368
296,368
296,368
296,368
296,368
296,368
296,368
375
296,147
296,147
296,147
296,147
296,147
296,147
296,147
296,147
296,147
296,147
