time
12806.89655153353
hero_global_pos
-59.522151947021484,135.3280792236328
road_id
25
speed_limit
30.0
speed
21.991233423634128
translation_offset
2512.898934364319,6307.497363269329
angle
-87.89767456054688
hero_past_trajectory
354,595
354,594
354,594
353,573
352,570
352,561
352,551
351,530
352,522
352,522
actor_past_trajectory
519
525,747
524,747
524,747
510,746
508,746
501,746
493,745
476,743
468,741
468,741
533
296,526
296,526
296,526
296,526
296,526
296,526
296,526
296,526
296,526
296,526
545
66,720
65,720
65,720
47,719
44,719
36,719
27,719
10,718
2,718
2,718
549
298,297
298,297
298,297
298,297
298,297
298,297
298,297
298,297
298,297
298,297
555
303,-30
303,-28
303,-28
302,-10
302,-7
303,1
302,10
302,27
302,35
302,35
574
297,411
297,411
297,411
297,411
297,411
297,411
297,411
297,411
297,411
297,411
