time
5093.351728787522
hero_global_pos
-7.919057846069336,-138.44200134277344
road_id
609
speed_limit
30.0
speed
20.188492244016814
traffic_light
None
translation_offset
3042.0344038009644,1929.7875802889466
angle
88.77285766601562
hero_past_trajectory
352,598
352,589
353,580
352,567
352,553
352,545
353,535
353,527
352,517
352,511
actor_past_trajectory
315
48,619
36,618
27,618
15,618
1,619
-6,618
-16,618
-24,618
-30,618
-40,618
324
296,256
296,256
296,256
296,256
296,256
296,256
296,256
296,256
296,256
296,256
329
296,377
296,377
296,377
296,377
296,377
296,377
296,377
296,377
296,377
296,377
375
297,156
297,156
297,156
297,156
297,156
297,156
297,156
297,156
297,156
297,156
