time
5093.470088318798
hero_global_pos
-8.524384498596191,-138.45497131347656
road_id
609
speed_limit
30.0
speed
20.501043274949694
traffic_light
None
translation_offset
3032.0344306230545,1929.7870441265404
angle
88.77264404296875
hero_past_trajectory
352,599
353,590
353,577
352,563
352,555
353,545
353,537
353,527
352,521
352,512
actor_past_trajectory
324
296,266
296,266
296,266
296,266
296,266
296,266
296,266
296,266
296,266
296,266
329
297,387
297,387
297,387
297,387
297,387
297,387
297,387
297,387
297,387
297,387
375
297,166
297,166
297,166
297,166
297,166
297,166
297,166
297,166
297,166
297,166
