time
5093.585181159775
hero_global_pos
-9.107285499572754,-138.4674530029297
road_id
609
speed_limit
30.0
speed
20.62362968185903
traffic_light
None
translation_offset
3023.034475326538,1928.7865803278983
angle
88.77247619628906
hero_past_trajectory
352,599
352,586
352,572
351,564
352,554
352,546
352,536
352,530
351,521
351,511
actor_past_trajectory
324
295,275
295,275
295,275
295,275
295,275
295,275
295,275
295,275
295,275
295,275
329
296,396
296,396
296,396
296,396
296,396
296,396
296,396
296,396
296,396
296,396
375
296,175
296,175
296,175
296,175
296,175
296,175
296,175
296,175
296,175
296,175
