time
5093.689158774789
hero_global_pos
-9.894655227661133,-138.4843292236328
road_id
609
speed_limit
30.0
speed
20.654192863616263
traffic_light
None
translation_offset
3013.034475326538,1928.7865088023245
angle
88.77244567871094
hero_past_trajectory
352,596
352,582
352,574
352,564
352,556
352,546
352,540
352,531
351,521
352,512
actor_past_trajectory
324
295,285
295,285
295,285
295,285
295,285
295,285
295,285
295,285
295,285
295,285
329
296,406
296,406
296,406
296,406
296,406
296,406
296,406
296,406
296,406
296,406
375
296,185
296,185
296,185
296,185
296,185
296,185
296,185
296,185
296,185
296,185
