time
5093.890658354263
hero_global_pos
-10.931995391845703,-138.5065460205078
road_id
609
speed_limit
30.0
speed
20.544070196290964
traffic_light
None
translation_offset
2993.0344306230545,1928.7867940664291
angle
88.77255249023438
hero_past_trajectory
352,594
353,584
353,576
352,566
352,560
352,551
352,541
353,532
352,519
352,512
actor_past_trajectory
324
296,305
296,305
296,305
296,305
296,305
296,305
296,305
296,305
296,305
296,305
329
296,426
296,426
296,426
296,426
296,426
296,426
296,426
296,426
296,426
296,426
375
297,205
297,205
297,205
297,205
297,205
297,205
297,205
297,205
297,205
297,205
