time
5093.980101061861
hero_global_pos
-11.357876777648926,-138.51565551757812
road_id
20
speed_limit
30.0
speed
20.472517596445073
traffic_light
None
translation_offset
2987.034421682358,1928.786901075393
angle
88.77259826660156
hero_past_trajectory
353,590
353,582
352,572
352,566
352,557
352,547
353,538
352,525
352,518
352,508
actor_past_trajectory
324
296,311
296,311
296,311
296,311
296,311
296,311
296,311
296,311
296,311
296,311
329
296,432
296,432
296,432
296,432
296,432
296,432
296,432
296,432
296,432
296,432
375
297,211
297,211
297,211
297,211
297,211
297,211
297,211
297,211
297,211
297,211
