time
5094.102894869509
hero_global_pos
-12.06824779510498,-138.53086853027344
road_id
20
speed_limit
30.0
speed
20.331263468337507
traffic_light
None
translation_offset
2975.034412741661,1927.7870438471437
angle
88.77264404296875
hero_past_trajectory
352,594
352,584
352,578
351,569
351,559
352,550
352,537
352,530
351,520
352,509
actor_past_trajectory
324
295,323
295,323
295,323
295,323
295,323
295,323
295,323
295,323
295,323
295,323
329
296,444
296,444
296,444
296,444
296,444
296,444
296,444
296,444
296,444
296,444
375
296,223
296,223
296,223
296,223
296,223
296,223
296,223
296,223
296,223
296,223
