time
5094.219287352513
hero_global_pos
-12.691507339477539,-138.54421997070312
road_id
20
speed_limit
30.0
speed
20.177423718884373
traffic_light
None
translation_offset
2965.034421682358,1927.787151414901
angle
88.77268981933594
hero_past_trajectory
352,594
352,588
352,579
351,569
352,560
352,547
352,540
352,530
352,519
352,512
actor_past_trajectory
324
295,333
295,333
295,333
295,333
295,333
295,333
295,333
295,333
295,333
295,333
329
296,454
296,454
296,454
296,454
296,454
296,454
296,454
296,454
296,454
296,454
375
296,233
296,233
296,233
296,233
296,233
296,233
296,233
296,233
296,233
296,233
