time
4913.215819918427
hero_global_pos
84.14583587646484,-104.11538696289062
road_id
50
speed_limit
30.0
speed
11.433837793050857
traffic_light
None
translation_offset
4670.2985697984695,2332.0979006290436
angle
-2.024383544921875
hero_past_trajectory
352,584
352,573
352,562
352,552
351,544
351,539
352,530
352,522
351,514
352,507
actor_past_trajectory
304
351,368
351,368
351,368
351,368
351,368
351,368
351,368
351,368
351,368
351,368
315
352,253
352,253
352,253
352,253
352,253
352,253
352,253
352,253
352,253
352,253
