time
12807.017319726685
hero_global_pos
-59.42576599121094,135.32510375976562
road_id
25
speed_limit
30.0
speed
21.78268425281881
translation_offset
2517.910655617714,6307.827600196004
angle
-88.02389514446259
hero_past_trajectory
354,599
354,599
353,578
352,575
352,566
352,556
351,535
352,527
352,527
351,503
actor_past_trajectory
519
524,752
524,752
510,751
508,751
501,751
493,750
476,748
468,746
468,746
451,742
533
295,532
295,532
295,532
295,532
295,532
295,532
295,532
295,532
295,532
295,532
545
66,726
66,726
48,725
45,725
37,725
28,724
11,724
3,724
3,724
-16,724
549
297,303
297,303
297,303
297,303
297,303
297,303
297,303
297,303
297,303
297,303
555
302,-23
302,-23
301,-5
301,-2
302,6
301,15
301,32
300,40
300,40
301,58
574
296,417
296,417
296,417
296,417
296,417
296,417
296,417
296,417
296,417
296,417
