time
5094.387338860768
hero_global_pos
-13.725459098815918,-138.5663604736328
road_id
20
speed_limit
30.0
speed
19.958662513335696
traffic_light
None
translation_offset
2949.0344306230545,1927.787151414901
angle
88.77268981933594
hero_past_trajectory
352,595
352,585
353,576
352,563
352,556
352,546
353,535
353,528
352,518
352,511
actor_past_trajectory
324
296,349
296,349
296,349
296,349
296,349
296,349
296,349
296,349
296,349
296,349
329
296,470
296,470
296,470
296,470
296,470
296,470
296,470
296,470
296,470
296,470
375
297,249
297,249
297,249
297,249
297,249
297,249
297,249
297,249
297,249
297,249
