time
5094.483190624851
hero_global_pos
-14.32040786743164,-138.5791015625
road_id
20
speed_limit
30.0
speed
20.117470825809594
traffic_light
None
translation_offset
2939.0344306230545,1927.7867583036423
angle
88.77253723144531
hero_past_trajectory
352,595
353,586
353,573
352,566
352,556
353,545
353,538
353,528
352,521
352,512
actor_past_trajectory
324
296,359
296,359
296,359
296,359
296,359
296,359
296,359
296,359
296,359
296,359
329
297,480
297,480
297,480
297,480
297,480
297,480
297,480
297,480
297,480
297,480
375
297,259
297,259
297,259
297,259
297,259
297,259
297,259
297,259
297,259
297,259
