time
5094.63888019311
hero_global_pos
-15.06466293334961,-138.59503173828125
road_id
20
speed_limit
30.0
speed
20.503999716502097
traffic_light
Red
translation_offset
2927.0344574451447,1926.785685699433
angle
88.77212524414062
hero_past_trajectory
352,598
352,585
352,578
351,568
352,557
352,550
352,540
352,533
351,524
351,514
actor_past_trajectory
324
295,371
295,371
295,371
295,371
295,371
295,371
295,371
295,371
295,371
295,371
329
296,492
296,492
296,492
296,492
296,492
296,492
296,492
296,492
296,492
296,492
375
296,271
296,271
296,271
296,271
296,271
296,271
296,271
296,271
296,271
296,271
