time
5094.739852242979
hero_global_pos
-15.654471397399902,-138.60768127441406
road_id
20
speed_limit
30.0
speed
20.595041069904703
traffic_light
Red
translation_offset
2918.0345021486282,1926.785042528063
angle
88.77188110351562
hero_past_trajectory
352,594
352,587
352,577
352,566
352,559
352,549
352,542
352,533
351,523
352,511
actor_past_trajectory
324
295,380
295,380
295,380
295,380
295,380
295,380
295,380
295,380
295,380
295,380
329
296,501
296,501
296,501
296,501
296,501
296,501
296,501
296,501
296,501
296,501
375
296,280
296,280
296,280
296,280
296,280
296,280
296,280
296,280
296,280
296,280
