time
5095.121573828037
hero_global_pos
-17.816713333129883,-138.65402221679688
road_id
20
speed_limit
30.0
speed
20.501863642677165
traffic_light
None
translation_offset
2883.034448504448,1925.7853635549545
angle
88.77200317382812
hero_past_trajectory
352,594
352,584
352,577
351,568
351,558
352,546
352,536
352,529
351,518
351,510
actor_past_trajectory
324
295,415
295,415
295,415
295,415
295,415
295,415
295,415
295,415
295,415
295,415
329
296,536
296,536
296,536
296,536
296,536
296,536
296,536
296,536
296,536
296,536
375
296,315
296,315
296,315
296,315
296,315
296,315
296,315
296,315
296,315
296,315
