time
5095.216277552645
hero_global_pos
-18.42877197265625,-138.66714477539062
road_id
20
speed_limit
30.0
speed
20.316833361182297
traffic_light
None
translation_offset
2874.034439563751,1925.7859354801476
angle
88.77223205566406
hero_past_trajectory
352,593
352,586
352,577
351,567
352,555
352,545
352,538
352,527
351,519
352,511
actor_past_trajectory
324
295,424
295,424
295,424
295,424
295,424
295,424
295,424
295,424
295,424
295,424
329
296,545
296,545
296,545
296,545
296,545
296,545
296,545
296,545
296,545
296,545
375
296,324
296,324
296,324
296,324
296,324
296,324
296,324
296,324
296,324
296,324
