time
5095.3593869301185
hero_global_pos
-19.157548904418945,-138.68275451660156
road_id
20
speed_limit
30.0
speed
20.210585321938268
traffic_light
None
translation_offset
2862.034448504448,1925.7859357595444
angle
88.77223205566406
hero_past_trajectory
352,598
352,589
352,579
352,567
352,557
352,550
352,539
352,531
352,523
352,514
actor_past_trajectory
324
296,436
296,436
296,436
296,436
296,436
296,436
296,436
296,436
296,436
296,436
329
296,557
296,557
296,557
296,557
296,557
296,557
296,557
296,557
296,557
296,557
375
296,336
296,336
296,336
296,336
296,336
296,336
296,336
296,336
296,336
296,336
