time
5095.732907002668
hero_global_pos
-21.22588348388672,-138.72706604003906
road_id
20
speed_limit
30.0
speed
20.331694677478648
traffic_light
None
translation_offset
2829.0344663858414,1924.7847913503647
angle
88.77178955078125
hero_past_trajectory
352,590
352,583
352,572
351,564
352,556
352,547
352,535
352,528
351,518
352,508
actor_past_trajectory
324
295,469
295,469
295,469
295,469
295,469
295,469
295,469
295,469
295,469
295,469
329
296,590
296,590
296,590
296,590
296,590
296,590
296,590
296,590
296,590
296,590
375
296,369
296,369
296,369
296,369
296,369
296,369
296,369
296,369
296,369
296,369
