time
5096.15432914241
hero_global_pos
-23.466413497924805,-138.77508544921875
road_id
20
speed_limit
30.0
speed
20.607964869258897
traffic_light
None
translation_offset
2793.0344663858414,1923.7856859788299
angle
88.77212524414062
hero_past_trajectory
352,592
352,583
351,571
351,564
351,554
352,544
352,538
352,527
351,519
351,507
actor_past_trajectory
324
295,505
295,505
295,505
295,505
295,505
295,505
295,505
295,505
295,505
295,505
329
296,626
296,626
296,626
296,626
296,626
296,626
296,626
296,626
296,626
296,626
375
296,405
296,405
296,405
296,405
296,405
296,405
296,405
296,405
296,405
296,405
