time
5096.261311869013
hero_global_pos
-24.075490951538086,-138.78814697265625
road_id
20
speed_limit
30.0
speed
20.51964564696836
traffic_light
None
translation_offset
2783.034439563751,1923.7863649129868
angle
88.77238464355469
hero_past_trajectory
352,593
352,581
352,574
351,564
352,554
352,548
352,537
352,529
351,517
352,508
actor_past_trajectory
324
295,515
295,515
295,515
295,515
295,515
295,515
295,515
295,515
295,515
295,515
329
296,636
296,636
296,636
296,636
296,636
296,636
296,636
296,636
296,636
296,636
375
296,415
296,415
296,415
296,415
296,415
296,415
296,415
296,415
296,415
296,415
