time
5096.440698704559
hero_global_pos
-25.35037612915039,-138.81544494628906
road_id
20
speed_limit
30.0
speed
20.28121695934985
traffic_light
None
translation_offset
2763.034412741661,1923.7871511355042
angle
88.77268981933594
hero_past_trajectory
352,594
352,584
353,574
352,568
352,557
352,549
352,537
353,528
352,522
352,512
actor_past_trajectory
324
296,535
296,535
296,535
296,535
296,535
296,535
296,535
296,535
296,535
296,535
329
296,656
296,656
296,656
296,656
296,656
296,656
296,656
296,656
296,656
296,656
375
297,435
297,435
297,435
297,435
297,435
297,435
297,435
297,435
297,435
297,435
