time
5096.635226338978
hero_global_pos
-26.566862106323242,-138.8415069580078
road_id
20
speed_limit
30.0
speed
20.018223622774876
traffic_light
None
translation_offset
2743.034412741661,1922.7877951450646
angle
88.77293395996094
hero_past_trajectory
352,594
352,588
352,577
351,569
351,557
352,548
352,542
352,532
351,522
351,512
actor_past_trajectory
324
295,555
295,555
295,555
295,555
295,555
295,555
295,555
295,555
295,555
295,555
329
296,676
296,676
296,676
296,676
296,676
296,676
296,676
296,676
296,676
296,676
375
296,455
296,455
296,455
296,455
296,455
296,455
296,455
296,455
296,455
296,455
