time
5097.0328605415925
hero_global_pos
-28.60980224609375,-138.88525390625
road_id
20
speed_limit
30.0
speed
20.583554340264005
traffic_light
None
translation_offset
2711.034475326538,1922.7863654717803
angle
88.77238464355469
hero_past_trajectory
352,589
353,580
353,574
352,564
352,554
352,544
353,534
353,526
352,516
352,507
actor_past_trajectory
324
296,587
296,587
296,587
296,587
296,587
296,587
296,587
296,587
296,587
296,587
329
296,708
296,708
296,708
296,708
296,708
296,708
296,708
296,708
296,708
296,708
345
353,-31
353,-31
353,-31
353,-31
353,-31
353,-31
353,-31
353,-31
353,-31
353,-31
375
297,487
297,487
297,487
297,487
297,487
297,487
297,487
297,487
297,487
297,487
