time
5097.173882777679
hero_global_pos
-29.426090240478516,-138.90272521972656
road_id
20
speed_limit
30.0
speed
20.614154131386016
traffic_light
None
translation_offset
2698.034475326538,1921.7863654717803
angle
88.77238464355469
hero_past_trajectory
352,593
352,587
352,577
351,567
351,557
352,547
352,539
352,529
351,520
351,515
actor_past_trajectory
324
295,600
295,600
295,600
295,600
295,600
295,600
295,600
295,600
295,600
295,600
329
296,721
296,721
296,721
296,721
296,721
296,721
296,721
296,721
296,721
296,721
345
352,-18
352,-18
352,-18
352,-18
352,-18
352,-18
352,-18
352,-18
352,-18
352,-18
375
296,500
296,500
296,500
296,500
296,500
296,500
296,500
296,500
296,500
296,500
