time
5097.235814054373
hero_global_pos
-29.763980865478516,-138.90997314453125
road_id
20
speed_limit
30.0
speed
20.590161541875435
traffic_light
None
translation_offset
2692.0344574451447,1921.7864724807441
angle
88.77243041992188
hero_past_trajectory
352,593
352,583
352,573
351,563
352,553
352,545
352,535
352,526
351,521
352,508
actor_past_trajectory
324
295,606
295,606
295,606
295,606
295,606
295,606
295,606
295,606
295,606
295,606
329
296,727
296,727
296,727
296,727
296,727
296,727
296,727
296,727
296,727
296,727
345
352,-12
352,-12
352,-12
352,-12
352,-12
352,-12
352,-12
352,-12
352,-12
352,-12
375
296,506
296,506
296,506
296,506
296,506
296,506
296,506
296,506
296,506
296,506
