time
5097.343105009633
hero_global_pos
-30.38176918029785,-138.92320251464844
road_id
20
speed_limit
30.0
speed
20.512278690622697
traffic_light
None
translation_offset
2682.0344306230545,1921.786579489708
angle
88.77247619628906
hero_past_trajectory
352,593
352,583
352,573
352,563
352,555
352,545
352,536
352,531
352,518
352,508
actor_past_trajectory
324
295,616
295,616
295,616
295,616
295,616
295,616
295,616
295,616
295,616
295,616
329
296,737
296,737
296,737
296,737
296,737
296,737
296,737
296,737
296,737
296,737
345
352,-2
352,-2
352,-2
352,-2
352,-2
352,-2
352,-2
352,-2
352,-2
352,-2
375
296,516
296,516
296,516
296,516
296,516
296,516
296,516
296,516
296,516
296,516
