time
12807.327261124665
hero_global_pos
-57.562660217285156,135.27574157714844
road_id
25
speed_limit
30.0
speed
20.85343523480998
translation_offset
2546.943485856056,6307.891129039228
angle
-88.43032813072205
hero_past_trajectory
353,604
353,595
352,585
352,564
352,556
352,556
352,533
352,531
352,522
351,509
actor_past_trajectory
533
296,561
296,561
296,561
296,561
296,561
296,561
296,561
296,561
296,561
296,561
549
296,332
296,332
296,332
296,332
296,332
296,332
296,332
296,332
296,332
296,332
555
297,27
298,36
298,45
298,62
297,70
297,70
298,88
298,93
297,103
297,115
574
296,446
296,446
296,446
296,446
296,446
296,446
296,446
296,446
296,446
296,446
