time
5097.416664501528
hero_global_pos
-30.98114585876465,-138.93603515625
road_id
20
speed_limit
30.0
speed
20.408064663810922
traffic_light
None
translation_offset
2673.034421682358,1921.7867580242455
angle
88.77253723144531
hero_past_trajectory
352,592
352,582
352,572
352,564
352,554
352,545
352,540
353,527
352,517
352,511
actor_past_trajectory
324
296,625
296,625
296,625
296,625
296,625
296,625
296,625
296,625
296,625
296,625
329
296,746
296,746
296,746
296,746
296,746
296,746
296,746
296,746
296,746
296,746
345
352,6
352,6
352,6
352,6
352,6
352,6
352,6
352,6
352,6
352,6
375
296,525
296,525
296,525
296,525
296,525
296,525
296,525
296,525
296,525
296,525
