time
318.46307061942207
hero_global_pos
-115.24871826171875,0.2906326353549957
road_id
68
is_junction
False
speed_limit
30.0
speed
0.0005089919175937253
traffic_light
None
translation_offset
1623.9986320734024,4152.641579087824
angle
-90.24506591260433
hero_past_trajectory
352,502
352,502
352,502
352,502
352,502
352,502
352,502
352,502
352,502
352,502
actor_past_trajectory
103
352,759
352,745
352,738
353,730
353,717
353,710
353,703
353,694
353,683
353,676
106
-113,75
-100,75
-93,75
-86,75
-73,75
-66,75
-58,75
-49,75
-38,74
-30,74
113
327,16
341,15
348,15
356,15
369,15
376,15
384,15
393,15
404,15
412,15
115
353,268
353,268
353,268
353,268
353,268
353,268
353,268
353,268
353,268
353,268
144
157,17
170,17
178,17
185,17
195,16
201,15
208,15
217,13
229,11
237,8
168
291,161
293,173
294,180
295,186
296,199
296,205
296,213
297,222
297,234
297,243
172
352,385
352,385
352,385
352,385
352,385
352,385
352,385
352,385
352,385
352,385
