time
318.81806520515966
hero_global_pos
-115.24871826171875,0.2906326353549957
road_id
68
is_junction
False
speed_limit
30.0
speed
0.007901175879085497
traffic_light
None
translation_offset
1623.9986320734024,4152.641579087824
angle
-90.24506591260433
hero_past_trajectory
352,502
352,502
352,502
352,502
352,502
352,502
352,502
352,502
352,502
352,502
actor_past_trajectory
103
353,717
353,710
353,703
353,694
353,683
353,676
353,662
353,655
353,649
353,643
106
-73,75
-66,75
-58,75
-49,75
-38,74
-30,74
-16,74
-8,74
0,74
8,73
113
369,15
376,15
384,15
393,15
404,15
412,15
427,15
435,15
444,15
452,15
115
353,268
353,268
353,268
353,268
353,268
353,268
353,268
353,268
353,268
353,268
144
195,16
201,15
208,15
217,13
229,11
237,8
253,3
262,0
271,-5
278,-10
168
296,199
296,205
296,213
297,222
297,234
297,243
297,260
297,269
297,279
297,288
172
352,385
352,385
352,385
352,385
352,385
352,385
352,385
352,385
352,385
352,385
