time
5098.32696237589
hero_global_pos
-36.07020950317383,-139.0450897216797
road_id
20
speed_limit
30.0
speed
20.520646449674345
traffic_light
None
translation_offset
2591.0344574451447,1919.7864367179573
angle
88.77241516113281
hero_past_trajectory
352,593
352,584
351,571
352,564
352,558
352,545
352,536
352,529
352,519
352,509
actor_past_trajectory
324
295,707
295,707
295,707
295,707
295,707
295,707
295,707
295,707
295,707
295,707
345
352,88
352,88
352,88
352,88
352,88
352,88
352,88
352,88
352,88
352,88
375
296,607
296,607
296,607
296,607
296,607
296,607
296,607
296,607
296,607
296,607
