time
5098.447233316365
hero_global_pos
-36.968544006347656,-139.06434631347656
road_id
20
speed_limit
30.0
speed
20.393537901580483
traffic_light
None
translation_offset
2582.0344306230545,1919.7867940664291
angle
88.77255249023438
hero_past_trajectory
352,593
352,580
353,573
352,567
352,554
352,545
352,538
353,528
352,518
352,511
actor_past_trajectory
324
296,716
296,716
296,716
296,716
296,716
296,716
296,716
296,716
296,716
296,716
345
352,97
352,97
352,97
352,97
352,97
352,97
352,97
352,97
352,97
352,97
375
296,616
296,616
296,616
296,616
296,616
296,616
296,616
296,616
296,616
296,616
