time
5098.687493053141
hero_global_pos
-37.9627571105957,-139.08566284179688
road_id
20
speed_limit
30.0
speed
20.19544930762673
traffic_light
None
translation_offset
2561.0344038009644,1918.7875802889466
angle
88.77285766601562
hero_past_trajectory
352,594
352,588
352,575
351,566
351,559
352,549
352,539
352,532
351,518
351,512
actor_past_trajectory
324
295,737
295,737
295,737
295,737
295,737
295,737
295,737
295,737
295,737
295,737
345
352,118
352,118
352,118
352,118
352,118
352,118
352,118
352,118
352,118
352,118
375
296,637
296,637
296,637
296,637
296,637
296,637
296,637
296,637
296,637
296,637
