time
5098.7891030533865
hero_global_pos
-38.53654861450195,-139.09793090820312
road_id
20
speed_limit
30.0
speed
20.086593176575942
traffic_light
None
translation_offset
2552.0344038009644,1918.7877951450646
angle
88.77293395996094
hero_past_trajectory
352,597
352,584
352,575
351,568
352,558
352,548
352,541
352,527
351,521
352,511
actor_past_trajectory
324
295,746
295,746
295,746
295,746
295,746
295,746
295,746
295,746
295,746
295,746
345
352,127
352,127
352,127
352,127
352,127
352,127
352,127
352,127
352,127
352,127
375
296,646
296,646
296,646
296,646
296,646
296,646
296,646
296,646
296,646
296,646
