time
5098.896172820467
hero_global_pos
-39.13898849487305,-139.11082458496094
road_id
20
speed_limit
30.0
speed
19.947195328189895
traffic_light
None
translation_offset
2542.034412741661,1918.7880812473595
angle
88.77304077148438
hero_past_trajectory
352,594
352,585
352,578
352,568
352,558
352,551
352,537
352,531
352,521
352,512
actor_past_trajectory
328
342,-134
339,-126
335,-119
331,-110
327,-102
325,-95
321,-85
319,-76
316,-66
313,-57
345
352,137
352,137
352,137
352,137
352,137
352,137
352,137
352,137
352,137
352,137
375
296,656
296,656
296,656
296,656
296,656
296,656
296,656
296,656
296,656
296,656
