time
5099.000474856111
hero_global_pos
-39.70679473876953,-139.1230010986328
road_id
20
speed_limit
30.0
speed
20.059735094931263
traffic_light
None
translation_offset
2533.034412741661,1918.7877236194909
angle
88.77290344238281
hero_past_trajectory
352,594
352,587
353,577
352,567
352,560
352,546
352,540
353,530
352,521
352,511
actor_past_trajectory
328
339,-117
335,-110
331,-101
327,-93
325,-86
322,-76
319,-67
316,-57
313,-48
310,-38
339
-2,-50
-2,-50
-2,-50
-2,-50
-2,-50
-2,-50
-2,-50
-2,-50
-2,-50
-2,-50
345
352,146
352,146
352,146
352,146
352,146
352,146
352,146
352,146
352,146
352,146
375
296,665
296,665
296,665
296,665
296,665
296,665
296,665
296,665
296,665
296,665
