time
5099.100848778959
hero_global_pos
-40.27809143066406,-139.13523864746094
road_id
20
speed_limit
30.0
speed
20.43608795837979
traffic_light
None
translation_offset
2524.0344306230545,1918.7869013547897
angle
88.77259826660156
hero_past_trajectory
352,596
353,586
353,576
352,569
352,555
352,549
353,539
353,530
352,520
352,510
actor_past_trajectory
313
94,-43
94,-43
94,-43
94,-43
94,-43
94,-43
94,-43
94,-43
94,-43
94,-43
328
335,-101
331,-92
327,-84
326,-77
322,-67
319,-58
316,-48
313,-39
311,-29
309,-20
339
-2,-41
-2,-41
-2,-41
-2,-41
-2,-41
-2,-41
-2,-41
-2,-41
-2,-41
-2,-41
345
353,155
353,155
353,155
353,155
353,155
353,155
353,155
353,155
353,155
353,155
375
297,674
297,674
297,674
297,674
297,674
297,674
297,674
297,674
297,674
297,674
