time
5099.301724953453
hero_global_pos
-41.41386032104492,-139.15956115722656
road_id
20
speed_limit
30.0
speed
20.658203673810767
traffic_light
None
translation_offset
2506.0344932079315,1917.7864375561476
angle
88.77241516113281
hero_past_trajectory
352,594
352,587
352,573
351,567
352,557
352,548
352,538
352,528
351,520
351,512
actor_past_trajectory
313
94,-25
94,-25
94,-25
94,-25
94,-25
94,-25
94,-25
94,-25
94,-25
94,-25
328
327,-66
325,-59
321,-49
318,-40
316,-30
313,-21
310,-11
308,-2
306,6
306,13
339
-2,-23
-2,-23
-2,-23
-2,-23
-2,-23
-2,-23
-2,-23
-2,-23
-2,-23
-2,-23
345
352,173
352,173
352,173
352,173
352,173
352,173
352,173
352,173
352,173
352,173
375
296,692
296,692
296,692
296,692
296,692
296,692
296,692
296,692
296,692
296,692
