time
5099.453518724877
hero_global_pos
-42.365570068359375,-139.17996215820312
road_id
20
speed_limit
30.0
speed
20.67748879773787
traffic_light
None
translation_offset
2491.034448504448,1917.7867228202522
angle
88.77252197265625
hero_past_trajectory
352,588
352,582
352,572
352,563
352,553
352,543
352,535
352,527
352,517
352,508
actor_past_trajectory
313
94,-10
94,-10
94,-10
94,-10
94,-10
94,-10
94,-10
94,-10
94,-10
94,-10
328
321,-34
319,-25
316,-15
313,-6
310,3
308,12
307,21
306,28
304,38
302,47
339
-2,-8
-2,-8
-2,-8
-2,-8
-2,-8
-2,-8
-2,-8
-2,-8
-2,-8
-2,-8
345
352,188
352,188
352,188
352,188
352,188
352,188
352,188
352,188
352,188
352,188
375
296,707
296,707
296,707
296,707
296,707
296,707
296,707
296,707
296,707
296,707
