time
5099.650406891356
hero_global_pos
-43.55410385131836,-139.20542907714844
road_id
20
speed_limit
30.0
speed
20.4726286182669
traffic_light
None
translation_offset
2472.034412741661,1917.7871511355042
angle
88.77268981933594
hero_past_trajectory
353,591
353,582
352,572
352,562
352,554
352,546
353,536
353,527
352,517
352,511
actor_past_trajectory
313
94,8
94,8
94,8
94,8
94,8
94,8
94,8
94,8
94,8
94,8
328
316,3
313,12
311,22
309,31
307,40
306,47
304,57
303,66
302,72
301,82
339
-2,10
-2,10
-2,10
-2,10
-2,10
-2,10
-2,10
-2,10
-2,10
-2,10
345
353,207
353,207
353,207
353,207
353,207
353,207
353,207
353,207
353,207
353,207
356
112,-47
112,-47
112,-47
112,-47
112,-47
112,-47
112,-47
112,-47
112,-47
112,-47
375
297,726
297,726
297,726
297,726
297,726
297,726
297,726
297,726
297,726
297,726
389
10,-45
10,-45
10,-45
10,-45
10,-45
10,-45
10,-45
10,-45
10,-45
10,-45
