time
320.67956646116363
hero_global_pos
-115.24871826171875,0.2906326353549957
road_id
68
is_junction
False
speed_limit
30.0
speed
0.0020517098961140836
traffic_light
None
translation_offset
1623.9986320734024,4152.641579087824
angle
-90.24506591260433
hero_past_trajectory
352,502
352,502
352,502
352,502
352,502
352,502
352,502
352,502
352,502
352,502
actor_past_trajectory
103
352,616
352,616
352,616
352,616
352,616
352,616
352,616
352,616
352,616
352,616
106
92,73
101,73
108,73
116,73
129,73
136,73
148,73
156,73
167,73
176,73
113
536,14
545,14
552,14
559,14
572,14
579,14
591,14
599,14
610,14
619,14
115
353,268
353,268
353,268
353,268
353,268
353,268
353,268
353,268
353,268
353,268
168
297,388
297,399
297,408
297,417
297,433
297,442
297,456
297,465
297,479
296,490
172
352,385
352,385
352,385
352,385
352,385
352,385
352,385
352,385
352,385
352,385
