time
5100.190674996811
hero_global_pos
-46.51736068725586,-139.26893615722656
road_id
20
speed_limit
30.0
speed
20.138563805284186
traffic_light
None
translation_offset
2424.0344038009644,1916.787973958999
angle
88.77301025390625
hero_past_trajectory
352,594
353,584
353,575
352,565
352,559
353,546
353,536
353,527
352,518
352,511
actor_past_trajectory
313
94,56
94,56
94,56
94,56
94,56
94,56
94,56
94,56
94,56
94,56
328
306,95
304,105
303,114
302,120
301,130
300,138
299,148
298,161
298,170
297,177
339
-2,58
-2,58
-2,58
-2,58
-2,58
-2,58
-2,58
-2,58
-2,58
-2,58
345
353,255
353,255
353,255
353,255
353,255
353,255
353,255
353,255
353,255
353,255
356
112,0
112,0
112,0
112,0
112,0
112,0
112,0
112,0
112,0
112,0
389
10,2
10,2
10,2
10,2
10,2
10,2
10,2
10,2
10,2
10,2
