time
5100.292465900879
hero_global_pos
-47.00916290283203,-139.2794647216797
road_id
20
speed_limit
30.0
speed
20.357421203956847
traffic_light
None
translation_offset
2416.0344038009644,1915.787473000586
angle
88.77281188964844
hero_past_trajectory
352,592
352,583
352,573
351,567
352,554
352,544
352,535
352,526
351,519
351,510
actor_past_trajectory
313
94,64
94,64
94,64
94,64
94,64
94,64
94,64
94,64
94,64
94,64
328
304,113
302,122
301,128
300,138
299,146
299,156
297,169
297,178
296,185
296,194
339
-2,67
-2,67
-2,67
-2,67
-2,67
-2,67
-2,67
-2,67
-2,67
-2,67
345
352,263
352,263
352,263
352,263
352,263
352,263
352,263
352,263
352,263
352,263
356
111,8
111,8
111,8
111,8
111,8
111,8
111,8
111,8
111,8
111,8
389
9,10
9,10
9,10
9,10
9,10
9,10
9,10
9,10
9,10
9,10
