time
5100.499092835809
hero_global_pos
-48.18998336791992,-139.30474853515625
road_id
20
speed_limit
30.0
speed
20.51287406708951
traffic_light
None
translation_offset
2397.034448504448,1915.7871877364814
angle
88.772705078125
hero_past_trajectory
352,592
352,586
353,573
352,563
352,554
352,545
352,538
352,529
352,521
352,510
actor_past_trajectory
313
94,83
94,83
94,83
94,83
94,83
94,83
94,83
94,83
94,83
94,83
328
301,147
301,157
300,165
299,175
297,188
297,197
297,204
297,213
297,221
296,233
339
-2,86
-2,86
-2,86
-2,86
-2,86
-2,86
-2,86
-2,86
-2,86
-2,86
345
352,282
352,282
352,282
352,282
352,282
352,282
352,282
352,282
352,282
352,282
356
112,27
112,27
112,27
112,27
112,27
112,27
112,27
112,27
112,27
112,27
389
10,29
10,29
10,29
10,29
10,29
10,29
10,29
10,29
10,29
10,29
