time
5100.709265242207
hero_global_pos
-49.35208511352539,-139.32965087890625
road_id
20
speed_limit
30.0
speed
20.41943786391804
traffic_light
None
translation_offset
2379.034412741661,1915.7877236194909
angle
88.77290344238281
hero_past_trajectory
353,591
353,581
352,572
352,563
352,556
352,547
353,539
353,528
352,520
352,511
actor_past_trajectory
313
94,101
94,101
94,101
94,101
94,101
94,101
94,101
94,101
94,101
94,101
328
300,183
299,193
298,206
298,215
297,222
297,231
297,239
297,251
297,258
297,267
339
-2,104
-2,104
-2,104
-2,104
-2,104
-2,104
-2,104
-2,104
-2,104
-2,104
345
353,300
353,300
353,300
353,300
353,300
353,300
353,300
353,300
353,300
353,300
356
112,45
112,45
112,45
112,45
112,45
112,45
112,45
112,45
112,45
112,45
389
10,47
10,47
10,47
10,47
10,47
10,47
10,47
10,47
10,47
10,47
