time
5100.76894354901
hero_global_pos
-49.79852294921875,-139.33920288085938
road_id
20
speed_limit
30.0
speed
20.357139069977627
traffic_light
None
translation_offset
2372.0343948602676,1914.7879021540284
angle
88.77297973632812
hero_past_trajectory
352,588
352,579
351,570
351,563
351,554
352,546
352,535
352,527
351,518
351,509
actor_past_trajectory
313
94,108
94,108
94,108
94,108
94,108
94,108
94,108
94,108
94,108
94,108
328
299,200
297,213
297,222
296,229
296,238
297,246
296,258
296,265
296,274
295,283
339
-2,111
-2,111
-2,111
-2,111
-2,111
-2,111
-2,111
-2,111
-2,111
-2,111
345
352,307
352,307
352,307
352,307
352,307
352,307
352,307
352,307
352,307
352,307
356
111,52
111,52
111,52
111,52
111,52
111,52
111,52
111,52
111,52
111,52
389
9,54
9,54
9,54
9,54
9,54
9,54
9,54
9,54
9,54
9,54
