time
321.78882566610264
hero_global_pos
-115.24871826171875,0.2906326353549957
road_id
68
is_junction
False
speed_limit
30.0
speed
0.0022908139513387175
traffic_light
None
translation_offset
1623.9986320734024,4152.641579087824
angle
-90.24506591260433
hero_past_trajectory
352,502
352,502
352,502
352,502
352,502
352,502
352,502
352,502
352,502
352,502
actor_past_trajectory
103
352,616
352,616
352,616
352,616
352,616
352,616
352,616
352,616
352,616
352,616
106
195,74
202,75
213,78
219,80
229,84
238,88
244,93
250,98
255,103
265,114
113
638,14
646,14
656,14
663,14
674,14
683,14
692,14
699,14
706,12
720,12
115
353,268
353,268
353,268
353,268
353,268
353,268
353,268
353,268
353,268
353,268
168
296,514
296,523
296,536
296,544
296,558
296,570
296,580
296,589
296,597
296,615
172
352,385
352,385
352,385
352,385
352,385
352,385
352,385
352,385
352,385
352,385
