time
5101.012280389543
hero_global_pos
-51.09092330932617,-139.36688232421875
road_id
20
speed_limit
30.0
speed
20.11854953493531
traffic_light
None
translation_offset
2351.034359097481,1914.7898330651224
angle
88.77371215820312
hero_past_trajectory
352,591
352,584
352,575
352,567
352,556
352,548
352,539
352,530
352,523
352,516
actor_past_trajectory
313
94,129
94,129
94,129
94,129
94,129
94,129
94,129
94,129
94,129
94,129
322
537,-43
537,-43
537,-43
537,-43
537,-43
537,-43
537,-43
537,-43
537,-43
537,-43
328
297,243
297,250
297,259
297,267
296,279
296,286
297,295
296,304
296,311
296,318
339
-2,132
-2,132
-2,132
-2,132
-2,132
-2,132
-2,132
-2,132
-2,132
-2,132
345
352,328
352,328
352,328
352,328
352,328
352,328
352,328
352,328
352,328
352,328
353
632,-41
632,-41
632,-41
632,-41
632,-41
632,-41
632,-41
632,-41
632,-41
632,-41
356
112,73
112,73
112,73
112,73
112,73
112,73
112,73
112,73
112,73
112,73
389
10,75
10,75
10,75
10,75
10,75
10,75
10,75
10,75
10,75
10,75
394
749,-38
749,-38
749,-38
749,-38
749,-38
749,-38
749,-38
749,-38
749,-38
749,-38
