time
5101.112549079458
hero_global_pos
-51.45588684082031,-139.3747100830078
road_id
20
speed_limit
30.0
speed
19.633278045057157
traffic_light
None
translation_offset
2345.0342696905136,1914.7952324077487
angle
88.77577209472656
hero_past_trajectory
352,590
352,581
353,573
352,562
352,554
352,545
352,536
353,529
352,522
352,508
actor_past_trajectory
313
94,135
94,135
94,135
94,135
94,135
94,135
94,135
94,135
94,135
94,135
322
538,-37
538,-37
538,-37
538,-37
538,-37
538,-37
538,-37
538,-37
538,-37
538,-37
328
297,256
297,265
297,273
296,285
297,292
297,301
296,310
296,317
296,324
296,338
339
-2,137
-2,137
-2,137
-2,137
-2,137
-2,137
-2,137
-2,137
-2,137
-2,137
345
352,334
352,334
352,334
352,334
352,334
352,334
352,334
352,334
352,334
352,334
353
633,-35
633,-35
633,-35
633,-35
633,-35
633,-35
633,-35
633,-35
633,-35
633,-35
356
112,79
112,79
112,79
112,79
112,79
112,79
112,79
112,79
112,79
112,79
389
10,81
10,81
10,81
10,81
10,81
10,81
10,81
10,81
10,81
10,81
394
749,-32
749,-32
749,-32
749,-32
749,-32
749,-32
749,-32
749,-32
749,-32
749,-32
