time
5101.2218966301225
hero_global_pos
-52.199275970458984,-139.3904571533203
road_id
20
speed_limit
30.0
speed
16.415650315973988
traffic_light
None
translation_offset
2333.0365406274796,1914.7584372498095
angle
88.76170349121094
hero_past_trajectory
352,593
353,585
353,574
352,566
352,557
352,548
353,541
353,534
352,520
352,514
actor_past_trajectory
313
94,147
94,147
94,147
94,147
94,147
94,147
94,147
94,147
94,147
94,147
322
538,-25
538,-25
538,-25
538,-25
538,-25
538,-25
538,-25
538,-25
538,-25
538,-25
328
297,277
297,285
297,297
297,304
297,313
296,322
296,329
296,336
297,350
297,356
339
-2,150
-2,150
-2,150
-2,150
-2,150
-2,150
-2,150
-2,150
-2,150
-2,150
345
353,346
353,346
353,346
353,346
353,346
353,346
353,346
353,346
353,346
353,346
353
633,-23
633,-23
633,-23
633,-23
633,-23
633,-23
633,-23
633,-23
633,-23
633,-23
356
112,91
112,91
112,91
112,91
112,91
112,91
112,91
112,91
112,91
112,91
389
10,93
10,93
10,93
10,93
10,93
10,93
10,93
10,93
10,93
10,93
394
749,-20
749,-20
749,-20
749,-20
749,-20
749,-20
749,-20
749,-20
749,-20
749,-20
