time
5101.31077537813
hero_global_pos
-52.624359130859375,-139.3996124267578
road_id
20
speed_limit
30.0
speed
15.712670381415446
traffic_light
None
translation_offset
2328.0376492738724,1913.7639698646963
angle
88.76380920410156
hero_past_trajectory
352,590
352,579
351,571
351,562
351,553
352,546
352,539
351,525
351,519
351,507
actor_past_trajectory
313
93,152
93,152
93,152
93,152
93,152
93,152
93,152
93,152
93,152
93,152
322
537,-20
537,-20
537,-20
537,-20
537,-20
537,-20
537,-20
537,-20
537,-20
537,-20
328
296,290
296,302
296,309
296,318
295,327
295,334
296,341
296,355
296,361
295,374
339
-3,155
-3,155
-3,155
-3,155
-3,155
-3,155
-3,155
-3,155
-3,155
-3,155
345
352,351
352,351
352,351
352,351
352,351
352,351
352,351
352,351
352,351
352,351
353
632,-18
632,-18
632,-18
632,-18
632,-18
632,-18
632,-18
632,-18
632,-18
632,-18
356
111,96
111,96
111,96
111,96
111,96
111,96
111,96
111,96
111,96
111,96
389
9,98
9,98
9,98
9,98
9,98
9,98
9,98
9,98
9,98
9,98
394
748,-15
748,-15
748,-15
748,-15
748,-15
748,-15
748,-15
748,-15
748,-15
748,-15
