time
5101.398202919743
hero_global_pos
-52.9591064453125,-139.40679931640625
road_id
20
speed_limit
30.0
speed
15.434517893124037
traffic_light
None
translation_offset
2321.037372112274,1913.7685067094862
angle
88.76554870605469
hero_past_trajectory
352,586
352,578
351,569
351,560
352,553
352,546
352,532
352,526
351,514
352,507
actor_past_trajectory
313
94,159
94,159
94,159
94,159
94,159
94,159
94,159
94,159
94,159
94,159
322
537,-13
537,-13
537,-13
537,-13
537,-13
537,-13
537,-13
537,-13
537,-13
537,-13
328
296,309
296,316
296,325
295,334
296,341
296,348
296,362
296,368
295,381
296,389
339
-2,162
-2,162
-2,162
-2,162
-2,162
-2,162
-2,162
-2,162
-2,162
-2,162
345
352,358
352,358
352,358
352,358
352,358
352,358
352,358
352,358
352,358
352,358
353
632,-11
632,-11
632,-11
632,-11
632,-11
632,-11
632,-11
632,-11
632,-11
632,-11
356
111,103
111,103
111,103
111,103
111,103
111,103
111,103
111,103
111,103
111,103
389
9,105
9,105
9,105
9,105
9,105
9,105
9,105
9,105
9,105
9,105
394
748,-8
748,-8
748,-8
748,-8
748,-8
748,-8
748,-8
748,-8
748,-8
748,-8
