time
12807.734565556908
hero_global_pos
-54.635623931884766,135.2064666748047
road_id
25
speed_limit
30.0
speed
19.814570492192463
translation_offset
2593.9568969011307,6307.409232914448
angle
-88.6282958984375
hero_past_trajectory
352,603
352,603
352,580
352,578
352,569
351,557
351,549
352,540
352,522
352,519
actor_past_trajectory
533
296,608
296,608
296,608
296,608
296,608
296,608
296,608
296,608
296,608
296,608
549
295,379
295,379
295,379
295,379
295,379
295,379
295,379
295,379
295,379
295,379
555
296,117
296,117
296,135
296,140
296,150
296,162
296,171
296,181
296,200
296,203
574
296,493
296,493
296,493
296,493
296,493
296,493
296,493
296,493
296,493
296,493
