time
5101.558341778225
hero_global_pos
-53.55614471435547,-139.41966247558594
road_id
20
speed_limit
30.0
speed
12.300390959898246
traffic_light
None
translation_offset
2312.038257241249,1913.7779690399766
angle
88.76914978027344
hero_past_trajectory
352,578
351,569
352,562
352,555
352,541
352,535
351,523
352,516
352,511
352,504
actor_past_trajectory
313
94,168
94,168
94,168
94,168
94,168
94,168
94,168
94,168
94,168
94,168
322
537,-4
537,-4
537,-4
537,-4
537,-4
537,-4
537,-4
537,-4
537,-4
537,-4
328
296,334
296,343
296,350
296,357
296,371
296,377
296,390
296,398
296,406
296,416
339
-2,171
-2,171
-2,171
-2,171
-2,171
-2,171
-2,171
-2,171
-2,171
-2,171
345
352,367
352,367
352,367
352,367
352,367
352,367
352,367
352,367
352,367
352,367
353
632,-2
632,-2
632,-2
632,-2
632,-2
632,-2
632,-2
632,-2
632,-2
632,-2
356
112,112
112,112
112,112
112,112
112,112
112,112
112,112
112,112
112,112
112,112
389
10,114
10,114
10,114
10,114
10,114
10,114
10,114
10,114
10,114
10,114
394
748,0
748,0
748,0
748,0
748,0
748,0
748,0
748,0
748,0
748,0
