time
5101.698443902067
hero_global_pos
-54.03924560546875,-139.43003845214844
road_id
20
speed_limit
30.0
speed
10.842252369279997
traffic_light
None
translation_offset
2305.039866566658,1913.7838698998094
angle
88.77139282226562
hero_past_trajectory
352,576
352,569
352,562
352,548
352,542
352,530
352,523
352,518
352,511
352,509
actor_past_trajectory
313
94,175
94,175
94,175
94,175
94,175
94,175
94,175
94,175
94,175
94,175
322
537,2
537,2
537,2
537,2
537,2
537,2
537,2
537,2
537,2
537,2
328
296,350
296,357
296,364
296,378
296,384
296,397
296,405
296,413
296,423
296,427
339
-2,178
-2,178
-2,178
-2,178
-2,178
-2,178
-2,178
-2,178
-2,178
-2,178
345
352,374
352,374
352,374
352,374
352,374
352,374
352,374
352,374
352,374
352,374
353
632,4
632,4
632,4
632,4
632,4
632,4
632,4
632,4
632,4
632,4
356
112,119
112,119
112,119
112,119
112,119
112,119
112,119
112,119
112,119
112,119
389
10,121
10,121
10,121
10,121
10,121
10,121
10,121
10,121
10,121
10,121
392
749,-48
749,-48
749,-48
749,-48
749,-48
749,-48
749,-48
749,-48
749,-48
749,-48
394
748,7
748,7
748,7
748,7
748,7
748,7
748,7
748,7
748,7
748,7
