time
5101.786768841899
hero_global_pos
-54.257137298583984,-139.43470764160156
road_id
20
speed_limit
30.0
speed
10.70096905881889
traffic_light
None
translation_offset
2300.037908554077,1913.7845435254276
angle
88.77166748046875
hero_past_trajectory
353,574
352,567
352,553
352,547
352,535
353,528
352,523
352,516
352,514
352,506
actor_past_trajectory
313
94,180
94,180
94,180
94,180
94,180
94,180
94,180
94,180
94,180
94,180
321
636,-46
636,-46
636,-46
636,-46
636,-46
636,-46
636,-46
636,-46
636,-46
636,-46
322
537,7
537,7
537,7
537,7
537,7
537,7
537,7
537,7
537,7
537,7
326
514,-48
514,-48
514,-48
514,-48
514,-48
514,-48
514,-48
514,-48
514,-48
514,-48
328
296,362
296,369
296,383
297,389
296,402
296,410
296,418
296,428
296,432
296,443
339
-2,183
-2,183
-2,183
-2,183
-2,183
-2,183
-2,183
-2,183
-2,183
-2,183
345
352,379
352,379
352,379
352,379
352,379
352,379
352,379
352,379
352,379
352,379
353
632,9
632,9
632,9
632,9
632,9
632,9
632,9
632,9
632,9
632,9
356
112,124
112,124
112,124
112,124
112,124
112,124
112,124
112,124
112,124
112,124
389
10,126
10,126
10,126
10,126
10,126
10,126
10,126
10,126
10,126
10,126
392
749,-43
749,-43
749,-43
749,-43
749,-43
749,-43
749,-43
749,-43
749,-43
749,-43
394
749,12
749,12
749,12
749,12
749,12
749,12
749,12
749,12
749,12
749,12
