time
5102.319742287851
hero_global_pos
-54.913055419921875,-139.44903564453125
road_id
20
speed_limit
30.0
speed
0.019734826103260366
traffic_light
None
translation_offset
2290.043675303459,1913.8309158459306
angle
88.78932189941406
hero_past_trajectory
353,538
353,533
353,526
352,524
352,516
352,512
352,507
352,506
352,502
352,502
actor_past_trajectory
313
94,190
94,190
94,190
94,190
94,190
94,190
94,190
94,190
94,190
94,190
321
637,-36
637,-36
637,-36
637,-36
637,-36
637,-36
637,-36
637,-36
637,-36
637,-36
322
538,17
538,17
538,17
538,17
538,17
538,17
538,17
538,17
538,17
538,17
326
515,-38
515,-38
515,-38
515,-38
515,-38
514,-38
513,-39
512,-39
509,-38
507,-38
328
296,420
296,428
297,438
297,442
296,453
296,463
296,473
296,477
297,493
296,499
339
-2,192
-2,192
-2,192
-2,192
-2,192
-2,192
-2,192
-2,192
-2,192
-2,192
345
353,389
353,389
353,389
353,389
353,389
353,389
353,389
353,389
353,389
353,389
353
633,19
633,19
633,19
633,19
633,19
633,19
633,19
633,19
633,19
633,19
356
112,134
112,134
112,134
112,134
112,134
112,134
112,134
112,134
112,134
112,134
389
10,136
10,136
10,136
10,136
10,136
10,136
10,136
10,136
10,136
10,136
392
750,-33
750,-33
750,-33
750,-33
750,-33
750,-33
750,-33
750,-33
750,-33
750,-33
394
749,22
749,22
749,22
749,22
749,22
749,22
749,22
749,22
749,22
749,22
