time
4930.328826565172
hero_global_pos
124.18927764892578,-132.11106872558594
road_id
18
speed_limit
30.0
speed
20.50788473608833
traffic_light
None
translation_offset
5454.965497851372,2037.2155827619135
angle
-91.22835659980774
hero_past_trajectory
352,594
352,584
353,574
352,565
352,556
352,547
352,537
352,531
352,522
352,510
actor_past_trajectory
315
352,286
352,286
352,286
352,286
352,286
352,286
352,286
352,286
352,286
352,286
390
103,82
103,82
103,82
103,82
103,82
103,82
103,82
103,82
103,82
103,82
