time
5102.524773740552
hero_global_pos
-54.91499328613281,-139.4490966796875
road_id
20
speed_limit
30.0
speed
0.018446406200363537
traffic_light
None
translation_offset
2290.035575032234,1913.830780338496
angle
88.78933715820312
hero_past_trajectory
353,526
352,524
352,516
352,512
352,507
352,506
352,502
352,502
352,502
352,502
actor_past_trajectory
313
94,190
94,190
94,190
94,190
94,190
94,190
94,190
94,190
94,190
94,190
321
637,-36
637,-36
637,-36
637,-36
637,-36
637,-36
637,-36
637,-36
637,-36
636,-36
322
538,17
538,17
538,17
538,17
538,17
538,17
538,17
538,17
538,17
538,17
326
515,-38
515,-38
515,-38
514,-38
513,-39
512,-38
509,-38
507,-38
503,-38
500,-38
328
297,438
297,442
296,453
296,463
296,473
296,477
297,493
296,499
296,511
296,517
339
-2,192
-2,192
-2,192
-2,192
-2,192
-2,192
-2,192
-2,192
-2,192
-2,192
345
353,389
353,389
353,389
353,389
353,389
353,389
353,389
353,389
353,389
353,389
353
633,19
633,19
633,19
633,19
633,19
633,19
633,19
633,19
633,19
633,19
356
112,134
112,134
112,134
112,134
112,134
112,134
112,134
112,134
112,134
112,134
389
10,136
10,136
10,136
10,136
10,136
10,136
10,136
10,136
10,136
10,136
392
750,-33
750,-33
750,-33
750,-33
750,-33
750,-33
750,-33
750,-33
750,-33
750,-33
394
749,23
749,23
749,23
749,23
749,23
749,23
749,23
749,23
749,23
749,23
