time
5103.123733848675
hero_global_pos
-54.91640853881836,-139.4491424560547
road_id
20
speed_limit
30.0
speed
0.002969511989667328
traffic_light
None
translation_offset
2290.0334829092026,1913.830736193806
angle
88.78933715820312
hero_past_trajectory
352,502
352,502
352,502
352,502
352,502
352,502
352,502
352,502
352,502
352,502
actor_past_trajectory
313
94,190
94,190
94,190
94,190
94,190
94,190
94,190
94,190
94,190
94,190
321
637,-36
637,-36
637,-36
636,-36
634,-36
632,-36
628,-36
625,-36
619,-37
610,-37
322
538,17
538,17
538,17
538,17
538,17
538,17
538,17
538,17
538,17
538,17
326
509,-38
507,-38
503,-38
500,-38
494,-38
492,-38
486,-38
482,-38
476,-39
466,-39
328
297,493
296,499
296,511
296,517
297,530
297,535
296,546
296,552
296,562
297,576
339
-2,192
-2,192
-2,192
-2,192
-2,192
-2,192
-2,192
-2,192
-2,192
-2,192
345
353,389
353,389
353,389
353,389
353,389
353,389
353,389
353,389
353,389
353,389
353
633,19
633,19
633,19
633,19
633,19
633,19
633,19
633,19
633,19
633,19
356
112,134
112,134
112,134
112,134
112,134
112,134
112,134
112,134
112,134
112,134
389
10,136
10,136
10,136
10,136
10,136
10,136
10,136
10,136
10,136
10,136
392
750,-33
750,-33
750,-33
750,-33
750,-33
750,-33
750,-33
750,-33
750,-33
748,-32
394
749,23
749,23
749,23
749,23
749,23
749,23
749,23
749,23
749,23
749,23
