time
5103.801051157869
hero_global_pos
-54.91648864746094,-139.4491424560547
road_id
20
speed_limit
30.0
speed
0.0074623596304791255
traffic_light
None
translation_offset
2290.0334829092026,1913.830736193806
angle
88.78933715820312
hero_past_trajectory
352,502
352,502
352,502
352,502
352,502
352,502
352,502
352,502
352,502
352,502
actor_past_trajectory
304
352,840
352,831
353,816
352,808
352,799
352,790
352,780
353,771
352,761
352,753
313
94,190
94,190
94,190
94,190
94,190
94,190
94,190
94,190
94,190
94,190
321
625,-36
619,-37
610,-37
604,-36
599,-36
594,-37
588,-37
582,-37
575,-37
568,-38
322
538,17
538,17
538,17
538,17
538,17
538,17
538,17
538,17
538,17
538,17
326
482,-38
476,-39
466,-39
460,-38
452,-38
444,-38
436,-38
427,-39
418,-39
411,-38
328
296,552
296,562
297,576
297,584
296,593
296,602
296,612
297,621
297,631
296,639
339
-2,192
-2,192
-2,192
-2,192
-2,192
-2,192
-2,192
-2,192
-2,192
-2,192
345
353,389
353,389
353,389
353,389
353,389
353,389
353,389
353,389
353,389
353,389
353
633,19
633,19
633,19
633,19
633,19
633,19
633,19
633,19
633,19
633,19
356
112,134
112,134
112,134
112,134
112,134
112,134
112,134
112,134
112,134
112,134
389
10,136
10,136
10,136
10,136
10,136
10,136
10,136
10,136
10,136
10,136
392
750,-33
750,-33
748,-32
746,-32
743,-32
739,-33
733,-33
727,-33
720,-34
714,-34
394
749,23
749,23
749,23
749,23
749,23
749,23
749,23
749,23
749,23
749,23
