time
5104.037774774588
hero_global_pos
-54.9164924621582,-139.44915771484375
road_id
20
speed_limit
30.0
speed
0.005623832174260989
traffic_light
None
translation_offset
2290.0334829092026,1913.830736193806
angle
88.78933715820312
hero_past_trajectory
352,502
352,502
352,502
352,502
352,502
352,502
352,502
352,502
352,502
352,502
actor_past_trajectory
304
353,816
352,808
352,799
352,790
352,780
353,771
352,761
352,753
352,747
352,737
313
94,190
94,190
94,190
94,190
94,190
94,190
94,190
94,190
94,190
94,190
321
610,-37
604,-36
599,-36
594,-37
588,-37
582,-37
575,-37
568,-38
564,-38
558,-37
322
538,17
538,17
538,17
538,17
538,17
538,17
538,17
538,17
538,17
538,17
326
466,-39
460,-38
452,-38
444,-38
436,-38
427,-39
418,-39
411,-38
406,-38
397,-38
328
297,576
297,584
296,593
296,602
296,612
297,621
297,631
296,639
296,645
296,655
339
-2,192
-2,192
-2,192
-2,192
-2,192
-2,192
-2,192
-2,192
-2,192
-2,192
345
353,389
353,389
353,389
353,389
353,389
353,389
353,389
353,389
353,389
353,389
353
633,19
633,19
633,19
633,19
633,19
633,19
633,19
633,19
633,19
633,19
356
112,134
112,134
112,134
112,134
112,134
112,134
112,134
112,134
112,134
112,134
389
10,136
10,136
10,136
10,136
10,136
10,136
10,136
10,136
10,136
10,136
392
748,-32
746,-32
743,-32
739,-33
733,-33
727,-33
720,-34
714,-34
710,-34
703,-35
394
749,23
749,23
749,23
749,23
749,23
749,23
749,23
749,23
749,23
749,23
