time
5104.417428887791
hero_global_pos
-54.9164924621582,-139.44915771484375
road_id
20
speed_limit
30.0
speed
0.007668383606123016
traffic_light
None
translation_offset
2290.0334829092026,1913.830736193806
angle
88.78933715820312
hero_past_trajectory
352,502
352,502
352,502
352,502
352,502
352,502
352,502
352,502
352,502
352,502
actor_past_trajectory
304
352,780
353,771
352,761
352,753
352,747
352,737
353,726
353,720
352,712
352,702
313
94,190
94,190
94,190
94,190
94,190
94,190
94,190
94,190
94,190
94,190
321
588,-37
582,-37
575,-37
568,-38
564,-38
558,-37
553,-37
551,-37
549,-37
549,-37
322
538,17
538,17
538,17
538,17
538,17
538,17
538,17
538,17
538,17
538,17
326
436,-38
427,-39
418,-39
411,-38
406,-38
397,-38
386,-38
380,-38
372,-39
361,-38
328
296,612
297,621
297,631
296,639
296,645
296,655
296,667
297,672
297,680
296,690
339
-2,192
-2,192
-2,192
-2,192
-2,192
-2,192
-2,192
-2,192
-2,192
-2,192
345
353,389
353,389
353,389
353,389
353,389
353,389
353,389
353,389
353,389
353,389
353
633,19
633,19
633,19
633,19
633,19
633,19
633,19
633,19
633,19
633,19
356
112,134
112,134
112,134
112,134
112,134
112,134
112,134
112,134
112,134
112,134
389
10,136
10,136
10,136
10,136
10,136
10,136
10,136
10,136
10,136
10,136
392
733,-33
727,-33
720,-34
714,-34
710,-34
703,-35
696,-34
692,-34
686,-34
679,-35
394
749,23
749,23
749,23
749,23
749,23
749,23
749,23
749,23
749,23
749,23
