time
4913.3267413953945
hero_global_pos
84.15574645996094,-104.39505004882812
road_id
50
speed_limit
30.0
speed
9.63324200130402
traffic_light
None
translation_offset
4670.294267088175,2328.0991612672806
angle
-2.0227584838867188
hero_past_trajectory
352,577
352,566
352,556
352,548
351,543
352,534
352,526
352,518
352,511
352,506
actor_past_trajectory
304
351,372
351,372
351,372
351,372
351,372
351,372
351,372
351,372
351,372
351,372
315
352,257
352,257
352,257
352,257
352,257
352,257
352,257
352,257
352,257
352,257
