time
325.78552203768777
hero_global_pos
-115.24871826171875,0.2906326353549957
road_id
68
is_junction
False
speed_limit
30.0
speed
0.006754040345617755
traffic_light
None
translation_offset
1623.9986320734024,4152.641579087824
angle
-90.24506591260433
hero_past_trajectory
352,502
352,502
352,502
352,502
352,502
352,502
352,502
352,502
352,502
352,502
actor_past_trajectory
103
352,616
352,616
352,616
352,616
352,616
352,616
352,616
352,616
352,616
352,616
106
297,386
297,394
297,404
297,411
297,423
297,430
297,442
297,448
297,459
297,469
115
353,268
353,268
353,268
353,268
353,268
353,268
353,268
353,268
353,268
353,268
172
352,385
352,385
352,385
352,385
352,385
352,385
352,385
352,385
352,385
352,385
