time
5105.237180437303
hero_global_pos
-54.9164924621582,-139.44915771484375
road_id
20
speed_limit
30.0
speed
0.0065911812293071425
traffic_light
None
translation_offset
2290.0334829092026,1913.830736193806
angle
88.78933715820312
hero_past_trajectory
352,502
352,502
352,502
352,502
352,502
352,502
352,502
352,502
352,502
352,502
actor_past_trajectory
304
352,712
352,702
352,695
353,680
353,670
352,664
352,659
352,653
352,643
352,639
313
94,190
94,190
94,190
94,190
94,190
94,190
94,190
94,190
94,190
94,190
321
549,-37
549,-37
549,-37
549,-37
549,-37
549,-37
549,-37
549,-37
549,-37
549,-37
322
538,17
538,17
538,17
538,17
538,17
538,17
538,17
538,17
538,17
538,17
326
372,-39
361,-38
354,-38
338,-38
327,-38
318,-37
310,-37
302,-37
287,-37
280,-37
339
-2,192
-2,192
-2,192
-2,192
-2,192
-2,192
-2,192
-2,192
-2,192
-2,192
345
353,389
353,389
353,389
353,389
353,389
353,389
353,389
353,389
353,389
353,389
353
633,19
633,19
633,19
633,19
633,19
633,19
633,19
633,19
633,19
633,19
356
112,134
112,134
112,134
112,134
112,134
112,134
112,134
112,134
112,134
112,134
389
10,136
10,136
10,136
10,136
10,136
10,136
10,136
10,136
10,136
10,136
392
686,-34
679,-35
675,-35
669,-35
666,-35
663,-36
661,-36
661,-36
661,-36
661,-36
394
749,23
749,23
749,23
749,23
749,23
749,23
749,23
749,23
749,23
749,23
