time
4930.5982033227265
hero_global_pos
125.71617126464844,-132.07833862304688
road_id
18
speed_limit
30.0
speed
20.46577990650388
traffic_light
None
translation_offset
5479.965533614159,2038.2151728868484
angle
-91.22819972038269
hero_past_trajectory
352,590
352,581
352,572
351,562
351,556
352,547
352,535
352,527
351,521
351,507
actor_past_trajectory
315
352,311
352,311
352,311
352,311
352,311
352,311
352,311
352,311
352,311
352,311
390
102,107
102,107
102,107
102,107
102,107
102,107
102,107
102,107
102,107
102,107
