time
5106.86614632827
hero_global_pos
-54.9164924621582,-139.44915771484375
road_id
20
speed_limit
30.0
speed
0.005602208436287833
traffic_light
None
translation_offset
2290.0334829092026,1913.830736193806
angle
88.78933715820312
hero_past_trajectory
352,502
352,502
352,502
352,502
352,502
352,502
352,502
352,502
352,502
352,502
actor_past_trajectory
304
352,617
352,617
352,617
352,617
352,617
352,617
352,617
352,617
352,617
352,617
313
94,190
94,190
94,190
94,190
94,190
94,190
94,190
94,190
94,190
94,190
321
549,-37
549,-37
549,-37
549,-37
549,-37
549,-37
549,-37
549,-37
549,-37
549,-37
322
538,17
538,17
538,17
538,17
538,17
538,17
538,17
538,17
538,17
538,17
326
200,-35
192,-35
181,-34
170,-34
160,-34
150,-34
143,-34
132,-33
122,-33
115,-33
339
-2,192
-2,192
-2,192
-2,192
-2,192
-2,192
-2,192
-2,192
-2,192
-2,192
345
353,389
353,389
353,389
353,389
353,389
353,389
353,389
353,389
353,389
353,389
353
633,19
633,19
633,19
633,19
633,19
633,19
633,19
633,19
633,19
633,19
356
112,134
112,134
112,134
112,134
112,134
112,134
112,134
112,134
112,134
112,134
389
10,136
10,136
10,136
10,136
10,136
10,136
10,136
10,136
10,136
10,136
392
661,-36
661,-36
661,-36
661,-36
661,-36
661,-36
661,-36
661,-36
661,-36
661,-36
394
749,23
749,23
749,23
749,23
749,23
749,23
749,23
749,23
749,23
749,23
