time
327.91201495522546
hero_global_pos
-115.24871826171875,0.2906326353549957
road_id
68
is_junction
False
speed_limit
30.0
speed
0.008569481782726368
traffic_light
None
translation_offset
1623.9986320734024,4152.641579087824
angle
-90.24506591260433
hero_past_trajectory
352,502
352,502
352,502
352,502
352,502
352,502
352,502
352,502
352,502
352,502
actor_past_trajectory
103
352,616
352,616
352,616
352,616
352,616
352,616
352,616
352,616
352,616
352,616
106
296,578
296,585
296,593
296,605
296,612
297,624
297,631
297,643
297,649
297,661
115
353,268
353,268
353,268
353,268
353,268
353,268
353,268
353,268
353,268
353,268
172
352,385
352,385
352,385
352,385
352,385
352,385
352,385
352,385
352,385
352,385
