time
4931.028747903059
hero_global_pos
127.95404815673828,-132.03033447265625
road_id
18
speed_limit
30.0
speed
15.835917127242906
traffic_light
None
translation_offset
5515.96286034584,2038.2048841007054
angle
-91.22429239749908
hero_past_trajectory
352,592
353,583
352,571
352,563
352,557
352,543
353,538
353,529
352,519
352,511
actor_past_trajectory
315
353,347
353,347
353,347
353,347
353,347
353,347
353,347
353,347
353,347
353,347
390
103,143
103,143
103,143
103,143
103,143
103,143
103,143
103,143
103,143
103,143
