time
12808.577734958308
hero_global_pos
-50.72208786010742,135.1172637939453
road_id
25
speed_limit
30.0
speed
21.819599873205345
translation_offset
2656.961143732071,6306.592621691525
angle
-88.69836413860321
hero_past_trajectory
352,582
351,565
351,560
351,556
352,539
351,527
351,526
351,524
351,502
352,501
actor_past_trajectory
533
296,671
296,671
296,671
296,671
296,671
296,671
296,671
296,671
296,671
296,671
549
295,442
295,442
295,442
295,442
295,442
295,442
295,442
295,442
295,442
295,442
555
295,266
295,281
295,285
295,288
295,300
295,306
295,306
295,307
296,318
296,319
574
295,556
295,556
295,556
295,556
295,556
295,556
295,556
295,556
295,556
295,556
593
352,9
352,9
352,9
352,9
352,9
352,9
352,9
352,9
352,9
352,9
