time
5112.47385520336
hero_global_pos
-54.9164924621582,-139.44915771484375
road_id
20
speed_limit
30.0
speed
0.01400219807416365
traffic_light
None
translation_offset
2290.0334829092026,1913.830736193806
angle
88.78933715820312
hero_past_trajectory
352,502
352,502
352,502
352,502
352,502
352,502
352,502
352,502
352,502
352,502
actor_past_trajectory
304
352,617
352,617
352,617
352,617
352,617
352,617
352,617
352,617
352,617
352,617
313
94,190
94,190
94,190
94,190
94,190
94,190
94,190
94,190
94,190
94,190
321
549,-37
549,-37
549,-37
549,-37
549,-37
549,-37
549,-37
549,-37
549,-37
549,-37
322
538,17
538,17
538,17
538,17
538,17
538,17
538,17
538,17
538,17
538,17
339
-2,192
-2,192
-2,192
-2,192
-2,192
-2,192
-2,192
-2,192
-2,192
-2,192
345
353,389
353,389
353,389
353,389
353,389
353,389
353,389
353,389
353,389
353,389
353
633,19
633,19
633,19
633,19
633,19
633,19
633,19
633,19
633,19
633,19
356
112,134
112,134
112,134
112,134
112,134
112,134
113,134
114,134
117,133
119,133
385
92,-32
76,-30
68,-31
57,-31
45,-31
34,-30
23,-30
11,-30
-2,-30
-8,-29
389
10,136
10,136
10,136
10,136
10,136
10,136
10,136
10,136
10,136
10,136
392
661,-36
661,-36
661,-36
661,-36
661,-36
661,-36
661,-36
661,-36
661,-36
661,-36
394
749,23
749,23
749,23
749,23
749,23
749,23
749,23
749,23
749,23
749,23
