time
334.09047432945954
hero_global_pos
-115.06255340576172,0.29146063327789307
road_id
68
is_junction
False
speed_limit
30.0
speed
4.636835239956475
traffic_light
None
translation_offset
1626.995931982994,4153.670206360519
angle
-90.25600522756577
hero_past_trajectory
351,505
351,505
351,505
351,505
351,505
351,505
351,505
351,505
351,504
351,504
actor_past_trajectory
103
352,619
352,619
352,619
352,619
352,619
352,619
352,619
352,619
352,619
352,619
115
352,270
352,268
352,265
352,261
352,255
352,251
352,244
352,241
352,237
352,230
172
351,388
351,388
351,388
351,388
351,387
351,386
351,382
351,379
351,375
351,369
