time
334.169757781121
hero_global_pos
-114.96318817138672,0.29194626212120056
road_id
68
is_junction
False
speed_limit
30.0
speed
5.704970563209838
traffic_light
None
translation_offset
1628.9948143959045,4153.6756603950635
angle
-90.25809043645859
hero_past_trajectory
351,507
351,507
351,507
351,507
351,507
351,507
351,507
351,506
351,506
352,504
actor_past_trajectory
103
352,621
352,621
352,621
352,621
352,621
352,621
352,621
352,621
352,621
352,621
115
352,270
352,267
352,263
352,257
352,253
352,246
352,243
352,239
352,232
352,226
172
351,390
351,390
351,390
351,389
351,388
351,384
351,381
351,377
351,371
351,366
