time
334.2666331618457
hero_global_pos
-114.76444244384766,0.2929227352142334
road_id
68
is_junction
False
speed_limit
30.0
speed
7.378118086431824
traffic_light
None
translation_offset
1631.993473291397,4153.685813324526
angle
-90.26197096705437
hero_past_trajectory
351,510
351,510
351,510
351,510
351,510
351,510
351,509
351,509
352,507
352,505
actor_past_trajectory
103
352,624
352,624
352,624
352,624
352,624
352,624
352,624
352,624
352,624
352,624
115
352,270
352,266
352,260
352,256
352,249
352,246
352,242
352,235
352,229
352,224
172
352,393
352,393
351,392
351,391
351,387
351,384
351,380
351,374
351,369
351,366
