time
4931.4492151298255
hero_global_pos
129.51124572753906,-131.9969482421875
road_id
18
speed_limit
30.0
speed
10.962855428464223
traffic_light
None
translation_offset
5540.961680173874,2039.2007431611419
angle
-91.22272062301636
hero_past_trajectory
352,582
351,568
352,563
352,554
352,544
352,536
352,527
352,519
352,515
352,508
actor_past_trajectory
315
352,372
352,372
352,372
352,372
352,372
352,372
352,372
352,372
352,372
352,372
390
103,168
103,168
103,168
103,168
103,168
103,168
103,168
103,168
103,168
103,168
