time
334.58459888541984
hero_global_pos
-113.88411712646484,0.29728445410728455
road_id
68
is_junction
False
speed_limit
30.0
speed
12.339681075840689
traffic_light
None
translation_offset
1645.991935491562,4153.719745992683
angle
-90.27493539452553
hero_past_trajectory
351,524
351,524
351,524
351,523
351,523
352,521
352,519
352,514
352,511
352,507
actor_past_trajectory
103
352,638
352,638
352,638
352,638
352,638
352,638
352,638
352,638
352,638
352,638
115
352,270
352,263
352,260
352,256
352,249
352,243
352,238
352,229
352,218
352,210
172
352,405
352,401
352,398
351,394
351,388
351,383
351,380
351,374
351,368
351,364
