time
334.8726106244503
hero_global_pos
-112.73580169677734,0.3030592203140259
road_id
68
is_junction
False
speed_limit
30.0
speed
15.912067264002198
traffic_light
None
translation_offset
1664.992597103119,4153.747218448669
angle
-90.28542813658714
hero_past_trajectory
351,542
351,542
352,540
352,538
352,533
352,530
352,526
352,521
352,513
352,508
actor_past_trajectory
103
352,657
352,657
352,657
352,657
352,657
352,657
352,657
352,656
352,653
352,651
115
352,275
352,268
352,262
352,257
352,248
352,237
352,229
352,218
351,205
350,196
172
352,413
352,407
352,402
351,399
351,393
351,387
351,383
351,376
352,366
352,360
