time
335.24258420387196
hero_global_pos
-111.1052017211914,0.31138962507247925
road_id
68
is_junction
False
speed_limit
30.0
speed
15.79275361324788
traffic_light
None
translation_offset
1690.9978721141815,4153.761480187066
angle
-90.29086562991142
hero_past_trajectory
352,559
352,556
352,552
352,547
352,539
352,534
352,528
352,519
352,514
352,508
actor_past_trajectory
103
352,683
352,683
352,683
352,682
352,679
352,677
352,675
352,671
352,666
352,661
110
598,-30
598,-30
598,-30
598,-30
598,-30
598,-30
598,-30
598,-30
598,-30
598,-30
115
352,274
352,263
352,255
352,244
351,231
351,222
351,213
349,202
349,190
348,180
172
352,419
352,413
352,409
351,402
352,392
352,386
352,379
352,371
352,362
352,354
179
702,-33
702,-33
702,-33
702,-33
702,-33
702,-33
702,-33
702,-33
702,-33
702,-33
