time
335.40710063980805
hero_global_pos
-110.4383773803711,0.3148016035556793
road_id
68
is_junction
False
speed_limit
30.0
speed
17.279017030353717
traffic_light
None
translation_offset
1700.9971121549606,4153.767634250224
angle
-90.29321774840355
hero_past_trajectory
352,566
352,562
352,557
352,549
352,544
352,538
352,529
352,524
352,518
352,512
actor_past_trajectory
103
352,693
352,693
352,692
352,689
352,687
352,685
352,681
352,676
352,671
352,666
110
598,-20
598,-20
598,-20
598,-20
598,-20
598,-20
598,-20
598,-20
598,-20
598,-20
115
352,273
352,265
352,254
351,241
351,232
351,223
350,212
349,200
348,190
348,180
172
352,423
352,419
352,412
352,402
352,396
352,389
352,381
352,372
352,364
352,356
179
702,-23
702,-23
702,-23
702,-23
702,-23
702,-23
702,-23
702,-23
702,-23
702,-23
