time
335.4539611409782
hero_global_pos
-110.11495208740234,0.31646156311035156
road_id
68
is_junction
False
speed_limit
30.0
speed
17.29895573601678
traffic_light
None
translation_offset
1706.99697804451,4153.76935805846
angle
-90.29387646913528
hero_past_trajectory
352,568
352,563
352,555
352,550
352,544
352,535
352,530
352,524
352,518
352,508
actor_past_trajectory
103
352,699
352,698
352,695
352,693
352,691
352,687
352,682
352,677
352,672
352,662
110
598,-14
598,-14
598,-14
598,-14
598,-14
598,-14
598,-14
598,-14
598,-14
598,-14
115
352,271
352,260
351,247
351,238
351,229
350,218
349,206
348,196
348,186
347,170
172
352,425
352,418
353,408
352,402
352,395
352,387
352,378
352,370
352,362
352,349
179
702,-17
702,-17
702,-17
702,-17
702,-17
702,-17
702,-17
702,-17
702,-17
702,-17
