time
335.60675738150167
hero_global_pos
-109.48937225341797,0.3196820616722107
road_id
68
is_junction
False
speed_limit
30.0
speed
16.824308532778968
traffic_light
None
translation_offset
1716.997764825821,4153.7694587809965
angle
-90.29391339421272
hero_past_trajectory
352,573
352,565
352,560
352,554
352,545
352,540
352,534
352,528
352,518
352,509
actor_past_trajectory
103
352,708
352,705
352,703
352,701
352,697
352,692
352,687
352,682
352,672
352,667
110
598,-4
598,-4
598,-4
598,-4
598,-4
598,-4
598,-4
598,-4
598,-4
598,-4
115
352,270
351,257
351,248
351,239
350,228
350,216
348,206
348,196
347,180
346,172
172
352,428
353,418
353,412
353,405
352,397
352,388
352,380
352,372
352,359
352,353
179
702,-7
702,-7
702,-7
702,-7
702,-7
702,-7
702,-7
702,-7
702,-7
702,-7
