time
335.9248910467504
hero_global_pos
-107.92426300048828,0.32772693037986755
road_id
68
is_junction
False
speed_limit
30.0
speed
18.339341658224132
traffic_light
None
translation_offset
1741.997478723526,4153.77400826849
angle
-90.29565173387527
hero_past_trajectory
352,579
352,570
352,565
352,559
352,553
352,543
352,534
352,527
352,516
352,511
actor_past_trajectory
103
352,726
352,722
352,717
352,712
352,707
352,697
352,692
352,682
352,674
352,668
110
599,20
599,20
599,20
599,20
599,20
599,20
599,20
599,20
599,20
599,20
115
351,264
350,253
350,241
349,231
349,221
347,205
346,197
344,182
343,168
342,158
172
353,430
353,422
353,413
352,405
352,397
352,384
352,378
352,366
352,355
352,347
179
703,17
703,17
703,17
703,17
703,17
703,17
703,17
703,17
703,17
703,17
