time
336.2099561090945
hero_global_pos
-106.54177856445312,0.3348488509654999
road_id
68
is_junction
False
speed_limit
30.0
speed
18.362299159261365
traffic_light
None
translation_offset
1763.997952580452,4153.773074594326
angle
-90.29529416561127
hero_past_trajectory
352,581
352,575
352,565
352,556
352,549
352,538
352,533
352,524
352,515
352,508
actor_past_trajectory
103
352,734
352,729
352,719
352,714
352,704
352,696
352,690
352,682
352,673
352,667
110
599,42
599,42
599,42
599,42
599,42
599,42
599,42
599,42
599,42
599,42
115
349,253
349,243
348,227
347,219
344,204
343,190
342,180
340,168
336,155
334,145
172
353,427
353,419
353,406
352,400
352,388
352,377
352,369
352,358
352,347
352,339
179
703,39
703,39
703,39
703,39
703,39
703,39
703,39
703,39
703,39
703,39
