time
336.4368269439219
hero_global_pos
-105.34463500976562,0.3410058617591858
road_id
68
is_junction
False
speed_limit
30.0
speed
19.08172459527808
traffic_light
None
translation_offset
1782.9976307153702,4153.774790300056
angle
-90.29595011472702
hero_past_trajectory
352,584
352,575
352,568
352,557
352,552
352,543
352,534
352,527
352,521
352,510
actor_past_trajectory
103
352,738
352,733
352,723
352,715
352,709
352,701
352,692
352,686
352,680
352,673
110
599,61
599,61
599,61
599,61
599,61
599,61
599,61
599,61
599,61
599,61
115
348,246
347,238
345,223
343,209
342,199
340,187
336,174
334,164
331,156
327,146
172
353,425
353,419
353,407
352,396
352,388
352,377
352,366
352,358
352,351
352,342
179
703,58
703,58
703,58
703,58
703,58
703,58
703,58
703,58
703,58
703,58
