time
336.5201409659712
hero_global_pos
-104.92096710205078,0.3431938886642456
road_id
68
is_junction
False
speed_limit
30.0
speed
18.588311809639166
traffic_light
None
translation_offset
1789.9979615211487,4153.772916106507
angle
-90.29523360729218
hero_past_trajectory
352,582
352,575
352,564
352,559
352,550
352,541
352,534
352,528
352,517
352,509
actor_past_trajectory
103
352,740
352,730
352,722
352,716
352,708
352,699
352,693
352,687
352,680
352,671
110
599,68
599,68
599,68
599,68
599,68
599,68
599,68
599,68
599,68
599,68
115
347,245
345,230
344,216
342,206
340,194
336,181
334,171
331,163
327,153
320,139
172
353,426
353,414
352,403
352,395
352,384
352,373
352,365
352,358
352,349
352,337
179
703,65
703,65
703,65
703,65
703,65
703,65
703,65
703,65
703,65
703,65
