time
4931.620115451391
hero_global_pos
129.93971252441406,-131.9877471923828
road_id
18
speed_limit
30.0
speed
7.479903809956605
traffic_light
None
translation_offset
5546.960803985596,2039.1980307772756
angle
-91.22169184684753
hero_past_trajectory
352,569
352,560
352,550
352,542
352,533
352,525
352,521
352,514
352,508
352,504
actor_past_trajectory
315
352,378
352,378
352,378
352,378
352,378
352,378
352,378
352,378
352,378
352,378
390
103,174
103,174
103,174
103,174
103,174
103,174
103,174
103,174
103,174
103,174
