time
336.93178312623786
hero_global_pos
-102.62318420410156,0.3550085127353668
road_id
68
is_junction
False
speed_limit
30.0
speed
20.262588163258194
traffic_light
Green
translation_offset
1825.9975323677063,4154.775115238503
angle
-90.2960744202137
hero_past_trajectory
351,586
351,577
351,570
351,564
351,553
351,545
351,538
351,530
351,518
351,510
actor_past_trajectory
103
351,744
351,735
351,729
351,723
351,716
351,707
352,700
352,692
352,686
352,675
110
598,104
598,104
598,104
598,104
598,104
598,104
598,104
598,104
598,104
598,104
115
340,230
336,217
333,207
330,199
326,189
319,175
314,167
307,158
300,150
287,138
172
352,420
352,409
351,401
351,394
351,385
351,373
351,365
351,355
351,347
352,332
179
702,101
702,101
702,101
702,101
702,101
702,101
702,101
702,101
702,101
702,101
