time
336.99293734835373
hero_global_pos
-102.0599594116211,0.3579140901565552
road_id
68
is_junction
False
speed_limit
30.0
speed
19.790307339867734
traffic_light
Green
translation_offset
1834.9979436397552,4154.773003487848
angle
-90.29526701569557
hero_past_trajectory
351,586
351,579
351,573
351,562
351,554
351,547
351,539
351,527
351,519
352,511
actor_past_trajectory
103
351,744
351,738
351,732
351,725
351,716
352,709
352,701
352,695
352,684
352,676
110
598,113
598,113
598,113
598,113
598,113
598,113
598,113
598,113
598,113
598,113
115
336,226
334,216
330,208
326,198
319,184
314,176
307,167
300,159
287,147
279,141
172
352,418
352,410
351,403
351,394
351,382
351,374
351,364
351,356
352,341
352,332
179
702,110
702,110
702,110
702,110
702,110
702,110
702,110
702,110
702,110
702,110
