time
337.22525544607925
hero_global_pos
-100.88619995117188,0.36395004391670227
road_id
68
is_junction
False
speed_limit
30.0
speed
20.484950855377935
traffic_light
Green
translation_offset
1853.9979346990585,4154.773314316757
angle
-90.29538574814796
hero_past_trajectory
351,592
351,581
351,573
351,566
351,558
351,546
351,538
352,530
352,521
352,510
actor_past_trajectory
103
351,751
351,744
351,735
352,728
352,720
352,714
352,703
352,695
352,687
352,678
110
598,132
598,132
598,132
598,132
598,132
598,132
598,132
598,132
598,132
598,132
115
331,227
327,217
319,203
314,195
307,186
300,178
287,166
279,160
268,154
256,148
172
352,422
352,413
351,401
351,393
351,383
351,375
352,360
352,351
352,340
352,328
179
702,129
702,129
702,129
702,129
702,129
702,129
702,129
702,129
702,129
702,129
