time
337.3337803087561
hero_global_pos
-100.41502380371094,0.3663717210292816
road_id
68
is_junction
False
speed_limit
30.0
speed
20.751880843663283
traffic_light
Green
translation_offset
1861.9978631734848,4154.773645681329
angle
-90.29551249742508
hero_past_trajectory
351,589
351,581
351,574
351,566
351,554
351,546
352,538
352,529
352,518
352,510
actor_past_trajectory
103
351,752
351,743
352,736
352,728
352,722
352,711
352,703
352,695
352,686
352,678
110
598,140
598,140
598,140
598,140
598,140
598,140
598,140
598,140
598,140
598,140
115
327,225
319,211
314,203
307,194
300,186
287,174
279,168
268,162
256,156
244,153
172
352,421
352,409
351,401
351,391
351,383
352,368
352,359
352,348
352,336
352,325
179
702,137
702,137
702,137
702,137
702,137
702,137
702,137
702,137
702,137
702,137
