time
337.4172987244456
hero_global_pos
-99.77879333496094,0.36964353919029236
road_id
68
is_junction
False
speed_limit
30.0
speed
20.907155837880065
traffic_light
Green
translation_offset
1871.9978363513947,4154.773607753217
angle
-90.29549804329872
hero_past_trajectory
351,591
351,584
351,576
351,564
351,556
352,548
352,539
352,528
352,520
352,512
actor_past_trajectory
103
351,753
352,746
352,738
352,732
352,721
352,713
352,705
352,696
352,688
352,682
110
598,150
598,150
598,150
598,150
598,150
598,150
598,150
598,150
598,150
598,150
115
320,221
315,213
307,204
300,196
287,184
279,178
268,172
256,166
244,163
235,160
172
352,419
352,411
351,401
351,393
352,378
352,369
352,358
352,346
352,335
352,326
179
702,147
702,147
702,147
702,147
702,147
702,147
702,147
702,147
702,147
702,147
