time
12809.238423907125
hero_global_pos
-46.64105224609375,135.0250244140625
road_id
25
speed_limit
30.0
speed
20.370810556661784
translation_offset
2721.961867928505,6304.623693406582
angle
-88.7102358341217
hero_past_trajectory
351,592
352,590
352,568
352,567
352,567
351,548
352,540
352,537
352,528
352,519
actor_past_trajectory
533
296,736
296,736
296,736
296,736
296,736
296,736
296,736
296,736
296,736
296,736
549
295,507
295,507
295,507
295,507
295,507
295,507
295,507
295,507
295,507
295,507
555
295,371
295,372
296,383
296,384
296,384
296,391
296,393
296,393
296,393
296,393
574
296,621
296,621
296,621
296,621
296,621
296,621
296,621
296,621
296,621
296,621
593
352,74
352,74
352,74
352,74
352,74
352,74
352,74
352,74
352,74
352,74
