time
337.61935209998774
hero_global_pos
-98.6039047241211,0.37569180130958557
road_id
68
is_junction
False
speed_limit
30.0
speed
20.91894619727284
traffic_light
Green
translation_offset
1890.9979346990585,4154.773062510416
angle
-90.29528957605362
hero_past_trajectory
351,595
351,583
351,575
352,567
352,558
352,547
352,539
352,531
352,521
352,509
actor_past_trajectory
102
296,-50
296,-50
296,-50
296,-50
296,-50
296,-50
296,-50
296,-50
296,-50
296,-50
103
352,757
352,751
352,740
352,732
352,724
352,715
352,707
352,701
352,691
352,684
110
598,169
598,169
598,169
598,169
598,169
598,169
598,169
598,169
598,169
598,169
115
308,223
301,215
287,203
279,197
268,191
256,185
244,182
235,179
221,176
210,175
172
352,420
352,412
352,397
352,388
352,377
352,365
352,354
352,345
352,333
352,323
179
702,166
702,166
702,166
702,166
702,166
702,166
702,166
702,166
702,166
702,166
