time
337.7028814233272
hero_global_pos
-97.88501739501953,0.37939155101776123
road_id
68
is_junction
False
speed_limit
30.0
speed
20.818264892211662
traffic_light
Green
translation_offset
1897.9979794025421,4154.772652286105
angle
-90.29513278603554
hero_past_trajectory
351,590
351,582
352,574
352,565
352,554
352,546
352,538
352,528
352,516
352,509
actor_past_trajectory
102
296,-43
296,-43
296,-43
296,-43
296,-43
296,-43
296,-43
296,-43
296,-43
296,-43
103
352,758
352,747
352,739
352,731
352,722
352,714
352,708
352,698
352,691
352,681
110
598,176
598,176
598,176
598,176
598,176
598,176
598,176
598,176
598,176
598,176
115
301,222
287,210
279,204
268,198
256,192
244,189
235,186
221,183
210,182
196,180
172
352,419
352,404
352,395
352,384
352,372
352,361
352,352
352,340
352,330
352,317
179
702,173
702,173
702,173
702,173
702,173
702,173
702,173
702,173
702,173
702,173
