time
337.93391594247805
hero_global_pos
-96.9445571899414,0.3842621445655823
road_id
68
is_junction
False
speed_limit
30.0
speed
20.631853420406525
traffic_light
Green
translation_offset
1916.998015165329,4154.772190093994
angle
-90.29495620727539
hero_past_trajectory
352,593
352,584
352,573
352,565
352,557
352,547
352,535
352,528
352,517
352,508
actor_past_trajectory
102
296,-24
296,-24
296,-24
296,-24
296,-24
296,-24
296,-24
296,-24
296,-24
296,-24
103
352,758
352,750
352,741
352,733
352,727
352,717
352,710
352,700
352,693
352,681
110
598,195
598,195
598,195
598,195
598,195
598,195
598,195
598,195
598,195
598,195
115
280,223
269,217
257,211
244,208
235,205
221,202
210,201
196,199
185,198
168,198
172
353,414
352,403
352,391
352,380
352,371
352,359
352,349
352,336
352,327
352,311
179
702,192
702,192
702,192
702,192
702,192
702,192
702,192
702,192
702,192
702,192
