time
338.16836383150803
hero_global_pos
-95.597412109375,0.39129599928855896
road_id
485
is_junction
True
speed_limit
30.0
speed
20.357409499261454
traffic_light
Green
translation_offset
1938.9971210956573,4154.776442722417
angle
-90.29658231139183
hero_past_trajectory
352,595
352,587
352,579
352,569
352,557
352,550
352,539
352,530
352,524
352,515
actor_past_trajectory
102
296,-2
296,-2
296,-2
296,-2
296,-2
296,-2
296,-2
296,-2
296,-2
296,-2
103
352,763
352,755
352,749
352,739
352,732
352,722
352,715
352,703
352,698
352,690
110
599,217
599,217
599,217
599,217
599,217
599,217
599,217
599,217
599,217
599,217
115
257,233
245,230
236,227
222,224
211,223
197,221
186,220
169,220
161,220
149,220
172
353,413
352,402
352,393
352,381
352,371
352,358
352,349
352,333
352,325
352,314
179
703,214
703,214
703,214
703,214
703,214
703,214
703,214
703,214
703,214
703,214
