time
338.5555847692667
hero_global_pos
-93.40849304199219,0.40219646692276
road_id
485
is_junction
True
speed_limit
30.0
speed
20.02793329923388
traffic_light
None
translation_offset
1973.9969601631165,4154.776931876317
angle
-90.29676946997643
hero_past_trajectory
352,592
352,585
352,574
352,565
352,559
352,550
352,537
352,529
352,522
352,512
actor_past_trajectory
102
297,32
297,32
297,32
297,32
297,32
297,32
297,32
297,32
297,32
297,32
103
352,767
352,757
352,750
352,738
352,733
352,725
352,713
352,705
352,698
352,689
110
599,252
599,252
599,252
599,252
599,252
599,252
599,252
599,252
599,252
599,252
115
211,258
197,256
186,255
169,255
161,255
149,255
130,255
119,255
108,255
93,255
172
353,406
352,393
352,384
352,368
352,360
352,349
352,332
352,322
352,312
352,299
179
703,249
703,249
703,249
703,249
703,249
703,249
703,249
703,249
703,249
703,249
