time
12809.348020123245
hero_global_pos
-46.351863861083984,135.0185089111328
road_id
25
speed_limit
30.0
speed
20.338798606000523
translation_offset
2726.961832165718,6304.621056459844
angle
-88.709228515625
hero_past_trajectory
351,595
352,573
352,572
352,572
351,553
352,545
352,542
352,533
352,524
351,506
actor_past_trajectory
533
296,741
296,741
296,741
296,741
296,741
296,741
296,741
296,741
296,741
296,741
549
295,512
295,512
295,512
295,512
295,512
295,512
295,512
295,512
295,512
295,512
555
295,377
296,388
296,389
296,389
296,396
296,398
296,398
296,398
296,398
296,398
574
296,626
296,626
296,626
296,626
296,626
296,626
296,626
296,626
296,626
296,626
593
352,79
352,79
352,79
352,79
352,79
352,79
352,79
352,79
352,79
352,79
