time
338.8566723517506
hero_global_pos
-91.73169708251953,0.41075316071510315
road_id
485
is_junction
True
speed_limit
30.0
speed
20.653156533720214
traffic_light
None
translation_offset
2000.997827410698,4154.789360422641
angle
-90.30151504278183
hero_past_trajectory
352,592
352,586
352,577
352,564
352,556
352,549
352,539
352,529
352,521
352,510
actor_past_trajectory
102
297,59
297,59
297,59
297,59
297,59
297,59
297,59
297,59
297,59
297,59
103
352,765
352,760
352,752
352,740
352,732
352,725
352,716
352,706
352,698
352,691
110
599,279
599,279
599,279
599,279
599,279
599,279
599,279
599,279
599,279
599,279
115
169,282
161,282
149,282
130,282
119,282
108,282
93,282
78,282
67,282
56,283
172
352,395
352,387
352,376
352,359
352,349
352,339
352,326
353,313
353,302
353,292
179
703,276
703,276
703,276
703,276
703,276
703,276
703,276
703,276
703,276
703,276
