time
338.9406851134627
hero_global_pos
-91.22967529296875,0.4133510887622833
road_id
485
is_junction
True
speed_limit
30.0
speed
20.661848315065225
traffic_light
None
translation_offset
2008.9978095293045,4154.794009235688
angle
-90.30329078435898
hero_past_trajectory
352,594
352,585
352,572
352,564
352,557
352,547
352,537
352,529
352,518
352,510
actor_past_trajectory
102
297,67
297,67
297,67
297,67
297,67
297,67
297,67
297,67
297,67
297,67
103
352,768
352,760
352,748
352,740
352,733
352,724
352,714
352,706
352,699
353,688
110
599,287
599,287
599,287
599,287
599,287
599,287
599,287
599,287
599,287
599,287
115
161,290
149,290
130,290
119,290
108,290
93,290
78,290
67,291
56,291
39,291
172
352,395
352,384
352,367
352,357
352,347
352,334
353,321
353,310
353,300
353,285
179
703,284
703,284
703,284
703,284
703,284
703,284
703,284
703,284
703,284
703,284
