time
339.0268809418558
hero_global_pos
-90.72087860107422,0.41597694158554077
road_id
485
is_junction
True
speed_limit
30.0
speed
20.625679806116224
traffic_light
None
translation_offset
2016.9978363513947,4154.79641987104
angle
-90.30421152710915
hero_past_trajectory
352,593
352,580
352,572
352,565
352,555
352,545
352,537
352,526
352,518
352,510
actor_past_trajectory
102
297,75
297,75
297,75
297,75
297,75
297,75
297,75
297,75
297,75
297,75
103
352,768
352,756
352,748
352,741
352,732
352,722
352,714
352,707
353,696
353,688
110
599,295
599,295
599,295
599,295
599,295
599,295
599,295
599,295
599,295
599,295
115
149,298
130,298
119,298
108,298
93,298
78,298
67,299
56,299
39,299
28,299
172
352,392
352,375
352,365
352,355
352,342
353,329
353,318
353,308
353,293
353,282
179
703,292
703,292
703,292
703,292
703,292
703,292
703,292
703,292
703,292
703,292
