time
339.16899557927536
hero_global_pos
-89.9210205078125,0.42010897397994995
road_id
485
is_junction
True
speed_limit
30.0
speed
20.510662679763623
traffic_light
None
translation_offset
2029.9978631734848,4155.79814591445
angle
-90.30487075448036
hero_past_trajectory
351,593
351,585
351,578
351,568
351,558
351,550
351,539
351,531
351,523
351,515
actor_past_trajectory
102
296,88
296,88
296,88
296,88
296,88
296,88
296,88
296,88
296,88
296,88
103
351,769
351,761
351,754
351,745
351,735
351,727
351,720
352,709
352,701
352,693
110
598,308
598,308
598,308
598,308
598,308
598,308
598,308
598,308
598,308
598,308
115
129,311
118,311
107,311
92,311
77,311
66,312
55,312
38,312
27,312
15,312
172
351,388
351,378
351,368
351,355
352,342
352,331
352,321
352,306
352,295
352,284
179
702,305
702,305
702,305
702,305
702,305
702,305
702,305
702,305
702,305
702,305
