time
339.26696444446134
hero_global_pos
-89.23976135253906,0.4236450791358948
road_id
485
is_junction
True
speed_limit
30.0
speed
20.380771652888214
traffic_light
None
translation_offset
2040.9978631734848,4155.800338340923
angle
-90.30570816993713
hero_past_trajectory
352,596
351,589
351,579
351,569
351,561
351,550
351,542
351,534
351,526
352,510
actor_past_trajectory
102
296,99
296,99
296,99
296,99
296,99
296,99
296,99
296,99
296,99
296,99
103
351,772
351,765
351,756
351,746
351,738
351,731
352,720
352,712
352,704
352,692
110
598,319
598,319
598,319
598,319
598,319
598,319
598,319
598,319
598,319
598,319
115
118,322
107,322
92,322
77,322
66,323
55,323
38,323
27,323
15,323
-2,323
172
351,389
351,379
351,366
352,353
352,342
352,332
352,317
352,306
352,295
352,277
179
702,316
702,316
702,316
702,316
702,316
702,316
702,316
702,316
702,316
702,316
