time
339.58437734054314
hero_global_pos
-87.57512664794922,0.4322426915168762
road_id
485
is_junction
True
speed_limit
30.0
speed
20.021356689184298
traffic_light
None
translation_offset
2066.9978452920914,4155.799954589456
angle
-90.30556160211563
hero_past_trajectory
351,595
351,587
351,576
351,568
351,560
351,552
352,536
352,528
352,516
352,509
actor_past_trajectory
102
296,125
296,125
296,125
296,125
296,125
296,125
296,125
296,125
296,125
296,125
103
351,772
351,764
351,757
352,746
352,738
352,730
352,718
352,707
352,695
352,689
110
598,345
598,345
598,345
598,345
598,345
598,345
598,345
598,345
598,345
598,345
172
352,379
352,368
352,358
352,343
352,332
352,321
352,303
352,287
352,270
352,260
179
702,342
702,342
702,342
702,342
702,342
702,342
702,342
702,342
702,342
702,342
