time
4931.961350580554
hero_global_pos
130.46925354003906,-131.97630310058594
road_id
18
speed_limit
30.0
speed
1.3019904639181892
traffic_light
None
translation_offset
5555.959319829941,2039.1851815991104
angle
-91.216796875
hero_past_trajectory
352,551
352,542
353,534
353,530
352,523
352,517
352,513
352,511
352,507
352,504
actor_past_trajectory
315
353,387
353,387
353,387
353,387
353,387
353,387
353,387
353,387
353,387
353,387
390
103,183
103,183
103,183
103,183
103,183
103,183
103,183
103,183
103,183
103,183
