time
339.71864038104104
hero_global_pos
-86.8254165649414,0.4361177980899811
road_id
485
is_junction
True
speed_limit
30.0
speed
20.04669037528509
traffic_light
None
translation_offset
2078.9978452920914,4155.800378853455
angle
-90.30572366714478
hero_past_trajectory
352,599
351,588
351,580
351,572
351,564
352,548
352,540
352,528
352,521
352,514
actor_past_trajectory
102
296,137
296,137
296,137
296,137
296,137
296,137
296,137
296,137
296,137
296,137
103
351,776
351,769
352,758
352,750
352,742
352,730
352,719
352,707
352,701
352,693
110
598,357
598,357
598,357
598,357
598,357
598,357
598,357
598,357
598,357
598,357
172
352,380
352,370
352,355
352,344
352,333
352,315
352,299
352,282
352,272
352,260
179
702,354
702,354
702,354
702,354
702,354
702,354
702,354
702,354
702,354
702,354
