time
340.0133248470156
hero_global_pos
-85.14080810546875,0.44481226801872253
road_id
485
is_junction
True
speed_limit
30.0
speed
20.677201280311806
traffic_light
None
translation_offset
2105.9978095293045,4155.800897972658
angle
-90.30592203140259
hero_past_trajectory
352,599
351,591
352,575
352,567
352,555
352,548
352,541
352,529
352,522
352,514
actor_past_trajectory
102
296,164
296,164
296,164
296,164
296,164
296,164
296,164
296,164
296,164
296,164
103
352,777
352,769
352,757
352,746
352,734
352,728
352,720
352,708
352,701
352,694
110
598,384
598,384
598,384
598,384
598,384
598,384
598,384
598,384
598,384
598,384
172
352,371
352,360
352,342
352,326
352,309
352,299
352,287
352,270
352,259
352,248
179
702,381
702,381
702,381
702,381
702,381
702,381
702,381
702,381
702,381
702,381
