time
340.2290115873693
hero_global_pos
-83.90528869628906,0.4511791467666626
road_id
485
is_junction
True
speed_limit
30.0
speed
20.620281090204898
traffic_light
None
translation_offset
2125.997854232788,4155.799373374321
angle
-90.30533960461617
hero_past_trajectory
352,595
352,587
352,575
352,568
352,561
352,549
352,542
352,534
352,522
352,515
actor_past_trajectory
102
296,184
296,184
296,184
296,184
296,184
296,184
296,184
296,184
296,184
296,184
103
352,777
352,766
352,754
352,748
352,740
352,728
352,721
352,714
352,702
352,695
110
598,404
598,404
598,404
598,404
598,404
598,404
598,404
598,404
598,404
598,404
172
352,362
352,346
352,329
352,319
352,307
352,290
352,279
352,268
353,250
353,240
179
702,401
702,401
702,401
702,401
702,401
702,401
702,401
702,401
702,401
702,401
