time
340.3046039804249
hero_global_pos
-83.47480010986328,0.4534014165401459
road_id
485
is_junction
True
speed_limit
30.0
speed
20.555395856447753
traffic_light
None
translation_offset
2132.9978721141815,4155.799290044233
angle
-90.30530774593353
hero_past_trajectory
352,594
352,582
352,575
352,568
352,556
352,549
352,541
352,529
352,522
352,509
actor_past_trajectory
102
296,191
296,191
296,191
296,191
296,191
296,191
296,191
296,191
296,191
296,191
103
352,773
352,761
352,755
352,747
352,735
352,728
352,721
352,709
352,702
352,689
110
599,411
599,411
599,411
599,411
599,411
599,411
599,411
599,411
599,411
599,411
172
352,353
352,336
352,326
352,314
352,297
352,286
352,275
353,257
353,247
353,229
179
703,408
703,408
703,408
703,408
703,408
703,408
703,408
703,408
703,408
703,408
