time
340.42698678890156
hero_global_pos
-82.78778839111328,0.4569474160671234
road_id
485
is_junction
True
speed_limit
30.0
speed
20.42773820382235
traffic_light
None
translation_offset
2143.9978721141815,4155.799348787405
angle
-90.30533018708229
hero_past_trajectory
352,593
352,586
352,579
352,567
352,560
352,552
352,540
352,533
352,520
352,513
actor_past_trajectory
102
296,202
296,202
296,202
296,202
296,202
296,202
296,202
296,202
296,202
296,202
103
352,772
352,766
352,758
352,746
352,739
352,732
352,720
352,713
352,700
351,694
110
599,422
599,422
599,422
599,422
599,422
599,422
599,422
599,422
599,422
599,422
172
352,347
352,337
352,325
352,308
352,297
352,286
353,268
353,258
353,240
353,231
179
703,419
703,419
703,419
703,419
703,419
703,419
703,419
703,419
703,419
703,419
