time
340.50483992839145
hero_global_pos
-82.23045349121094,0.4598124623298645
road_id
485
is_junction
True
speed_limit
30.0
speed
20.31142210764321
traffic_light
None
translation_offset
2152.997863173485,4155.798165751621
angle
-90.30487832427025
hero_past_trajectory
352,595
352,588
352,576
352,569
352,561
352,549
352,542
352,529
352,522
352,511
actor_past_trajectory
102
296,211
296,211
296,211
296,211
296,211
296,211
296,211
296,211
296,211
296,211
103
352,775
352,767
352,755
352,748
352,741
352,729
352,722
352,709
351,703
351,692
110
599,431
599,431
599,431
599,431
599,431
599,431
599,431
599,431
599,431
599,431
172
352,346
352,334
352,317
352,306
352,295
353,277
353,267
353,249
353,240
353,224
179
703,428
703,428
703,428
703,428
703,428
703,428
703,428
703,428
703,428
703,428
