time
340.6959139178871
hero_global_pos
-81.27191162109375,0.4647767245769501
road_id
485
is_junction
True
speed_limit
30.0
speed
20.10331867609461
traffic_light
None
translation_offset
2167.997854232788,4155.797110819258
angle
-90.30447539687157
hero_past_trajectory
352,591
352,584
352,576
352,564
352,557
352,544
352,537
352,526
352,517
352,510
actor_past_trajectory
102
297,226
297,226
297,226
297,226
297,226
297,226
297,226
297,226
297,226
297,226
103
352,770
352,763
352,756
352,744
352,737
352,724
351,718
351,707
351,698
351,690
110
599,446
599,446
599,446
599,446
599,446
599,446
599,446
599,446
599,446
599,446
172
352,332
352,321
352,310
353,292
353,282
353,264
353,255
353,239
353,226
352,215
179
703,443
703,443
703,443
703,443
703,443
703,443
703,443
703,443
703,443
703,443
