time
340.8389226994841
hero_global_pos
-80.48843383789062,0.46872711181640625
road_id
485
is_junction
True
speed_limit
30.0
speed
19.94330364424888
traffic_light
None
translation_offset
2180.997827410698,4155.795753719285
angle
-90.3039570748806
hero_past_trajectory
353,597
352,589
352,577
352,570
352,557
352,550
352,539
352,530
352,523
352,511
actor_past_trajectory
102
297,239
297,239
297,239
297,239
297,239
297,239
297,239
297,239
297,239
297,239
103
352,776
352,769
352,757
352,750
352,737
351,731
351,720
351,711
351,703
350,695
110
599,459
599,459
599,459
599,459
599,459
599,459
599,459
599,459
599,459
599,459
172
352,334
352,323
353,305
353,295
353,277
353,268
353,252
353,239
353,228
352,217
179
703,456
703,456
703,456
703,456
703,456
703,456
703,456
703,456
703,456
703,456
