time
340.99837904753076
hero_global_pos
-79.58230590820312,0.47330737113952637
road_id
485
is_junction
True
speed_limit
30.0
speed
20.314959955260765
traffic_light
None
translation_offset
2194.9978363513947,4155.79842552077
angle
-90.30497759580612
hero_past_trajectory
352,591
352,584
352,571
352,564
352,553
352,544
352,537
352,525
352,516
352,509
actor_past_trajectory
102
297,253
297,253
297,253
297,253
297,253
297,253
297,253
297,253
297,253
297,253
103
352,771
352,764
352,751
351,745
351,734
351,725
351,717
350,709
350,697
349,689
110
599,473
599,473
599,473
599,473
599,473
599,473
599,473
599,473
599,473
599,473
172
353,319
353,309
353,291
353,282
353,266
353,253
353,242
353,231
352,214
352,204
179
703,470
703,470
703,470
703,470
703,470
703,470
703,470
703,470
703,470
703,470
