time
341.12467043617653
hero_global_pos
-78.8670654296875,0.47696468234062195
road_id
485
is_junction
True
speed_limit
30.0
speed
20.52989125125501
traffic_light
None
translation_offset
2206.9978452920914,4155.803076568991
angle
-90.30675414204597
hero_past_trajectory
353,596
352,583
352,576
352,565
352,556
352,549
352,537
352,528
352,521
352,514
actor_past_trajectory
102
297,265
297,265
297,265
297,265
297,265
297,265
297,265
297,265
297,265
297,265
103
352,776
352,763
351,757
351,746
351,737
351,729
350,721
350,709
349,701
349,694
110
599,485
599,485
599,485
599,485
599,485
599,485
599,485
599,485
599,485
599,485
172
353,321
353,303
353,294
353,278
353,265
353,254
353,243
353,226
352,216
352,206
179
703,482
703,482
703,482
703,482
703,482
703,482
703,482
703,482
703,482
703,482
