time
341.2109926618068
hero_global_pos
-78.2608413696289,0.48005053400993347
road_id
485
is_junction
True
speed_limit
30.0
speed
20.579802350884343
traffic_light
None
translation_offset
2215.9978095293045,4156.809616339393
angle
-90.30925217270851
hero_past_trajectory
351,592
351,585
351,574
351,565
351,558
351,546
351,537
351,530
351,523
351,511
actor_past_trajectory
102
296,274
296,274
296,274
296,274
296,274
296,274
296,274
296,274
296,274
296,274
103
351,772
350,766
350,755
350,746
350,738
349,730
349,718
348,710
348,703
347,692
110
598,494
598,494
598,494
598,494
598,494
598,494
598,494
598,494
598,494
598,494
172
352,312
352,303
352,287
352,274
352,263
352,252
352,235
352,225
351,215
351,199
179
702,491
702,491
702,491
702,491
702,491
702,491
702,491
702,491
702,491
702,491
