time
341.3051601122497
hero_global_pos
-77.8355484008789,0.4821685552597046
road_id
485
is_junction
True
speed_limit
30.0
speed
20.569118983152883
traffic_light
None
translation_offset
2222.997791647911,4156.814004754648
angle
-90.31092843413353
hero_past_trajectory
351,592
351,581
351,572
351,565
351,553
351,544
351,537
351,530
351,518
352,509
actor_past_trajectory
102
296,281
296,281
296,281
296,281
296,281
296,281
296,281
296,281
296,281
296,281
103
350,773
350,762
350,753
350,745
349,737
349,725
348,717
348,710
347,699
346,689
110
598,501
598,501
598,501
598,501
598,501
598,501
598,501
598,501
598,501
598,501
172
352,310
352,294
352,281
352,270
352,259
352,242
352,232
351,222
351,206
351,193
179
702,498
702,498
702,498
702,498
702,498
702,498
702,498
702,498
702,498
702,498
