time
341.5034570037751
hero_global_pos
-76.72059631347656,0.48792803287506104
road_id
485
is_junction
True
speed_limit
30.0
speed
20.432723028794264
traffic_light
None
translation_offset
2240.997755885124,4156.816941284575
angle
-90.31205016374588
hero_past_trajectory
351,590
351,583
351,571
351,562
351,555
351,548
351,536
352,527
352,520
352,512
actor_past_trajectory
102
296,299
296,299
296,299
296,299
296,299
296,299
296,299
296,299
296,299
296,299
103
350,771
350,763
349,755
349,743
348,735
348,728
347,717
346,707
346,701
345,693
110
598,519
598,519
598,519
598,519
598,519
598,519
598,519
598,519
598,519
598,519
172
352,299
352,288
352,277
352,260
352,250
352,240
351,224
351,211
351,201
351,190
179
702,516
702,516
702,516
702,516
702,516
702,516
702,516
702,516
702,516
702,516
