time
341.7401706292658
hero_global_pos
-75.36451721191406,0.4950833022594452
road_id
485
is_junction
True
speed_limit
30.0
speed
20.164591618001694
traffic_light
None
translation_offset
2262.997755885124,4156.813752319664
angle
-90.31083208322525
hero_past_trajectory
351,593
351,584
351,577
351,570
351,558
352,549
352,542
352,534
352,520
352,513
actor_past_trajectory
102
296,321
296,321
296,321
296,321
296,321
296,321
296,321
296,321
296,321
296,321
103
349,777
349,765
348,757
348,750
347,739
346,729
346,723
345,715
344,705
343,694
110
598,541
598,541
598,541
598,541
598,541
598,541
598,541
598,541
598,541
598,541
172
352,299
352,282
352,272
352,262
352,246
352,233
351,223
351,212
351,198
352,182
179
702,538
702,538
702,538
702,538
702,538
702,538
702,538
702,538
702,538
702,538
