time
341.8403012338458
hero_global_pos
-74.83769226074219,0.49782657623291016
road_id
485
is_junction
True
speed_limit
30.0
speed
20.05053040440088
traffic_light
None
translation_offset
2270.997755885124,4156.813754973933
angle
-90.31083309650421
hero_past_trajectory
351,592
351,585
351,578
351,566
352,557
352,550
352,542
352,528
352,521
352,510
actor_past_trajectory
102
296,329
296,329
296,329
296,329
296,329
296,329
296,329
296,329
296,329
296,329
103
349,773
348,765
348,758
347,747
346,737
346,731
345,723
344,713
343,702
342,692
110
598,549
598,549
598,549
598,549
598,549
598,549
598,549
598,549
598,549
598,549
172
352,290
352,280
352,270
352,254
352,241
352,231
351,220
351,206
352,190
352,174
179
702,546
702,546
702,546
702,546
702,546
702,546
702,546
702,546
702,546
702,546
