time
341.9364351868062
hero_global_pos
-74.27517700195312,0.5007250308990479
road_id
485
is_junction
True
speed_limit
30.0
speed
19.95372572704088
traffic_light
None
translation_offset
2279.9977827072144,4156.813826918602
angle
-90.31086054444313
hero_past_trajectory
351,594
351,587
351,575
352,566
352,559
352,551
352,537
352,530
352,519
352,511
actor_past_trajectory
102
296,338
296,338
296,338
296,338
296,338
296,338
296,338
296,338
296,338
296,338
103
348,774
348,767
347,756
346,746
346,740
345,732
344,722
343,711
342,701
340,693
110
598,558
598,558
598,558
598,558
598,558
598,558
598,558
598,558
598,558
598,558
172
352,289
352,279
352,263
352,250
352,240
352,229
351,215
352,199
352,183
352,171
179
702,555
702,555
702,555
702,555
702,555
702,555
702,555
702,555
702,555
702,555
