time
342.0603081039517
hero_global_pos
-73.5813217163086,0.5043064951896667
road_id
485
is_junction
True
speed_limit
30.0
speed
20.247700615049933
traffic_light
None
translation_offset
2290.9977737665176,4156.813339301385
angle
-90.31067427992821
hero_past_trajectory
352,598
351,586
352,577
352,570
352,562
352,548
352,541
352,530
352,522
352,513
actor_past_trajectory
102
296,349
296,349
296,349
296,349
296,349
296,349
296,349
296,349
296,349
296,349
103
348,778
347,767
346,757
346,751
345,743
344,733
343,722
342,712
340,704
339,695
110
598,569
598,569
598,569
598,569
598,569
598,569
598,569
598,569
598,569
598,569
172
352,290
352,274
352,261
352,251
352,240
352,226
352,210
352,194
352,182
352,169
179
702,566
702,566
702,566
702,566
702,566
702,566
702,566
702,566
702,566
702,566
