time
342.24066253149795
hero_global_pos
-72.31706237792969,0.5108765959739685
road_id
485
is_junction
True
speed_limit
30.0
speed
20.51464204976963
traffic_light
None
translation_offset
2310.9976128339767,4156.8086158894
angle
-90.30887043476105
hero_past_trajectory
353,597
352,590
352,582
352,568
352,561
352,550
352,542
352,533
352,522
352,514
actor_past_trajectory
102
296,369
296,369
296,369
296,369
296,369
296,369
296,369
296,369
296,369
296,369
103
346,777
346,771
345,763
344,753
343,742
342,732
340,724
339,715
336,704
334,696
110
598,589
598,589
598,589
598,589
598,589
598,589
598,589
598,589
598,589
598,589
172
352,281
352,271
352,260
352,246
353,230
352,214
352,202
352,189
352,172
352,161
179
702,586
702,586
702,586
702,586
702,586
702,586
702,586
702,586
702,586
702,586
