time
342.3614068772076
hero_global_pos
-71.86911010742188,0.5131976008415222
road_id
485
is_junction
True
speed_limit
30.0
speed
20.506778421857806
traffic_light
None
translation_offset
2318.997639656067,4156.805780570954
angle
-90.30778738856316
hero_past_trajectory
353,598
352,590
352,576
352,569
352,558
352,550
352,541
352,530
352,522
352,510
actor_past_trajectory
102
296,377
296,377
296,377
296,377
296,377
296,377
296,377
296,377
296,377
296,377
103
346,779
345,771
344,761
343,750
342,740
340,732
339,723
336,712
334,704
330,693
110
599,597
599,597
599,597
599,597
599,597
599,597
599,597
599,597
599,597
599,597
172
352,279
352,268
352,254
353,238
352,222
352,210
352,197
352,180
352,169
352,152
179
702,594
702,594
702,594
702,594
702,594
702,594
702,594
702,594
702,594
702,594
