time
342.4322274602382
hero_global_pos
-71.36087036132812,0.5158218145370483
road_id
485
is_junction
True
speed_limit
30.0
speed
20.461462698794662
traffic_light
None
translation_offset
2326.9976843595505,4156.803189375438
angle
-90.30679753422737
hero_past_trajectory
353,598
352,584
352,577
352,566
352,558
352,549
352,538
352,530
352,518
352,510
actor_past_trajectory
102
296,385
296,385
296,385
296,385
296,385
296,385
296,385
296,385
296,385
296,385
103
345,779
344,769
343,758
342,748
340,740
339,731
336,720
334,712
330,701
327,695
110
599,605
599,605
599,605
599,605
599,605
599,605
599,605
599,605
599,605
599,605
172
352,276
352,262
353,246
353,230
352,218
352,205
352,188
352,177
352,160
352,149
179
703,602
703,602
703,602
703,602
703,602
703,602
703,602
703,602
703,602
703,602
