time
342.51248200194823
hero_global_pos
-70.57537078857422,0.5198213458061218
road_id
485
is_junction
True
speed_limit
30.0
speed
20.332032681113684
traffic_light
None
translation_offset
2333.997738003731,4156.801673787646
angle
-90.30621853470802
hero_past_trajectory
352,591
352,584
352,573
352,565
352,556
352,545
352,537
352,525
352,517
352,509
actor_past_trajectory
102
296,392
296,392
296,392
296,392
296,392
296,392
296,392
296,392
296,392
296,392
103
344,776
343,765
342,755
340,747
339,738
336,727
334,719
330,708
327,702
323,694
110
599,612
599,612
599,612
599,612
599,612
599,612
599,612
599,612
599,612
599,612
172
352,269
353,253
353,237
353,225
352,212
352,195
352,184
352,167
352,156
352,145
179
703,609
703,609
703,609
703,609
703,609
703,609
703,609
703,609
703,609
703,609
