time
342.6819658312379
hero_global_pos
-70.11135864257812,0.5222039818763733
road_id
485
is_junction
True
speed_limit
30.0
speed
20.23086691401551
traffic_light
None
translation_offset
2346.9975234270096,4156.800247048028
angle
-90.30567398667336
hero_past_trajectory
353,597
352,586
352,578
352,569
352,558
352,550
352,538
352,530
352,522
352,510
actor_past_trajectory
102
296,405
296,405
296,405
296,405
296,405
296,405
296,405
296,405
296,405
296,405
103
343,778
342,768
340,760
339,751
336,740
334,732
330,721
327,715
323,707
320,701
110
599,625
599,625
599,625
599,625
599,625
599,625
599,625
599,625
599,625
599,625
172
353,266
353,250
353,238
353,225
352,208
352,197
352,180
352,169
352,158
352,147
179
703,622
703,622
703,622
703,622
703,622
703,622
703,622
703,622
703,622
703,622
