time
4932.23270329355
hero_global_pos
130.47206115722656,-131.9762420654297
road_id
18
speed_limit
30.0
speed
0.01908652761595558
traffic_light
None
translation_offset
5555.961832165718,2039.182796947658
angle
-91.21586573123932
hero_past_trajectory
353,530
352,523
352,517
352,513
352,511
352,507
352,504
352,502
352,502
352,502
actor_past_trajectory
315
353,387
353,387
353,387
353,387
353,387
353,387
353,387
353,387
353,387
353,387
390
103,183
103,183
103,183
103,183
103,183
103,183
103,183
103,183
103,183
103,183
