time
342.76231882491993
hero_global_pos
-69.60325622558594,0.5248426198959351
road_id
485
is_junction
True
speed_limit
30.0
speed
20.122655535074113
traffic_light
None
translation_offset
2354.997165799141,4156.797370099463
angle
-90.30457583069801
hero_past_trajectory
352,594
352,586
352,577
352,566
352,558
352,546
352,538
352,530
352,518
352,510
actor_past_trajectory
102
297,413
297,413
297,413
297,413
297,413
297,413
297,413
297,413
297,413
297,413
103
342,776
340,768
339,759
336,748
334,740
330,729
327,723
323,715
320,709
313,698
110
599,633
599,633
599,633
599,633
599,633
599,633
599,633
599,633
599,633
599,633
172
353,258
353,246
353,233
352,216
352,205
352,188
352,177
352,166
352,155
352,137
179
703,630
703,630
703,630
703,630
703,630
703,630
703,630
703,630
703,630
703,630
