time
342.82599369393574
hero_global_pos
-69.14473724365234,0.5272517800331116
road_id
485
is_junction
True
speed_limit
30.0
speed
20.02044298457778
traffic_light
None
translation_offset
2361.996852874756,4156.794731546193
angle
-90.30356860160828
hero_past_trajectory
352,593
352,584
352,573
352,565
352,553
352,545
352,537
352,525
352,517
352,509
actor_past_trajectory
102
297,420
297,420
297,420
297,420
297,420
297,420
297,420
297,420
297,420
297,420
103
340,775
339,766
336,755
334,747
330,736
327,730
323,722
320,716
313,705
308,698
110
599,640
599,640
599,640
599,640
599,640
599,640
599,640
599,640
599,640
599,640
172
353,253
353,240
353,223
352,212
352,195
352,184
352,173
352,162
352,144
352,132
179
703,637
703,637
703,637
703,637
703,637
703,637
703,637
703,637
703,637
703,637
