time
342.9885595436572
hero_global_pos
-68.37261199951172,0.5313283205032349
road_id
485
is_junction
True
speed_limit
30.0
speed
20.06130978695025
traffic_light
None
translation_offset
2373.996495246887,4156.792737072334
angle
-90.30280753970146
hero_past_trajectory
352,596
352,585
352,577
352,565
352,557
352,549
352,537
352,529
352,521
352,514
actor_past_trajectory
102
297,432
297,432
297,432
297,432
297,432
297,432
297,432
297,432
297,432
297,432
103
339,778
336,767
334,759
330,748
327,742
323,734
320,728
313,717
308,710
303,704
110
599,652
599,652
599,652
599,652
599,652
599,652
599,652
599,652
599,652
599,652
172
353,252
353,235
353,224
352,207
352,196
352,185
352,174
352,156
352,144
352,134
179
703,649
703,649
703,649
703,649
703,649
703,649
703,649
703,649
703,649
703,649
