time
343.0835068798988
hero_global_pos
-67.70418548583984,0.5347573757171631
road_id
485
is_junction
True
speed_limit
30.0
speed
20.474762246964158
traffic_light
None
translation_offset
2382.996218085289,4156.79293991439
angle
-90.30288556218147
hero_past_trajectory
352,594
352,586
352,574
352,566
352,558
352,546
352,538
352,530
352,523
352,511
actor_past_trajectory
102
297,441
297,441
297,441
297,441
297,441
297,441
297,441
297,441
297,441
297,441
103
336,776
334,768
330,757
327,751
323,743
320,737
313,726
308,719
303,713
293,704
110
599,661
599,661
599,661
599,661
599,661
599,661
599,661
599,661
599,661
599,661
172
353,244
353,233
352,216
352,205
352,194
352,183
352,165
352,153
352,143
352,124
179
703,658
703,658
703,658
703,658
703,658
703,658
703,658
703,658
703,658
703,658
