time
343.41286665344523
hero_global_pos
-65.81391143798828,0.5444986820220947
road_id
67
is_junction
False
speed_limit
30.0
speed
20.71544502599752
traffic_light
Red
translation_offset
2414.9979346990585,4157.780623476021
angle
-90.29817762970924
hero_past_trajectory
351,598
351,590
351,578
351,570
351,562
351,555
351,543
351,532
351,523
352,511
actor_past_trajectory
102
296,473
296,473
296,473
296,473
296,473
296,473
296,473
296,473
296,473
296,473
103
326,783
322,775
319,769
312,758
307,751
302,745
292,736
286,730
276,724
267,718
110
598,693
598,693
598,693
598,693
598,693
598,693
598,693
598,693
598,693
598,693
172
352,237
352,226
352,215
351,197
351,185
351,175
351,156
352,143
352,127
352,110
179
702,690
702,690
702,690
702,690
702,690
702,690
702,690
702,690
702,690
702,690
