time
343.6279613240986
hero_global_pos
-64.6926498413086,0.5502734184265137
road_id
67
is_junction
False
speed_limit
30.0
speed
20.552257719960007
traffic_light
Red
translation_offset
2432.998015165329,4157.772253097966
angle
-90.29498025774956
hero_past_trajectory
351,596
351,588
351,580
351,573
351,561
351,550
351,541
352,529
352,520
352,509
actor_past_trajectory
102
296,491
296,491
296,491
296,491
296,491
296,491
296,491
296,491
296,491
296,491
103
319,787
312,776
307,769
302,763
292,754
286,748
276,742
267,736
258,731
252,729
110
598,711
598,711
598,711
598,711
598,711
598,711
598,711
598,711
598,711
598,711
172
352,233
352,215
351,203
351,193
351,174
352,161
352,145
352,128
353,115
353,104
179
702,708
702,708
702,708
702,708
702,708
702,708
702,708
702,708
702,708
702,708
