time
344.040731552559
hero_global_pos
-62.37113952636719,0.5621312856674194
road_id
67
is_junction
False
speed_limit
30.0
speed
20.04955142102436
traffic_light
Red
translation_offset
2469.998015165329,4157.766135775484
angle
-90.29264363646507
hero_past_trajectory
351,598
351,587
351,578
352,566
352,557
352,546
352,539
352,527
352,522
352,512
actor_past_trajectory
102
296,528
296,528
296,528
296,528
296,528
296,528
296,528
296,528
296,528
296,528
110
598,748
598,748
598,748
598,748
598,748
598,748
598,748
598,748
598,748
598,748
172
352,211
352,198
352,182
352,165
353,152
353,141
354,126
356,113
357,101
358,90
179
702,745
702,745
702,745
702,745
702,745
702,745
702,745
702,745
702,745
702,745
