time
344.41798182533967
hero_global_pos
-60.26204299926758,0.5729126930236816
road_id
67
is_junction
False
speed_limit
30.0
speed
20.512500828693952
traffic_light
None
translation_offset
2503.9980062246323,4157.767981540412
angle
-90.2933486700058
hero_past_trajectory
352,591
352,580
352,573
352,561
352,556
352,546
352,536
352,526
352,517
352,508
actor_past_trajectory
102
296,562
296,562
296,562
296,562
296,562
296,562
296,562
296,562
296,562
296,562
172
353,186
353,175
354,160
356,147
357,135
358,124
361,105
363,92
365,82
369,65
