time
344.55312948631035
hero_global_pos
-59.46581268310547,0.576991617679596
road_id
67
is_junction
False
speed_limit
30.0
speed
20.542901123737693
traffic_light
None
translation_offset
2516.9979972839355,4157.768563593738
angle
-90.29357102513313
hero_past_trajectory
352,593
352,586
352,574
352,569
352,559
352,549
352,539
352,530
352,521
352,515
actor_past_trajectory
102
296,575
296,575
296,575
296,575
296,575
296,575
296,575
296,575
296,575
296,575
172
353,188
354,173
356,160
357,148
358,137
361,118
363,105
365,95
369,78
371,70
