time
344.6296171765207
hero_global_pos
-59.05052947998047,0.5791203379631042
road_id
67
is_junction
False
speed_limit
30.0
speed
20.513030018770863
traffic_light
None
translation_offset
2523.9980062246323,4157.768689881079
angle
-90.29361924529076
hero_past_trajectory
352,593
352,581
352,576
352,566
352,556
352,546
352,537
352,528
352,522
352,509
actor_past_trajectory
102
296,582
296,582
296,582
296,582
296,582
296,582
296,582
296,582
296,582
296,582
172
354,180
356,167
357,155
358,144
361,125
363,112
365,102
369,85
371,77
376,60
