time
344.68582186804997
hero_global_pos
-58.61045455932617,0.5813767313957214
road_id
67
is_junction
False
speed_limit
30.0
speed
20.459412815628113
traffic_light
None
translation_offset
2530.9980241060257,4157.768747506663
angle
-90.29364123940468
hero_past_trajectory
352,588
352,583
352,573
352,563
352,553
352,544
352,535
352,529
352,516
352,509
actor_past_trajectory
102
296,589
296,589
296,589
296,589
296,589
296,589
296,589
296,589
296,589
296,589
172
356,174
357,162
358,151
361,132
363,119
365,109
369,92
371,84
376,67
379,58
