time
344.8250423069476
hero_global_pos
-57.82203674316406,0.5854220390319824
road_id
67
is_junction
False
speed_limit
30.0
speed
20.327235591114338
traffic_light
None
translation_offset
2542.9980330467224,4157.768900546245
angle
-90.29369965195656
hero_past_trajectory
352,595
352,585
352,575
352,565
352,556
352,547
352,541
352,528
352,521
352,509
actor_past_trajectory
102
297,601
297,601
297,601
297,601
297,601
297,601
297,601
297,601
297,601
297,601
172
357,174
358,163
361,144
363,131
365,121
369,104
371,96
376,79
379,70
382,60
