time
345.04768105180847
hero_global_pos
-56.57319259643555,0.5918323993682861
road_id
67
is_junction
False
speed_limit
30.0
speed
20.07357357429746
traffic_light
None
translation_offset
2561.998015165329,4157.7690561702475
angle
-90.29375913739204
hero_past_trajectory
352,594
352,584
352,575
352,566
352,560
352,547
352,540
352,528
352,521
352,515
actor_past_trajectory
102
297,620
297,620
297,620
297,620
297,620
297,620
297,620
297,620
297,620
297,620
172
361,163
363,150
365,140
369,123
371,115
376,98
379,89
382,79
388,63
391,56
