time
345.1252092416762
hero_global_pos
-56.24930953979492,0.5934953689575195
road_id
67
is_junction
False
speed_limit
30.0
speed
20.004935672172955
traffic_light
None
translation_offset
2567.998015165329,4157.769127206877
angle
-90.29378625750542
hero_past_trajectory
352,590
352,581
352,572
352,566
352,553
352,546
352,534
352,527
352,521
352,507
actor_past_trajectory
102
297,626
297,626
297,626
297,626
297,626
297,626
297,626
297,626
297,626
297,626
172
363,156
365,146
369,129
371,121
376,104
379,95
382,85
388,69
391,62
399,47
