time
345.60337147632526
hero_global_pos
-53.44110107421875,0.6079159379005432
road_id
67
is_junction
False
speed_limit
30.0
speed
20.588532502605112
traffic_light
None
translation_offset
2612.9979704618454,4158.771444663405
angle
-90.29467153549194
hero_past_trajectory
351,591
351,579
351,572
351,566
351,552
351,547
351,535
351,528
351,518
352,511
actor_past_trajectory
102
296,671
296,671
296,671
296,671
296,671
296,671
296,671
296,671
296,671
296,671
172
378,140
381,130
387,114
390,107
398,92
403,84
412,71
418,64
427,53
435,46
