time
345.75881095746445
hero_global_pos
-52.65740966796875,0.6119450330734253
road_id
67
is_junction
False
speed_limit
30.0
speed
20.519329728595853
traffic_light
None
translation_offset
2625.9979972839355,4158.771298049949
angle
-90.29461547732353
hero_past_trajectory
351,592
351,585
351,579
351,565
351,560
351,548
351,541
351,531
352,524
352,511
actor_past_trajectory
102
296,684
296,684
296,684
296,684
296,684
296,684
296,684
296,684
296,684
296,684
172
381,143
387,127
390,120
398,105
403,97
412,84
418,77
427,66
435,59
444,50
