time
345.94578090080904
hero_global_pos
-51.60855484008789,0.6173384189605713
road_id
67
is_junction
False
speed_limit
30.0
speed
20.34187934280677
traffic_light
None
translation_offset
2642.998015165329,4158.770964589901
angle
-90.29448810219765
hero_past_trajectory
351,596
351,582
351,577
351,565
351,558
351,548
352,541
352,528
352,519
352,509
actor_past_trajectory
102
296,701
296,701
296,701
296,701
296,701
296,701
296,701
296,701
296,701
296,701
172
390,137
398,122
403,114
412,101
418,94
427,83
435,76
444,67
457,55
465,50
