time
346.0436890586643
hero_global_pos
-51.05116271972656,0.6202044486999512
road_id
67
is_junction
False
speed_limit
30.0
speed
20.228866270131014
traffic_light
None
translation_offset
2651.998015165329,4158.770791084506
angle
-90.29442182183266
hero_past_trajectory
351,591
351,586
351,574
351,567
351,557
352,550
352,537
352,528
352,518
352,511
actor_past_trajectory
102
296,710
296,710
296,710
296,710
296,710
296,710
296,710
296,710
296,710
296,710
172
398,131
403,123
412,110
418,103
427,92
435,85
444,76
457,64
465,59
477,50
