time
346.3860066826819
hero_global_pos
-49.1464729309082,0.6299957036972046
road_id
67
is_junction
False
speed_limit
30.0
speed
20.108911171731755
traffic_light
None
translation_offset
2681.9980062246323,4158.770787103102
angle
-90.29442033171654
hero_past_trajectory
351,597
351,587
352,580
352,567
352,558
352,548
352,541
352,532
352,521
352,511
actor_past_trajectory
102
296,740
296,740
296,740
296,740
296,740
296,740
296,740
296,740
296,740
296,740
172
418,133
427,122
435,115
444,106
457,94
465,89
477,80
487,73
501,64
515,56
