time
4932.653562658343
hero_global_pos
130.47401428222656,-131.97616577148438
road_id
18
speed_limit
30.0
speed
0.00371200648057478
traffic_light
None
translation_offset
5555.9661684036255,2039.1828653998673
angle
-91.2158567905426
hero_past_trajectory
352,511
352,507
352,504
352,502
352,502
352,502
352,502
352,502
352,502
352,502
actor_past_trajectory
315
353,387
353,387
353,387
353,387
353,387
353,387
353,387
353,387
353,387
353,387
390
103,183
103,183
103,183
103,183
103,183
103,183
103,183
103,183
103,183
103,183
