time
12810.349952339122
hero_global_pos
-41.169105529785156,134.90122985839844
road_id
25
speed_limit
30.0
speed
22.614069531527473
translation_offset
2809.9611258506775,6302.609324589372
angle
-88.70474231243134
hero_past_trajectory
352,590
352,585
352,583
352,574
352,559
352,557
351,550
352,541
352,524
351,507
actor_past_trajectory
549
295,595
295,595
295,595
295,595
295,595
295,595
295,595
295,595
295,595
295,595
555
296,481
296,481
296,481
296,481
296,481
296,481
296,481
296,481
296,481
296,481
574
296,709
296,709
296,709
296,709
296,709
296,709
296,709
296,709
296,709
296,709
593
352,162
352,162
352,162
352,162
352,162
352,162
352,162
352,162
352,162
352,162
