time
12810.410686730334
hero_global_pos
-40.70767593383789,134.8907928466797
road_id
25
speed_limit
30.0
speed
22.723239038548492
translation_offset
2816.961268901825,6302.608442533761
angle
-88.70440673828125
hero_past_trajectory
351,592
352,590
352,581
352,566
352,564
351,557
351,548
352,531
351,514
351,508
actor_past_trajectory
549
295,602
295,602
295,602
295,602
295,602
295,602
295,602
295,602
295,602
295,602
555
296,488
296,488
296,488
296,488
296,488
296,488
296,488
296,488
296,488
296,488
574
296,716
296,716
296,716
296,716
296,716
296,716
296,716
296,716
296,716
296,716
593
352,169
352,169
352,169
352,169
352,169
352,169
352,169
352,169
352,169
352,169
