time
12810.865190356897
hero_global_pos
-38.13071060180664,134.83242797851562
road_id
25
speed_limit
30.0
speed
22.187762321625666
translation_offset
2857.9616891145706,6301.609951555729
angle
-88.70498657226562
hero_past_trajectory
352,605
351,598
352,589
352,572
351,556
351,550
352,543
352,530
352,523
351,507
actor_past_trajectory
549
295,643
295,643
295,643
295,643
295,643
295,643
295,643
295,643
295,643
295,643
555
296,529
296,529
296,529
296,529
296,529
296,529
296,529
296,529
296,529
296,529
593
352,210
352,210
352,210
352,210
352,210
352,210
352,210
352,210
352,210
352,210
