time
12810.970655441211
hero_global_pos
-37.52009582519531,134.81849670410156
road_id
25
speed_limit
30.0
speed
21.953364049088936
translation_offset
2867.962118268013,6301.630320698023
angle
-88.71276879310608
hero_past_trajectory
351,608
351,599
352,582
351,566
351,560
351,553
352,540
352,533
351,517
351,511
actor_past_trajectory
549
295,653
295,653
295,653
295,653
295,653
295,653
295,653
295,653
295,653
295,653
555
296,539
296,539
296,539
296,539
296,539
296,539
296,539
296,539
296,539
296,539
593
352,220
352,220
352,220
352,220
352,220
352,220
352,220
352,220
352,220
352,220
