time
12811.056636750625
hero_global_pos
-36.91986846923828,134.80487060546875
road_id
25
speed_limit
30.0
speed
21.535078912311196
translation_offset
2877.9620646238327,6301.630800701678
angle
-88.71295166015625
hero_past_trajectory
351,609
351,592
351,576
351,570
351,563
351,550
352,543
351,527
351,521
351,511
actor_past_trajectory
549
295,663
295,663
295,663
295,663
295,663
295,663
295,663
295,663
295,663
295,663
555
295,549
295,549
295,549
295,549
295,549
295,549
295,549
295,549
295,549
295,549
593
352,230
352,230
352,230
352,230
352,230
352,230
352,230
352,230
352,230
352,230
