time
4913.58992012019
hero_global_pos
84.17816162109375,-105.02948760986328
road_id
50
speed_limit
30.0
speed
5.574511417858365
traffic_light
None
translation_offset
4670.2892765030265,2317.098615884781
angle
-2.020843505859375
hero_past_trajectory
352,559
352,554
353,545
352,537
352,529
353,522
353,517
352,512
352,508
352,505
actor_past_trajectory
304
352,383
352,383
352,383
352,383
352,383
352,383
352,383
352,383
352,383
352,383
315
353,268
353,268
353,268
353,268
353,268
353,268
353,268
353,268
353,268
353,268
