time
357.1692815753995
hero_global_pos
3.5798232555389404,23.266626358032227
road_id
585
is_junction
True
speed_limit
30.0
speed
20.10051994104903
traffic_light
None
translation_offset
3524.508933186531,4498.902988880873
angle
-81.9147253036499
hero_past_trajectory
343,598
346,586
349,575
350,566
351,559
352,547
353,540
353,533
352,521
352,514
actor_past_trajectory
105
845,550
837,549
822,547
813,545
807,544
795,543
789,542
781,541
769,539
762,538
129
237,334
234,330
226,318
220,313
216,308
210,301
205,296
202,292
195,285
191,280
