time
357.4598207599847
hero_global_pos
5.157194137573242,22.89956283569336
road_id
585
is_junction
True
speed_limit
30.0
speed
20.41182437449941
traffic_light
None
translation_offset
3547.695554256439,4482.688410520554
angle
-77.95124626159668
hero_past_trajectory
346,592
348,585
349,573
351,566
351,559
352,547
352,540
353,528
353,517
352,509
actor_past_trajectory
105
810,603
803,601
791,599
786,598
778,596
766,593
759,592
747,589
736,587
729,586
129
234,330
230,325
225,317
221,312
218,308
211,300
207,295
200,288
194,279
190,274
