time
357.76058665247547
hero_global_pos
6.785433292388916,22.39715003967285
road_id
585
is_junction
True
speed_limit
30.0
speed
20.53875278594374
traffic_light
None
translation_offset
3571.0812587738037,4464.279646933079
angle
-73.85103034973145
hero_past_trajectory
346,593
347,586
349,574
350,567
351,555
352,544
352,536
352,529
353,518
353,511
actor_past_trajectory
105
778,656
770,653
759,650
752,648
741,645
729,641
722,639
716,637
704,634
697,632
129
235,331
232,326
226,318
223,313
217,305
211,296
207,290
204,285
198,277
196,272
