time
357.9727131552427
hero_global_pos
7.929374694824219,21.956912994384766
road_id
585
is_junction
True
speed_limit
30.0
speed
20.325298048143488
traffic_light
None
translation_offset
3586.5060967206955,4449.2403646707535
angle
-70.62613105773926
hero_past_trajectory
345,593
347,586
349,574
351,563
351,556
352,548
352,537
353,530
353,521
353,510
actor_past_trajectory
105
751,692
744,690
733,686
721,682
715,679
708,677
697,673
690,671
682,669
671,665
129
237,330
234,325
229,317
223,307
220,302
217,297
212,288
209,283
206,277
202,267
