time
358.173056233245
hero_global_pos
8.930354118347168,21.519527435302734
road_id
585
is_junction
True
speed_limit
30.0
speed
20.07074436418357
traffic_light
None
translation_offset
3600.1074150800705,4435.882992863655
angle
-68.03047180175781
hero_past_trajectory
346,591
348,580
349,573
350,566
351,555
352,547
352,539
353,527
353,519
353,509
actor_past_trajectory
105
724,720
713,716
707,713
700,710
689,706
683,703
675,701
664,697
656,694
647,690
129
238,329
233,319
230,314
227,308
222,300
220,295
217,288
214,278
212,272
209,263
