time
358.46997295649635
hero_global_pos
10.44028091430664,20.742128372192383
road_id
585
is_junction
True
speed_limit
30.0
speed
20.58962119977643
traffic_light
None
translation_offset
3619.5993369817734,4413.795647323132
angle
-63.80916213989258
hero_past_trajectory
345,592
348,581
349,574
350,566
351,554
351,546
352,536
352,529
353,521
352,509
actor_past_trajectory
105
684,762
673,757
667,754
660,751
649,746
642,743
633,738
626,735
620,731
612,727
129
242,327
238,318
236,312
234,306
231,295
229,289
227,280
225,275
224,268
223,260
