time
358.5946867834209
hero_global_pos
11.059540748596191,20.42938232421875
road_id
585
is_junction
True
speed_limit
30.0
speed
20.656525026429335
traffic_light
None
translation_offset
3629.158542752266,4407.906982302666
angle
-63.430253982543945
hero_past_trajectory
347,592
348,585
349,577
351,565
351,557
352,547
352,540
352,532
352,520
352,513
actor_past_trajectory
105
672,770
665,767
658,765
647,759
640,756
631,751
625,748
618,744
610,739
600,735
129
239,328
237,323
235,316
232,306
231,299
229,290
227,285
225,279
224,270
223,262
