time
12811.550843330027
hero_global_pos
-34.310997009277344,134.74588012695312
road_id
25
speed_limit
30.0
speed
20.35586597050766
translation_offset
2918.961179494858,6300.593340858817
angle
-88.69863903522491
hero_past_trajectory
351,591
352,584
351,569
351,563
351,553
352,543
351,531
351,531
351,511
351,508
actor_past_trajectory
549
295,704
295,704
295,704
295,704
295,704
295,704
295,704
295,704
295,704
295,704
555
295,590
295,590
295,590
295,590
295,590
295,590
295,590
295,590
295,590
295,590
593
352,271
352,271
352,271
352,271
352,271
352,271
352,271
352,271
352,271
352,271
