time
12811.660022051932
hero_global_pos
-33.749732971191406,134.7332763671875
road_id
25
speed_limit
30.0
speed
19.921429431229267
translation_offset
2927.9609112739563,6300.582638006657
angle
-88.69454967975616
hero_past_trajectory
351,593
351,578
351,572
351,562
351,552
351,540
351,540
351,520
351,517
351,510
actor_past_trajectory
549
295,713
295,713
295,713
295,713
295,713
295,713
295,713
295,713
295,713
295,713
555
295,599
295,599
295,599
295,599
295,599
295,599
295,599
295,599
295,599
295,599
593
352,280
352,280
352,280
352,280
352,280
352,280
352,280
352,280
352,280
352,280
