time
12811.766612442138
hero_global_pos
-33.200172424316406,134.7209014892578
road_id
25
speed_limit
30.0
speed
19.561594299786368
translation_offset
2936.9609738588333,6299.5881505049765
angle
-88.6966552734375
hero_past_trajectory
352,587
352,581
352,571
352,561
351,550
351,550
352,530
352,527
352,520
352,511
actor_past_trajectory
549
295,722
295,722
295,722
295,722
295,722
295,722
295,722
295,722
295,722
295,722
555
296,608
296,608
296,608
296,608
296,608
296,608
296,608
296,608
296,608
296,608
593
352,289
352,289
352,289
352,289
352,289
352,289
352,289
352,289
352,289
352,289
