time
12812.015096144678
hero_global_pos
-32.08537292480469,134.69561767578125
road_id
25
speed_limit
30.0
speed
20.668119650701513
translation_offset
2954.961957335472,6299.62241153419
angle
-88.70974707603455
hero_past_trajectory
352,589
352,579
351,568
351,568
351,548
352,545
352,538
352,529
351,519
351,510
actor_past_trajectory
549
295,740
295,740
295,740
295,740
295,740
295,740
295,740
295,740
295,740
295,740
555
296,626
296,626
296,626
296,626
296,626
296,626
296,626
296,626
296,626
296,626
572
556,-41
556,-41
556,-41
556,-41
556,-41
556,-41
556,-41
556,-41
556,-41
556,-41
593
352,307
352,307
352,307
352,307
352,307
352,307
352,307
352,307
352,307
352,307
