time
365.10947749534535
hero_global_pos
43.16580581665039,7.164760112762451
road_id
576
is_junction
True
speed_limit
30.0
speed
20.371322552862146
traffic_light
None
translation_offset
4158.987491965294,4263.936927204952
angle
-90.73987221717834
hero_past_trajectory
352,597
353,585
353,574
353,564
353,557
353,545
352,538
352,531
352,519
352,512
actor_past_trajectory
124
-89,-43
-87,-43
-84,-43
-81,-43
-77,-43
-72,-44
-67,-43
-62,-43
-52,-43
-47,-43
129
296,441
297,431
297,422
297,413
297,408
297,398
297,391
296,385
296,375
296,369
