time
12812.120997415783
hero_global_pos
-31.4914493560791,134.68218994140625
road_id
25
speed_limit
30.0
speed
21.630871089921342
translation_offset
2964.9615997076035,6299.621541492641
angle
-88.70941174030304
hero_past_trajectory
352,589
351,578
351,578
351,558
351,555
351,548
352,539
351,529
351,520
351,511
actor_past_trajectory
549
295,750
295,750
295,750
295,750
295,750
295,750
295,750
295,750
295,750
295,750
555
295,636
295,636
295,636
295,636
295,636
295,636
295,636
295,636
295,636
295,636
572
556,-31
556,-31
556,-31
556,-31
556,-31
556,-31
556,-31
556,-31
556,-31
556,-31
593
352,317
352,317
352,317
352,317
352,317
352,317
352,317
352,317
352,317
352,317
