time
365.485019996333
hero_global_pos
45.39020919799805,7.197482585906982
road_id
8
is_junction
False
speed_limit
30.0
speed
19.964761747534904
traffic_light
None
translation_offset
4194.984139204025,4265.180081466213
angle
-90.83275920152664
hero_past_trajectory
352,593
352,581
352,574
352,567
352,555
352,548
352,536
352,530
352,518
352,511
actor_past_trajectory
124
-78,-7
-73,-7
-68,-6
-63,-6
-53,-6
-48,-6
-38,-5
-30,-5
-19,-6
-9,-5
129
296,444
296,434
296,427
296,421
296,411
296,405
296,397
296,390
296,381
296,373
