time
365.61710248658346
hero_global_pos
46.01994705200195,7.206917762756348
road_id
8
is_junction
False
speed_limit
30.0
speed
20.310133351727067
traffic_light
None
translation_offset
4204.983727931976,4265.209099614993
angle
-90.84384441375732
hero_past_trajectory
352,591
352,584
352,577
352,565
352,558
353,546
353,540
352,528
352,521
352,512
actor_past_trajectory
124
-73,2
-68,3
-63,3
-53,3
-48,3
-38,4
-30,4
-19,3
-9,4
0,4
129
296,444
296,437
296,431
296,421
296,415
297,407
296,400
296,391
296,383
296,376
