time
365.6913690152942
hero_global_pos
46.44751739501953,7.21335506439209
road_id
8
is_junction
False
speed_limit
30.0
speed
20.500216388248873
traffic_light
None
translation_offset
4211.983486533165,4265.2247068583965
angle
-90.84980672597885
hero_past_trajectory
352,591
352,584
352,572
352,565
353,553
353,547
352,535
352,528
352,519
352,509
actor_past_trajectory
124
-68,10
-63,10
-53,10
-48,10
-38,11
-30,11
-19,10
-9,11
0,11
12,12
129
296,444
296,438
296,428
296,422
297,414
297,407
296,398
296,390
296,383
296,374
