time
365.826526937577
hero_global_pos
47.21491241455078,7.224963665008545
road_id
8
is_junction
False
speed_limit
30.0
speed
20.654838215632758
traffic_light
None
translation_offset
4223.983111023903,4265.246965002269
angle
-90.85830992460251
hero_past_trajectory
352,596
352,584
352,577
353,565
353,559
353,547
353,540
352,531
352,521
352,514
actor_past_trajectory
124
-63,22
-53,22
-48,22
-38,23
-30,23
-19,23
-9,23
0,23
12,24
20,25
129
296,450
296,440
296,434
297,426
297,419
297,410
296,402
296,395
296,386
296,380
