time
365.8720060116975
hero_global_pos
47.58786392211914,7.230594158172607
road_id
8
is_junction
False
speed_limit
30.0
speed
20.669585979286484
traffic_light
None
translation_offset
4229.983030557632,4266.252644579858
angle
-90.86047953367233
hero_past_trajectory
351,590
351,583
352,571
352,565
352,553
352,546
352,537
351,527
351,520
351,508
actor_past_trajectory
124
-54,28
-49,28
-39,29
-31,29
-20,29
-10,29
0,29
11,30
19,31
33,34
129
295,446
295,440
296,432
296,425
296,416
296,408
295,401
295,392
295,386
295,376
