time
366.1054851427107
hero_global_pos
48.80055236816406,7.248918533325195
road_id
8
is_junction
False
speed_limit
30.0
speed
20.55856995526181
traffic_light
None
translation_offset
4248.982941150665,4266.261809352785
angle
-90.86398035287857
hero_past_trajectory
352,590
352,584
352,572
352,565
352,556
352,546
352,539
351,527
352,521
352,508
actor_past_trajectory
124
-39,48
-31,48
-20,48
-10,48
0,48
11,49
19,50
33,53
39,54
51,59
129
296,451
296,444
296,435
296,427
296,420
296,411
296,405
295,395
296,390
296,379
