time
366.18830737987446
hero_global_pos
49.272705078125,7.2560553550720215
road_id
8
is_junction
False
speed_limit
30.0
speed
20.477147689807172
traffic_light
None
translation_offset
4256.982923269272,4266.263562846929
angle
-90.86465013027191
hero_past_trajectory
352,592
352,580
352,573
352,564
352,554
352,547
351,535
352,529
352,516
352,510
actor_past_trajectory
124
-31,56
-20,56
-10,56
0,56
11,57
19,58
33,61
39,62
51,67
57,70
129
296,452
296,443
296,435
296,428
296,419
296,413
295,403
296,398
296,387
296,382
