time
4913.697508239995
hero_global_pos
84.18233489990234,-105.14506530761719
road_id
50
speed_limit
30.0
speed
2.159951478563912
traffic_light
None
translation_offset
4670.277111567557,2316.1016199588776
angle
-2.0162429809570312
hero_past_trajectory
352,555
353,546
352,538
352,530
353,523
353,518
352,513
352,509
352,506
352,503
actor_past_trajectory
304
352,384
352,384
352,384
352,384
352,384
352,384
352,384
352,384
352,384
352,384
315
353,269
353,269
353,269
353,269
353,269
353,269
353,269
353,269
353,269
353,269
