time
366.30362978534686
hero_global_pos
50.04875564575195,7.267759799957275
road_id
8
is_junction
False
speed_limit
30.0
speed
20.321433347086405
traffic_light
None
translation_offset
4268.982932209969,4266.262714318931
angle
-90.86432600021362
hero_past_trajectory
352,592
352,585
352,576
352,566
352,559
352,547
353,541
352,528
352,522
352,509
actor_past_trajectory
124
-20,68
-10,68
0,68
11,69
19,70
33,73
40,74
52,79
58,82
65,86
129
296,455
296,447
296,440
296,431
296,425
296,415
297,410
296,399
296,394
296,387
