time
366.6215906865327
hero_global_pos
51.825599670410156,7.29451847076416
road_id
8
is_junction
False
speed_limit
30.0
speed
19.940801506413177
traffic_light
None
translation_offset
4297.982976913452,4267.258522389457
angle
-90.86272472143173
hero_past_trajectory
351,595
351,588
351,576
352,570
352,557
352,551
352,538
351,531
351,524
351,513
actor_past_trajectory
124
11,98
19,99
33,102
39,103
51,108
57,111
64,115
73,124
78,129
85,138
129
295,460
295,454
295,444
296,439
296,428
296,423
296,416
296,406
295,400
295,390
