time
12812.314917052092
hero_global_pos
-30.35116195678711,134.65638732910156
road_id
25
speed_limit
30.0
speed
19.677752184791387
translation_offset
2982.9616980552673,6298.610510349274
angle
-88.70520007610321
hero_past_trajectory
351,596
352,576
352,573
352,566
352,557
351,548
352,539
352,530
352,520
352,511
actor_past_trajectory
555
296,654
296,654
296,654
296,654
296,654
296,654
296,654
296,654
296,654
296,654
572
556,-13
556,-13
556,-13
556,-13
556,-13
556,-13
556,-13
556,-13
556,-13
556,-13
593
352,335
352,335
352,335
352,335
352,335
352,335
352,335
352,335
352,335
352,335
