time
367.61064984792756
hero_global_pos
57.55328369140625,7.380372524261475
road_id
8
is_junction
False
speed_limit
30.0
speed
20.18685940378811
traffic_light
None
translation_offset
4385.983191490173,4268.24496354349
angle
-90.85754495859146
hero_past_trajectory
352,590
352,583
352,573
352,567
352,554
352,546
352,539
352,526
352,517
352,510
actor_past_trajectory
124
92,235
94,240
98,250
101,257
104,268
106,277
108,285
109,294
110,308
110,316
129
295,469
295,464
296,455
296,449
296,439
296,432
296,425
296,418
296,407
295,401
