time
368.11074860909866
hero_global_pos
60.13704299926758,7.4189934730529785
road_id
8
is_junction
False
speed_limit
30.0
speed
20.55958601011813
traffic_light
None
translation_offset
4430.983191490173,4269.243180433288
angle
-90.8568639755249
hero_past_trajectory
351,591
351,584
352,571
352,562
352,555
352,544
352,536
351,529
351,517
351,509
actor_past_trajectory
124
105,322
107,330
109,339
110,353
110,361
111,369
111,381
111,389
111,402
112,410
129
296,477
296,470
295,463
295,452
295,446
295,439
296,429
296,423
296,413
296,406
