time
368.2935477379142
hero_global_pos
61.406654357910156,7.437966823577881
road_id
8
is_junction
False
speed_limit
30.0
speed
20.67832679861963
traffic_light
None
translation_offset
4450.983182549477,4269.2426368668675
angle
-90.8566564321518
hero_past_trajectory
352,591
352,582
352,575
352,564
352,556
352,549
352,537
351,529
352,522
352,509
actor_past_trajectory
124
109,359
110,373
110,381
111,389
111,401
112,409
112,422
112,430
112,437
112,449
129
296,483
296,472
295,466
295,459
296,449
296,443
296,433
296,426
296,421
296,410
