time
368.6993680182277
hero_global_pos
63.48472595214844,7.469021320343018
road_id
8
is_junction
False
speed_limit
30.0
speed
20.36000771205622
traffic_light
None
translation_offset
4483.983263015747,4269.240911871195
angle
-90.85599714517593
hero_past_trajectory
352,589
352,582
352,570
352,562
353,555
353,542
352,535
352,526
352,517
352,510
actor_past_trajectory
124
112,434
112,442
112,455
112,463
112,470
113,482
113,490
113,499
113,508
112,515
129
297,482
297,476
296,466
296,459
296,454
296,443
296,437
296,429
297,422
297,415
