time
368.92448720479297
hero_global_pos
64.7712173461914,7.4882402420043945
road_id
8
is_junction
False
speed_limit
30.0
speed
20.079125978676
traffic_light
None
translation_offset
4504.98325407505,4270.240188093856
angle
-90.85572075843811
hero_past_trajectory
351,591
351,583
352,576
352,563
352,556
352,547
352,538
351,531
351,523
352,509
actor_past_trajectory
124
112,476
112,484
112,491
112,503
112,511
112,520
112,529
111,536
112,543
112,557
129
296,487
296,480
296,475
295,464
295,458
295,450
296,443
296,436
296,430
296,418
