time
369.4890175774126
hero_global_pos
68.06692504882812,7.537467956542969
road_id
8
is_junction
False
speed_limit
30.0
speed
20.702652884354684
traffic_light
None
translation_offset
4556.98320043087,4270.241572085768
angle
-90.8562496304512
hero_past_trajectory
352,590
352,583
352,575
353,561
353,554
353,545
352,535
352,527
352,519
352,512
actor_past_trajectory
124
113,581
112,588
112,595
113,609
113,616
113,625
113,636
112,644
112,652
112,659
129
297,495
297,488
297,482
297,470
296,464
296,456
296,447
296,441
296,434
297,428
