time
369.6294495067923
hero_global_pos
68.69717407226562,7.546885967254639
road_id
8
is_junction
False
speed_limit
30.0
speed
20.65436803214941
traffic_light
None
translation_offset
4567.98322725296,4271.241408638656
angle
-90.85618704557419
hero_past_trajectory
351,594
351,586
352,572
352,565
352,556
352,546
352,538
351,530
351,523
352,508
actor_past_trajectory
124
111,599
112,606
112,620
112,627
112,636
112,647
111,655
111,663
111,670
112,680
129
296,499
296,493
296,481
296,475
295,467
295,458
295,452
295,445
296,439
296,430
