time
369.82997148068534
hero_global_pos
69.880126953125,7.564558029174805
road_id
8
is_junction
False
speed_limit
30.0
speed
20.458574295853072
traffic_light
None
translation_offset
4585.983263015747,4271.2406335920095
angle
-90.8558908700943
hero_past_trajectory
352,590
352,583
352,574
352,564
352,556
352,548
352,541
352,526
352,518
352,510
actor_past_trajectory
124
112,638
112,645
112,654
112,665
112,673
112,681
112,688
112,698
112,708
112,719
129
296,499
296,493
296,485
296,476
296,470
295,463
296,457
296,448
296,440
296,431
