time
12812.68329654813
hero_global_pos
-28.85946273803711,134.62269592285156
road_id
25
speed_limit
30.0
speed
12.290253082460119
translation_offset
3006.953356385231,6298.586166508496
angle
-88.69583141803741
hero_past_trajectory
351,590
352,581
351,571
351,562
351,554
352,544
352,535
351,525
351,511
351,507
actor_past_trajectory
555
295,678
295,678
295,678
295,678
295,678
295,678
295,678
295,678
295,678
295,678
572
556,10
556,10
556,10
556,10
556,10
556,10
556,10
556,10
556,10
556,10
593
352,359
352,359
352,359
352,359
352,359
352,359
352,359
352,359
352,359
352,359
