time
12812.772255817355
hero_global_pos
-28.542299270629883,134.61550903320312
road_id
25
speed_limit
30.0
speed
12.740627758956016
translation_offset
3011.956950545311,6298.588721871376
angle
-88.69683837890625
hero_past_trajectory
352,586
351,576
351,568
351,559
351,549
352,540
351,530
351,516
351,512
351,506
actor_past_trajectory
555
295,683
295,683
295,683
295,683
295,683
295,683
295,683
295,683
295,683
295,683
572
556,15
556,15
556,15
556,15
556,15
556,15
556,15
556,15
556,15
556,15
593
352,364
352,364
352,364
352,364
352,364
352,364
352,364
352,364
352,364
352,364
