time
12812.879661904575
hero_global_pos
-28.222551345825195,134.60824584960938
road_id
25
speed_limit
30.0
speed
12.829232547998213
translation_offset
3016.959596991539,6298.590978838503
angle
-88.69772326946259
hero_past_trajectory
351,582
351,573
351,564
351,554
352,545
351,535
351,521
351,517
351,511
351,506
actor_past_trajectory
555
295,688
295,688
295,688
295,688
295,688
295,688
295,688
295,688
295,688
295,688
572
555,20
555,20
555,20
555,20
555,20
555,20
555,20
555,20
555,20
555,20
593
352,369
352,369
352,369
352,369
352,369
352,369
352,369
352,369
352,369
352,369
