time
12812.940600408168
hero_global_pos
-27.74658203125,134.59747314453125
road_id
25
speed_limit
30.0
speed
10.004187853713649
translation_offset
3023.9593645334244,6297.589465904981
angle
-88.6971435546875
hero_past_trajectory
352,580
352,571
352,561
352,552
352,543
352,529
352,525
352,519
352,514
352,509
actor_past_trajectory
555
296,695
296,695
296,695
296,695
296,695
296,695
296,695
296,695
296,695
296,695
572
556,27
556,27
556,27
556,27
556,27
556,27
556,27
556,27
556,27
556,27
593
352,376
352,376
352,376
352,376
352,376
352,376
352,376
352,376
352,376
352,376
