time
373.6539894319503
hero_global_pos
91.50515747070312,7.887584209442139
road_id
7
is_junction
False
speed_limit
30.0
speed
20.104242722719306
traffic_light
None
translation_offset
4931.98325407505,4276.23986832425
angle
-90.85559856891632
hero_past_trajectory
352,592
352,584
352,575
352,567
352,555
352,546
352,539
352,528
352,519
352,510
actor_past_trajectory
129
296,556
296,547
297,539
296,532
296,522
296,515
296,509
296,500
296,492
296,484
165
-94,730
-94,730
-92,730
-90,730
-86,730
-81,730
-77,729
-70,730
-63,730
-55,730
