time
373.7392070587157
hero_global_pos
92.01637268066406,7.895220756530762
road_id
7
is_junction
False
speed_limit
30.0
speed
19.99045968959031
traffic_light
None
translation_offset
4940.983263015747,4276.23973505199
angle
-90.85554766654968
hero_past_trajectory
352,593
352,584
352,576
352,564
352,555
352,548
353,537
352,528
352,519
352,511
actor_past_trajectory
129
296,556
297,548
297,541
296,531
296,524
296,518
296,509
296,501
296,493
296,486
165
-94,739
-92,739
-90,739
-86,739
-81,738
-77,738
-70,739
-63,739
-55,739
-45,740
