time
373.85601316908287
hero_global_pos
92.66861724853516,7.904962539672852
road_id
7
is_junction
False
speed_limit
30.0
speed
20.0496019543638
traffic_light
None
translation_offset
4950.983263015747,4276.23985449411
angle
-90.85559326410294
hero_past_trajectory
352,594
352,586
352,574
352,565
352,558
353,547
353,538
352,529
352,521
352,512
actor_past_trajectory
129
297,558
297,551
297,541
296,534
296,528
296,519
296,511
296,503
296,496
297,489
165
-91,749
-89,749
-85,749
-80,748
-76,748
-69,749
-62,749
-54,749
-45,750
-36,750
