time
12813.074367849084
hero_global_pos
-27.630311965942383,134.59486389160156
road_id
25
speed_limit
30.0
speed
8.857343007932185
translation_offset
3025.958425760269,6297.588048525155
angle
-88.69659411907196
hero_past_trajectory
352,573
352,563
352,554
352,545
352,531
352,527
352,521
352,516
352,511
351,503
actor_past_trajectory
555
296,697
296,697
296,697
296,697
296,697
296,697
296,697
296,697
296,697
296,697
572
556,29
556,29
556,29
556,29
556,29
556,29
556,29
556,29
556,29
556,29
593
352,378
352,378
352,378
352,378
352,378
352,378
352,378
352,378
352,378
352,378
