time
12813.184658965023
hero_global_pos
-27.427892684936523,134.5902862548828
road_id
25
speed_limit
30.0
speed
6.235337498903772
translation_offset
3029.955314397812,6297.584923192859
angle
-88.69537353515625
hero_past_trajectory
352,567
352,558
351,549
352,535
352,531
352,525
352,520
352,515
351,507
351,505
actor_past_trajectory
555
296,701
296,701
296,701
296,701
296,701
296,701
296,701
296,701
296,701
296,701
572
556,33
556,33
556,33
556,33
556,33
556,33
556,33
556,33
556,33
555,33
593
352,382
352,382
352,382
352,382
352,382
352,382
352,382
352,382
352,382
352,382
