time
4913.788437996867
hero_global_pos
84.1826171875,-105.15220642089844
road_id
50
speed_limit
30.0
speed
0.013156097616098397
traffic_light
None
translation_offset
4670.2711537107825,2315.1061975955963
angle
-2.0140304565429688
hero_past_trajectory
353,547
352,539
352,531
353,524
353,519
352,514
352,510
352,507
352,504
352,503
actor_past_trajectory
304
352,385
352,385
352,385
352,385
352,385
352,385
352,385
352,385
352,385
352,385
315
353,270
353,270
353,270
353,270
353,270
353,270
353,270
353,270
353,270
353,270
