time
12813.33244908035
hero_global_pos
-27.288869857788086,134.5869903564453
road_id
25
speed_limit
30.0
speed
0.004109576961290015
translation_offset
3031.944907426834,6297.601141896099
angle
-88.70147716999054
hero_past_trajectory
352,560
351,550
352,536
352,532
352,526
352,522
352,517
351,509
351,507
351,503
actor_past_trajectory
555
296,703
296,703
296,703
296,703
296,703
296,703
296,703
296,703
296,703
296,703
572
556,35
556,35
556,35
556,35
556,35
556,35
556,35
556,35
555,35
553,35
593
352,384
352,384
352,384
352,384
352,384
352,384
352,384
352,384
352,384
352,384
