time
377.6806557118325
hero_global_pos
114.31550598144531,8.22830867767334
road_id
7
is_junction
False
speed_limit
30.0
speed
20.5565011585115
traffic_light
None
translation_offset
5296.983209371567,4281.2412430960685
angle
-90.85612392425537
hero_past_trajectory
352,595
352,587
352,578
353,567
353,560
353,547
353,540
352,532
352,520
352,513
actor_past_trajectory
92
-126,-38
-117,-38
-106,-38
-92,-38
-83,-38
-68,-38
-60,-38
-52,-37
-43,-37
-35,-36
129
297,610
297,604
296,596
296,586
296,580
296,570
297,563
297,557
297,549
297,540
