time
377.7258644416361
hero_global_pos
114.55562591552734,8.231894493103027
road_id
7
is_junction
False
speed_limit
30.0
speed
20.555354375299952
traffic_light
None
translation_offset
5300.9832183122635,4282.241209289059
angle
-90.85611099004745
hero_past_trajectory
351,591
351,582
352,571
352,564
352,551
352,544
352,536
351,524
351,517
351,506
actor_past_trajectory
92
-118,-34
-107,-34
-93,-34
-84,-34
-69,-34
-61,-34
-53,-33
-44,-33
-36,-32
-29,-32
129
296,608
295,600
295,590
295,584
295,574
296,567
296,561
296,553
296,544
295,535
