time
377.8459840841024
hero_global_pos
115.36638641357422,8.244007110595703
road_id
7
is_junction
False
speed_limit
30.0
speed
20.486486620890716
traffic_light
None
translation_offset
5313.983245134354,4282.2409479133785
angle
-90.85601103305817
hero_past_trajectory
351,595
352,584
352,577
352,564
352,557
352,549
352,537
351,530
351,519
352,509
actor_past_trajectory
92
-107,-21
-93,-21
-84,-21
-69,-21
-61,-21
-53,-20
-44,-20
-36,-19
-29,-19
-27,-18
129
296,613
296,603
295,597
295,587
296,580
296,574
296,566
296,557
296,548
296,544
