time
378.1626296486138
hero_global_pos
117.01236724853516,8.268595695495605
road_id
7
is_junction
False
speed_limit
30.0
speed
20.191106570102363
traffic_light
None
translation_offset
5340.983271956444,4282.240251097828
angle
-90.85574471950531
hero_past_trajectory
352,591
352,584
352,576
352,564
352,557
352,546
353,536
352,529
352,521
352,510
actor_past_trajectory
92
-68,5
-60,5
-52,6
-43,6
-35,7
-28,7
-26,8
-20,8
-18,8
-17,8
129
296,614
297,607
296,601
296,593
296,584
296,575
296,571
296,560
296,554
296,548
