time
378.47791568333196
hero_global_pos
118.7668228149414,8.29480266571045
road_id
7
is_junction
False
speed_limit
30.0
speed
20.17042424901411
traffic_light
None
translation_offset
5368.983271956444,4283.240288676694
angle
-90.85575902462006
hero_past_trajectory
351,592
351,585
351,574
352,564
352,557
352,549
352,538
351,530
351,521
351,512
actor_past_trajectory
92
-44,34
-36,35
-29,35
-27,36
-21,36
-19,37
-18,36
-17,36
-17,36
-16,36
129
296,621
296,612
295,603
295,599
295,588
295,582
295,576
296,566
296,558
296,550
