time
378.69172732489096
hero_global_pos
119.96990203857422,8.312769889831543
road_id
7
is_junction
False
speed_limit
30.0
speed
20.594859865337995
traffic_light
None
translation_offset
5387.983209371567,4283.241426380351
angle
-90.85619395971298
hero_past_trajectory
351,593
352,583
352,576
352,568
352,557
352,549
352,540
351,531
352,521
352,514
actor_past_trajectory
92
-29,54
-27,55
-21,55
-19,56
-18,55
-17,55
-17,55
-16,55
-13,56
-11,56
129
296,622
296,618
296,607
295,601
295,595
296,585
296,577
296,569
296,561
296,555
