time
378.7615313302158
hero_global_pos
120.52767181396484,8.3211030960083
road_id
7
is_junction
False
speed_limit
30.0
speed
20.62482329656795
traffic_light
None
translation_offset
5396.98320043087,4283.241416880861
angle
-90.8561903834343
hero_past_trajectory
352,592
352,585
352,577
352,566
352,558
352,549
352,540
352,530
352,523
352,511
actor_past_trajectory
92
-27,64
-21,64
-19,65
-18,64
-17,64
-17,64
-16,64
-13,65
-11,65
-7,66
129
296,627
296,616
296,610
296,604
296,594
296,586
296,578
296,570
296,564
296,553
