time
378.86936024906026
hero_global_pos
121.02198791503906,8.328487396240234
road_id
7
is_junction
False
speed_limit
30.0
speed
20.600157988820644
traffic_light
None
translation_offset
5404.9832183122635,4283.241252176464
angle
-90.85612732172012
hero_past_trajectory
352,593
352,585
352,574
352,566
352,557
352,548
353,538
352,531
352,519
352,510
actor_past_trajectory
92
-20,72
-18,73
-17,72
-16,72
-16,72
-15,72
-12,73
-10,73
-6,74
-1,75
129
296,624
296,618
296,612
296,602
296,594
296,586
296,578
296,572
296,561
296,554
