time
379.23540593082
hero_global_pos
123.44009399414062,8.364612579345703
road_id
7
is_junction
False
speed_limit
30.0
speed
20.177037158373153
traffic_light
None
translation_offset
5439.983271956444,4284.240208769217
angle
-90.85572850704193
hero_past_trajectory
351,592
351,583
352,573
352,566
352,554
352,545
352,537
351,526
351,516
351,512
actor_past_trajectory
92
-17,107
-16,107
-13,108
-11,108
-7,109
-2,110
1,111
5,112
13,114
18,115
95
168,-116
168,-107
168,-97
168,-90
167,-78
167,-69
168,-61
168,-54
168,-42
168,-36
129
296,629
296,621
296,613
296,607
295,596
295,589
295,582
296,576
296,565
296,561
