time
12813.694286081867
hero_global_pos
-27.28577423095703,134.58689880371094
road_id
25
speed_limit
30.0
speed
0.015115235223233364
translation_offset
3031.960035085678,6297.600638981909
angle
-88.701416015625
hero_past_trajectory
352,533
352,527
352,522
352,517
351,509
351,507
351,503
351,501
351,501
351,501
actor_past_trajectory
519
352,842
352,833
352,825
351,817
352,804
352,800
352,791
351,773
352,762
352,752
555
296,703
296,703
296,703
296,703
296,703
296,703
296,703
296,703
296,703
296,703
572
556,35
556,35
556,35
556,35
556,35
555,35
553,35
546,35
540,35
533,34
593
352,384
352,384
352,384
352,384
352,384
352,384
352,384
352,384
352,384
352,384
