time
379.49691317187535
hero_global_pos
124.56802368164062,8.381461143493652
road_id
7
is_junction
False
speed_limit
30.0
speed
19.955636157071176
traffic_light
None
translation_offset
5460.98325407505,4284.239821944386
angle
-90.85558086633682
hero_past_trajectory
352,594
352,587
352,575
352,566
352,558
352,547
352,537
351,533
352,520
352,512
actor_past_trajectory
92
-13,129
-11,129
-7,130
-2,131
1,132
5,133
13,135
18,136
26,138
36,142
95
168,-76
168,-69
168,-57
168,-48
168,-40
168,-33
168,-21
168,-15
168,-6
168,4
129
296,634
296,628
296,617
296,610
295,603
296,597
296,586
296,582
296,573
296,564
