time
379.61176341542887
hero_global_pos
125.16619110107422,8.390395164489746
road_id
7
is_junction
False
speed_limit
30.0
speed
20.226694027110977
traffic_light
None
translation_offset
5470.983271956444,4284.2403065580875
angle
-90.8557658791542
hero_past_trajectory
352,597
352,585
352,576
352,568
352,557
352,547
352,543
352,530
352,522
352,512
actor_past_trajectory
92
-10,139
-6,140
-1,141
2,142
6,143
14,145
19,146
26,148
36,152
46,156
95
169,-59
168,-47
168,-38
168,-30
168,-23
168,-11
168,-5
169,3
168,14
168,25
129
296,638
296,627
296,620
296,613
297,607
296,596
296,592
296,583
296,574
296,565
