time
379.690955571401
hero_global_pos
125.65206909179688,8.397650718688965
road_id
7
is_junction
False
speed_limit
30.0
speed
20.48454455565916
traffic_light
None
translation_offset
5478.983245134354,4284.241003373638
angle
-90.85603219270706
hero_past_trajectory
352,593
352,584
352,576
352,565
352,555
352,551
353,538
352,530
352,520
352,510
actor_past_trajectory
92
-6,148
-1,149
2,150
6,151
14,153
19,154
26,156
36,160
46,164
55,168
95
168,-39
168,-30
168,-22
168,-15
168,-3
169,2
169,11
168,22
168,33
168,43
129
296,635
296,628
296,621
297,615
297,604
296,600
296,591
296,582
296,573
296,564
