time
379.8625795632033
hero_global_pos
126.98239135742188,8.417522430419922
road_id
7
is_junction
False
speed_limit
30.0
speed
20.700857082984847
traffic_light
None
translation_offset
5493.983191490173,4284.241500560194
angle
-90.85622239112854
hero_past_trajectory
352,591
352,580
352,570
352,566
353,553
353,545
352,535
352,525
352,517
352,509
actor_past_trajectory
92
2,165
6,166
14,168
19,169
26,171
36,175
46,179
55,183
61,187
67,192
95
168,-7
168,0
169,11
169,17
169,26
168,37
168,48
168,58
168,66
169,74
129
296,636
297,630
297,619
297,615
297,606
296,597
296,588
296,579
296,573
296,566
