time
380.0584622430979
hero_global_pos
127.87939453125,8.430924415588379
road_id
7
is_junction
False
speed_limit
30.0
speed
20.62641125198327
traffic_light
None
translation_offset
5513.983236193657,4285.24106637761
angle
-90.85605627298355
hero_past_trajectory
351,590
351,586
352,573
352,565
352,555
352,545
352,537
351,529
352,516
352,509
actor_past_trajectory
92
13,188
18,189
25,191
35,195
45,199
55,203
61,207
67,212
74,218
83,228
95
168,31
168,37
168,46
167,57
167,68
168,78
168,86
168,94
168,101
168,114
129
296,639
296,635
296,626
296,617
296,608
295,599
295,593
295,586
296,580
296,569
