time
380.1607343959986
hero_global_pos
128.33987426757812,8.437803268432617
road_id
7
is_junction
False
speed_limit
30.0
speed
20.554471795323185
traffic_light
None
translation_offset
5521.98325407505,4285.2408122662455
angle
-90.85595917701721
hero_past_trajectory
351,594
352,581
352,573
352,563
352,553
352,545
352,537
352,524
352,517
352,510
actor_past_trajectory
92
18,197
25,199
35,203
46,207
55,211
61,215
67,220
74,226
83,236
87,242
95
168,45
168,54
167,65
168,76
168,86
168,94
168,102
168,109
168,122
167,129
129
296,643
296,634
296,625
296,616
296,607
295,601
295,594
296,588
296,577
296,571
