time
380.3059573709397
hero_global_pos
129.16404724121094,8.450116157531738
road_id
7
is_junction
False
speed_limit
30.0
speed
20.3952843504021
traffic_light
None
translation_offset
5534.983271956444,4285.240371517837
angle
-90.85579067468643
hero_past_trajectory
352,594
352,586
352,576
352,566
352,558
352,550
353,537
352,530
352,523
352,509
actor_past_trajectory
92
26,212
36,216
46,220
55,224
61,228
67,233
74,239
83,249
87,255
91,262
95
168,67
168,78
168,89
168,99
168,107
168,115
168,122
168,135
168,142
168,149
129
296,647
296,638
296,629
296,620
296,614
296,607
296,601
296,590
296,584
296,578
