time
380.36837668115186
hero_global_pos
129.640625,8.457235336303711
road_id
7
is_junction
False
speed_limit
30.0
speed
20.293417597127757
traffic_light
None
translation_offset
5542.983271956444,4285.240159315988
angle
-90.85570961236954
hero_past_trajectory
352,594
352,584
352,574
352,566
352,558
353,545
353,538
352,531
352,517
352,510
actor_past_trajectory
92
36,224
46,228
55,232
61,236
67,241
74,247
83,257
87,263
92,270
98,282
95
168,86
168,97
168,107
168,115
168,123
168,130
169,143
168,150
168,157
168,170
129
296,646
296,637
296,628
296,622
296,615
297,609
296,598
296,592
296,586
296,575
