time
380.6176626864253
hero_global_pos
130.92234802246094,8.476383209228516
road_id
7
is_junction
False
speed_limit
30.0
speed
20.009885254661445
traffic_light
None
translation_offset
5562.983263015747,4285.239729883149
angle
-90.8555456995964
hero_past_trajectory
352,594
352,586
352,578
353,565
353,558
353,551
353,537
352,530
352,522
352,514
actor_past_trajectory
92
55,252
61,256
67,261
74,267
84,277
88,283
92,290
98,302
100,309
103,317
95
168,127
168,135
169,143
169,150
169,163
168,170
168,177
168,190
168,198
169,206
129
296,648
296,642
296,635
297,629
297,618
297,612
297,606
296,595
296,588
296,582
