time
380.67397139364766
hero_global_pos
131.34649658203125,8.482717514038086
road_id
7
is_junction
False
speed_limit
30.0
speed
19.941681728824054
traffic_light
None
translation_offset
5569.983263015747,4286.239663805813
angle
-90.85552048683167
hero_past_trajectory
351,593
351,585
352,572
352,565
352,558
352,544
352,537
351,529
351,521
351,509
actor_past_trajectory
92
60,263
66,268
74,274
83,284
87,290
91,297
97,309
99,316
102,324
106,337
95
168,142
168,150
168,157
168,170
167,177
167,184
167,197
168,205
168,213
168,225
129
295,649
295,642
296,636
296,625
296,619
296,613
295,602
295,595
295,589
295,578
