time
380.76862076254474
hero_global_pos
132.00279235839844,8.492518424987793
road_id
7
is_junction
False
speed_limit
30.0
speed
20.254482123545912
traffic_light
None
translation_offset
5579.983271956444,4286.240258362144
angle
-90.85574746131897
hero_past_trajectory
351,595
352,582
352,575
352,568
352,554
352,547
352,539
351,531
351,519
352,512
actor_past_trajectory
92
67,278
74,284
83,294
87,300
91,307
97,319
99,326
102,334
106,347
107,354
95
168,160
168,167
168,180
167,187
167,194
168,207
168,215
168,223
168,235
168,242
129
295,652
296,646
296,635
296,629
296,623
296,612
296,605
295,599
295,588
296,582
