time
380.8738843161045
hero_global_pos
132.46881103515625,8.49947738647461
road_id
7
is_junction
False
speed_limit
30.0
speed
20.4835469870108
traffic_light
None
translation_offset
5587.983245134354,4286.240914525464
angle
-90.85599827766418
hero_past_trajectory
352,590
352,583
352,576
352,562
352,555
352,547
352,539
351,527
352,520
352,510
actor_past_trajectory
92
74,292
83,302
87,308
91,315
97,327
99,334
103,342
106,355
107,362
108,370
95
168,175
168,188
167,195
167,202
168,215
168,223
168,231
168,243
168,250
168,257
129
296,654
296,643
296,637
296,631
296,620
296,613
296,607
295,596
296,590
296,581
188
112,-130
112,-118
112,-111
112,-103
112,-90
112,-83
112,-75
112,-62
112,-55
112,-45
