time
381.10851596252905
hero_global_pos
133.66070556640625,8.517279624938965
road_id
7
is_junction
False
speed_limit
30.0
speed
20.67777812200006
traffic_light
None
translation_offset
5606.98320043087,4286.24137105979
angle
-90.85617285966873
hero_past_trajectory
352,595
352,581
352,574
352,566
352,558
352,546
353,539
352,529
352,521
352,513
actor_past_trajectory
92
87,327
91,334
98,346
100,353
103,361
106,374
107,381
108,389
109,400
111,408
95
168,214
168,221
168,234
168,242
168,250
168,262
168,269
169,276
168,288
168,295
129
296,656
296,650
296,639
296,632
296,626
296,615
297,609
296,600
296,594
296,587
188
112,-92
112,-84
112,-71
112,-64
113,-56
112,-43
112,-36
112,-26
112,-18
112,-10
