time
157.7518180418192
hero_global_pos
234.12132263183594,41.00938034057617
road_id
75
is_junction
False
speed_limit
30.0
speed
0.0024697569362905365
traffic_light
Red
translation_offset
7060.355462446809,4953.955716729164
angle
-181.39225006103516
hero_past_trajectory
352,502
352,502
352,502
352,502
352,502
352,502
352,502
352,502
352,502
352,502
actor_past_trajectory
152
352,778
352,771
351,761
351,755
352,748
352,741
352,736
352,732
351,728
351,722
163
352,613
352,613
352,613
352,613
352,613
352,613
352,613
352,613
352,613
352,613
