time
381.5010951082586
hero_global_pos
135.94886779785156,8.551465034484863
road_id
7
is_junction
False
speed_limit
30.0
speed
20.368639569084994
traffic_light
None
translation_offset
5643.983271956444,4287.240352937952
angle
-90.8557835817337
hero_past_trajectory
351,595
351,583
352,576
352,566
352,558
352,550
352,539
351,528
351,522
352,509
actor_past_trajectory
92
102,398
106,411
107,418
108,426
109,437
110,445
110,456
111,467
112,474
112,487
95
168,287
168,299
168,306
168,313
167,325
167,332
168,343
168,354
168,360
168,372
129
295,663
295,652
296,646
296,637
296,631
296,624
296,614
296,606
295,600
295,589
188
112,-19
111,-6
111,0
112,10
112,18
112,26
112,37
111,47
111,54
111,66
