time
381.6362909484087
hero_global_pos
136.71035766601562,8.56283950805664
road_id
7
is_junction
False
speed_limit
30.0
speed
20.2049970047978
traffic_light
None
translation_offset
5655.983263015747,4287.240046299994
angle
-90.85566651821136
hero_past_trajectory
351,595
352,588
352,578
352,570
352,562
352,551
352,540
351,534
352,521
352,514
actor_past_trajectory
92
106,423
107,430
108,438
109,449
110,457
110,468
112,479
112,486
112,499
112,505
95
168,311
168,318
168,325
168,337
168,344
168,355
168,366
168,372
168,384
168,391
129
295,664
296,658
296,649
296,643
296,636
296,626
296,618
296,612
295,601
295,595
188
112,5
112,12
112,22
112,30
112,38
112,49
111,59
111,66
112,78
112,85
