time
381.70960266472684
hero_global_pos
137.12176513671875,8.568984985351562
road_id
7
is_junction
False
speed_limit
30.0
speed
20.114318728666102
traffic_light
None
translation_offset
5661.983263015747,4287.239915123209
angle
-90.85561639070511
hero_past_trajectory
352,594
352,584
352,576
352,568
352,557
352,546
352,540
352,527
352,520
352,508
actor_past_trajectory
92
107,436
108,444
109,455
110,463
111,474
112,485
112,492
112,505
112,511
112,524
95
168,324
168,331
168,343
168,350
168,361
168,372
168,378
168,390
168,397
168,409
129
296,664
296,655
296,649
296,642
296,632
296,624
296,618
296,607
295,601
296,591
188
112,18
112,28
112,36
112,44
112,55
111,65
112,72
112,84
112,91
112,101
