time
381.82499096313404
hero_global_pos
137.74786376953125,8.578338623046875
road_id
7
is_junction
False
speed_limit
30.0
speed
19.976661734982898
traffic_light
None
translation_offset
5671.983263015747,4287.239752793685
angle
-90.85555446147919
hero_past_trajectory
352,594
352,586
352,578
352,567
352,556
352,550
353,537
352,530
352,518
352,512
actor_past_trajectory
92
108,454
109,465
111,473
111,484
112,495
112,502
112,515
112,521
112,534
113,540
95
169,341
168,353
168,360
168,371
168,382
168,388
168,400
169,407
168,419
168,426
129
296,665
296,659
296,652
296,642
296,634
296,628
296,617
296,611
296,601
296,595
188
112,38
112,46
112,54
112,65
112,75
112,82
112,94
112,101
112,111
112,116
