time
382.0142553723781
hero_global_pos
138.82078552246094,8.5943603515625
road_id
7
is_junction
False
speed_limit
30.0
speed
20.3049460737066
traffic_light
None
translation_offset
5689.983263015747,4287.240476990119
angle
-90.8558309674263
hero_past_trajectory
352,596
352,585
352,574
352,568
353,555
353,548
353,536
352,530
352,518
352,511
actor_past_trajectory
92
111,491
111,502
112,513
112,520
112,533
113,539
113,552
113,558
113,568
113,577
95
168,378
168,389
168,400
169,406
169,418
169,425
168,437
168,444
168,454
168,463
129
297,670
296,660
296,652
296,646
296,635
296,629
297,619
297,613
297,605
296,597
188
113,72
113,83
112,93
112,100
112,112
112,119
112,129
112,134
113,141
113,147
