time
382.2947083074032
hero_global_pos
140.3756866455078,8.617583274841309
road_id
7
is_junction
False
speed_limit
30.0
speed
20.654893151185917
traffic_light
None
translation_offset
5713.98320043087,4288.241453481838
angle
-90.85620433092117
hero_past_trajectory
351,592
352,579
352,572
352,560
352,554
352,542
351,535
351,526
351,517
352,509
actor_past_trajectory
92
112,544
112,557
112,563
112,576
112,582
112,592
112,601
112,610
112,620
112,627
95
168,430
168,442
168,449
167,461
167,468
168,478
168,487
168,496
168,505
168,513
129
296,670
295,659
295,653
296,643
296,637
296,629
296,621
296,614
296,605
295,599
188
111,124
111,136
112,143
112,153
112,158
112,165
112,171
112,178
111,185
111,190
