time
382.4422159414171
hero_global_pos
141.2443389892578,8.630561828613281
road_id
7
is_junction
False
speed_limit
30.0
speed
20.592923438146407
traffic_light
None
translation_offset
5727.983236193657,4288.2411191836
angle
-90.85607641935349
hero_past_trajectory
352,593
352,586
352,574
352,568
352,556
352,549
352,540
351,531
352,523
352,509
actor_past_trajectory
92
112,571
112,577
112,590
112,596
113,606
113,615
112,624
112,634
112,641
112,648
95
168,456
168,463
168,475
168,482
168,492
168,501
168,510
168,519
168,527
167,534
129
296,673
295,667
296,657
296,651
296,643
296,635
296,628
296,619
296,613
296,607
188
112,150
112,157
112,167
112,172
112,179
112,185
112,192
111,199
112,204
112,208
