time
382.51963733093726
hero_global_pos
141.7053680419922,8.637449264526367
road_id
7
is_junction
False
speed_limit
30.0
speed
20.52498076802762
traffic_light
None
translation_offset
5735.98325407505,4288.240892173722
angle
-90.85598969459534
hero_past_trajectory
352,594
352,582
352,576
352,564
352,557
352,548
352,539
352,531
352,517
352,510
actor_past_trajectory
92
112,585
112,598
112,604
113,614
113,623
112,632
112,642
112,649
112,656
112,670
95
169,471
168,483
168,490
168,500
168,509
168,518
168,527
168,535
168,542
168,555
129
296,675
296,665
296,659
296,651
296,643
296,636
296,627
296,621
296,615
297,603
188
112,165
112,175
112,180
112,187
112,193
112,200
112,207
112,212
112,216
112,223
