time
382.9457716788529
hero_global_pos
144.107421875,8.673334121704102
road_id
567
is_junction
True
speed_limit
30.0
speed
20.031225328428246
traffic_light
None
translation_offset
5773.98325407505,4289.239861199632
angle
-90.8555958867073
hero_past_trajectory
351,595
351,586
351,577
352,569
352,555
352,548
352,540
351,533
351,520
351,513
actor_past_trajectory
92
112,661
111,670
112,680
112,687
112,694
112,708
112,715
112,722
111,735
112,742
95
168,547
168,556
168,565
168,573
167,580
167,593
167,601
168,608
168,621
168,628
129
296,681
296,674
295,665
295,659
295,653
296,641
296,635
296,629
296,618
296,612
188
112,231
112,238
111,245
111,250
111,254
111,261
111,265
111,268
112,275
112,279
