time
383.3354783817558
hero_global_pos
146.29905700683594,8.70606517791748
road_id
567
is_junction
True
speed_limit
30.0
speed
20.676011501621232
traffic_light
None
translation_offset
5808.983191490173,4289.241494692862
angle
-90.85622012615204
hero_past_trajectory
352,590
352,583
352,575
352,568
352,555
352,548
353,537
352,530
352,521
352,512
actor_past_trajectory
95
168,615
168,628
168,636
168,643
168,656
168,663
169,675
168,681
168,690
168,700
129
296,688
297,676
297,670
296,664
296,653
296,647
296,637
296,631
296,623
296,615
188
112,289
112,296
112,300
112,303
112,310
112,314
112,322
112,326
112,334
113,342
