time
12814.138652717622
hero_global_pos
-27.284608840942383,134.58685302734375
road_id
25
speed_limit
30.0
speed
0.010061298550242114
translation_offset
3031.9614655971527,6297.600686199963
angle
-88.70144641399384
hero_past_trajectory
351,509
351,507
351,503
351,501
351,501
351,501
351,501
351,501
351,501
351,501
actor_past_trajectory
519
352,804
352,800
352,791
351,773
352,762
352,752
352,740
351,729
352,722
352,708
555
296,703
296,703
296,703
296,703
296,703
296,703
296,703
296,703
296,703
296,703
572
556,35
555,35
553,35
546,35
540,35
533,34
523,34
514,34
507,35
492,35
593
352,384
352,384
352,384
352,384
352,384
352,384
352,384
352,384
352,384
352,384
