time
383.9352108831881
hero_global_pos
149.73658752441406,8.757421493530273
road_id
567
is_junction
True
speed_limit
30.0
speed
20.327039477400323
traffic_light
None
translation_offset
5863.983271956444,4290.24016783759
angle
-90.855712890625
hero_past_trajectory
352,592
352,585
352,576
352,567
352,557
352,546
352,540
352,527
352,520
352,510
actor_past_trajectory
129
296,692
296,686
296,678
296,670
296,662
296,653
296,647
296,638
296,631
296,622
188
112,377
112,381
112,389
112,397
112,406
112,416
112,422
112,434
112,443
112,454
