time
384.0188456564574
hero_global_pos
150.30433654785156,8.76590347290039
road_id
567
is_junction
True
speed_limit
30.0
speed
20.20056396898338
traffic_light
None
translation_offset
5872.983263015747,4290.2399383131415
angle
-90.85562527179718
hero_past_trajectory
352,594
352,585
352,576
352,566
352,555
352,549
353,536
352,529
352,519
352,511
actor_past_trajectory
129
296,695
296,687
296,679
297,671
296,662
296,656
296,647
296,640
296,631
296,624
188
112,390
112,398
113,406
112,415
112,425
112,431
112,443
112,452
112,463
113,473
