time
384.14706491636025
hero_global_pos
150.9061737060547,8.774892807006836
road_id
567
is_junction
True
speed_limit
30.0
speed
20.06556808644573
traffic_light
None
translation_offset
5882.983263015747,4290.239745808765
angle
-90.85555177927017
hero_past_trajectory
352,595
352,586
352,576
352,565
352,559
353,546
353,539
352,529
352,521
352,512
actor_past_trajectory
129
296,697
296,689
297,681
297,672
296,666
296,657
296,650
296,641
296,634
296,626
188
113,408
113,416
112,425
112,435
112,441
112,453
112,462
113,473
113,483
112,493
