time
384.2272936995505
hero_global_pos
151.34054565429688,8.781381607055664
road_id
567
is_junction
True
speed_limit
30.0
speed
19.970146306764427
traffic_light
None
translation_offset
5889.983263015747,4290.2396424319595
angle
-90.85551232099533
hero_past_trajectory
352,593
352,583
352,572
352,566
353,553
353,546
353,536
352,528
352,519
352,509
actor_past_trajectory
129
296,696
297,688
297,679
297,673
296,664
296,657
296,648
296,641
296,633
297,625
188
113,423
112,432
112,442
112,448
112,460
112,469
113,480
113,490
112,500
112,510
