time
384.41321009168314
hero_global_pos
152.3910369873047,8.79706859588623
road_id
567
is_junction
True
speed_limit
30.0
speed
20.311627702858384
traffic_light
None
translation_offset
5906.983263015747,4291.24043703638
angle
-90.85581570863724
hero_past_trajectory
351,589
351,583
352,570
352,563
352,553
352,545
352,536
351,526
351,519
352,506
actor_past_trajectory
129
296,696
296,690
296,681
296,674
295,665
295,658
295,650
296,642
296,636
296,626
188
111,459
111,465
112,477
112,486
112,497
112,507
111,517
111,527
111,535
112,548
