time
384.65826140301215
hero_global_pos
153.78988647460938,8.817964553833008
road_id
567
is_junction
True
speed_limit
30.0
speed
20.51767190520592
traffic_light
None
translation_offset
5928.9832183122635,4291.241051429883
angle
-90.85605067014694
hero_past_trajectory
352,592
352,585
352,575
352,567
352,558
352,548
352,541
352,528
352,519
352,513
actor_past_trajectory
129
296,703
296,696
296,687
296,680
296,672
296,664
296,658
296,648
296,643
296,633
188
112,499
112,508
112,519
112,529
112,539
112,549
112,557
112,570
112,575
112,588
