time
384.75558331938373
hero_global_pos
154.33827209472656,8.826156616210938
road_id
567
is_junction
True
speed_limit
30.0
speed
20.48044414192121
traffic_light
None
translation_offset
5937.983245134354,4291.240965375677
angle
-90.85601770877838
hero_past_trajectory
352,594
352,584
352,576
352,567
352,557
352,550
353,537
352,528
352,522
352,511
actor_past_trajectory
129
296,705
296,696
296,689
296,681
297,673
296,667
296,657
296,652
296,642
296,633
188
112,517
112,528
113,538
112,548
112,558
112,566
112,579
112,584
112,597
113,608
