time
384.8571334383814
hero_global_pos
154.87200927734375,8.834131240844727
road_id
567
is_junction
True
speed_limit
30.0
speed
20.411594185569044
traffic_light
None
translation_offset
5945.98325407505,4291.240786002949
angle
-90.85594910383224
hero_past_trajectory
352,592
352,584
352,575
352,565
352,558
353,545
353,536
352,530
352,519
352,510
actor_past_trajectory
129
296,704
296,697
296,689
297,681
297,675
296,665
296,660
296,650
296,641
296,634
188
112,536
113,546
112,556
112,566
112,574
112,587
112,592
113,605
113,616
112,625
