time
384.923430682662
hero_global_pos
155.3063507080078,8.840619087219238
road_id
567
is_junction
True
speed_limit
30.0
speed
20.33996712297731
traffic_light
None
translation_offset
5952.983263015747,4291.240577572957
angle
-90.85586941242218
hero_past_trajectory
352,591
352,582
352,572
352,565
353,552
353,543
353,537
352,526
352,517
352,509
actor_past_trajectory
129
296,704
296,696
297,688
297,682
297,672
296,667
296,657
296,648
296,641
296,633
188
113,553
112,563
112,573
112,581
112,594
112,599
113,612
113,623
112,632
112,641
