time
385.1517423945843
hero_global_pos
156.57460021972656,8.859564781188965
road_id
567
is_junction
True
speed_limit
30.0
speed
20.09008938016265
traffic_light
None
translation_offset
5973.983263015747,4292.24002674222
angle
-90.85565906763077
hero_past_trajectory
351,593
351,586
352,573
352,564
352,558
352,547
352,538
351,530
351,523
351,510
actor_past_trajectory
129
296,709
296,703
296,693
296,688
296,678
295,669
295,662
295,654
295,649
296,640
188
111,594
111,602
112,615
112,620
112,633
112,644
111,653
111,662
111,669
112,679
