time
385.39302039848553
hero_global_pos
157.9252471923828,8.879739761352539
road_id
6
is_junction
False
speed_limit
30.0
speed
20.132142616545465
traffic_light
None
translation_offset
5994.983271956444,4292.240139339119
angle
-90.855701982975
hero_past_trajectory
352,594
352,585
352,579
352,568
352,559
352,551
352,544
351,531
352,523
352,512
actor_past_trajectory
129
296,714
296,709
296,699
296,690
296,683
296,675
296,670
296,661
296,652
296,643
188
112,636
112,641
112,654
112,665
112,674
112,683
112,690
112,700
112,711
112,722
