time
385.48856695698487
hero_global_pos
158.46075439453125,8.887736320495605
road_id
6
is_junction
False
speed_limit
30.0
speed
20.407169709818113
traffic_light
None
translation_offset
6003.98325407505,4292.240852918476
angle
-90.85597467422485
hero_past_trajectory
352,594
352,588
352,577
352,568
352,560
352,553
352,540
352,532
352,521
352,511
actor_past_trajectory
129
296,718
296,708
296,699
296,692
296,684
296,679
297,670
296,661
296,652
296,643
188
112,650
112,663
113,674
112,683
112,692
112,699
112,709
112,720
112,731
112,742
