time
4913.904526315506
hero_global_pos
84.18264770507812,-105.15274810791016
road_id
50
speed_limit
30.0
speed
0.02356830188044438
traffic_light
None
translation_offset
4670.271204560995,2315.102710723877
angle
-2.0139999389648438
hero_past_trajectory
352,539
352,531
353,524
353,519
352,514
352,510
352,507
352,504
352,503
352,502
actor_past_trajectory
304
352,385
352,385
352,385
352,385
352,385
352,385
352,385
352,385
352,385
352,385
315
353,270
353,270
353,270
353,270
353,270
353,270
353,270
353,270
353,270
353,270
