time
12814.465678062217
hero_global_pos
-27.2845401763916,134.58685302734375
road_id
25
speed_limit
30.0
speed
0.011945191780093628
translation_offset
3031.9614745378494,6297.600685920566
angle
-88.70144641399384
hero_past_trajectory
351,501
351,501
351,501
351,501
351,501
351,501
351,501
351,501
351,501
351,501
actor_past_trajectory
519
351,773
352,762
352,752
352,740
351,729
352,722
352,708
352,700
352,691
351,680
555
296,703
296,703
296,703
296,703
296,703
296,703
296,703
296,703
296,703
296,703
572
546,35
540,35
533,34
523,34
514,34
507,35
492,35
483,34
472,34
460,34
593
352,384
352,384
352,384
352,384
352,384
352,384
352,384
352,384
352,384
352,384
