time
4914.128058878581
hero_global_pos
84.1827621459961,-105.15473175048828
road_id
50
speed_limit
30.0
speed
0.01627170589827134
traffic_light
None
translation_offset
4670.271514132619,2315.0944316387177
angle
-2.014007568359375
hero_past_trajectory
353,524
353,519
352,514
352,510
352,507
352,504
352,503
352,502
352,502
352,502
actor_past_trajectory
304
352,385
352,385
352,385
352,385
352,385
352,385
352,385
352,385
352,385
352,385
315
353,270
353,270
353,270
353,270
353,270
353,270
353,270
353,270
353,270
353,270
