time
410.04948863530444
hero_global_pos
230.62472534179688,40.831363677978516
road_id
75
is_junction
False
speed_limit
30.0
speed
0.0020292927069795576
traffic_light
Red
translation_offset
7004.35070739314,4950.955600500107
angle
-181.3940658569336
hero_past_trajectory
352,502
352,502
352,502
352,502
352,502
352,502
352,502
352,502
352,502
352,502
actor_past_trajectory
94
351,837
351,829
352,817
351,808
351,800
351,791
352,784
352,772
351,765
351,758
129
296,532
296,525
295,515
295,509
295,507
295,507
295,507
295,507
295,507
295,507
