time
410.7070147353588
hero_global_pos
230.62472534179688,40.831363677978516
road_id
75
is_junction
False
speed_limit
30.0
speed
0.007435691077375012
traffic_light
Red
translation_offset
7004.35070739314,4950.955600500107
angle
-181.3940658569336
hero_past_trajectory
352,502
352,502
352,502
352,502
352,502
352,502
352,502
352,502
352,502
352,502
actor_past_trajectory
94
352,772
351,765
351,758
352,745
352,738
352,730
351,718
351,712
352,705
352,692
129
295,507
295,507
295,507
295,507
295,507
295,507
295,507
295,507
295,507
295,507
