time
411.7611445500879
hero_global_pos
230.62472534179688,40.831363677978516
road_id
75
is_junction
False
speed_limit
30.0
speed
0.00037758188012186443
traffic_light
Red
translation_offset
7004.35070739314,4950.955600500107
angle
-181.3940658569336
hero_past_trajectory
352,502
352,502
352,502
352,502
352,502
352,502
352,502
352,502
352,502
352,502
actor_past_trajectory
94
351,684
351,677
352,664
352,658
352,650
351,640
351,633
352,624
352,621
352,614
129
295,507
295,507
295,507
295,507
295,507
295,507
295,507
295,507
295,507
295,507
