time
4914.176577852915
hero_global_pos
84.18279266357422,-105.15531158447266
road_id
50
speed_limit
30.0
speed
0.011553977919595063
traffic_light
None
translation_offset
4670.271661095321,2315.0932961702347
angle
-2.0140457153320312
hero_past_trajectory
353,519
352,514
352,510
352,507
352,504
352,503
352,502
352,502
352,502
352,502
actor_past_trajectory
304
352,385
352,385
352,385
352,385
352,385
352,385
352,385
352,385
352,385
352,385
315
353,270
353,270
353,270
353,270
353,270
353,270
353,270
353,270
353,270
353,270
