time
417.1599510326414
hero_global_pos
230.62472534179688,40.831363677978516
road_id
75
is_junction
False
speed_limit
30.0
speed
0.004974452516191336
traffic_light
Red
translation_offset
7004.35070739314,4950.955600500107
angle
-181.3940658569336
hero_past_trajectory
352,502
352,502
352,502
352,502
352,502
352,502
352,502
352,502
352,502
352,502
actor_past_trajectory
94
351,599
351,599
351,599
351,599
351,599
351,599
351,599
351,599
351,599
351,599
129
295,507
295,507
295,507
295,507
295,507
295,507
295,507
295,507
295,507
295,507
