time
425.1677843365251
hero_global_pos
230.62466430664062,40.83397674560547
road_id
75
is_junction
False
speed_limit
30.0
speed
0.2259536002535958
traffic_light
Green
translation_offset
7004.3455949909985,4950.955475330353
angle
-181.3960189819336
hero_past_trajectory
352,502
352,502
352,502
352,502
352,502
352,502
352,502
352,502
352,502
352,502
actor_past_trajectory
94
351,599
351,599
351,599
351,599
351,599
351,599
351,599
351,599
351,599
351,599
129
295,507
295,507
295,507
295,507
295,507
295,507
295,507
295,507
295,507
295,507
