time
425.481337399724
hero_global_pos
230.6192169189453,41.056663513183594
road_id
75
is_junction
False
speed_limit
30.0
speed
5.01587399317016
traffic_light
Green
translation_offset
7004.345040947199,4954.95251595974
angle
-181.39625549316406
hero_past_trajectory
352,506
352,506
352,506
352,506
352,506
352,506
352,506
352,506
352,505
352,504
actor_past_trajectory
94
351,603
351,603
351,603
351,603
351,603
351,603
351,603
351,603
351,603
351,603
129
295,511
295,511
295,511
295,511
295,511
295,511
295,511
295,511
295,511
295,510
