time
425.58756910221564
hero_global_pos
230.61489868164062,41.23310470581055
road_id
75
is_junction
False
speed_limit
30.0
speed
6.661304637748118
traffic_light
Green
translation_offset
7004.344539150596,4957.951094388962
angle
-181.3964614868164
hero_past_trajectory
352,509
352,509
352,509
352,509
352,509
352,509
352,509
352,508
352,507
352,505
actor_past_trajectory
94
352,606
352,606
352,606
352,606
352,606
352,606
352,606
352,606
352,606
352,606
129
295,514
295,514
295,514
295,514
295,514
295,514
295,514
295,514
295,513
296,513
