time
425.8949563647984
hero_global_pos
230.59591674804688,42.01508712768555
road_id
75
is_junction
False
speed_limit
30.0
speed
11.43040859148598
traffic_light
Green
translation_offset
7004.343455649912,4969.949315190315
angle
-181.3968963623047
hero_past_trajectory
352,521
352,521
352,521
352,521
352,520
352,519
352,517
352,514
352,510
352,505
actor_past_trajectory
94
352,618
352,618
352,618
352,618
352,618
352,618
352,618
352,618
352,618
352,617
129
296,526
296,526
296,526
296,526
296,526
296,525
297,525
297,523
296,520
296,516
