time
426.0236813458978
hero_global_pos
230.5850372314453,42.46327590942383
road_id
75
is_junction
False
speed_limit
30.0
speed
13.42012983133595
traffic_light
Green
translation_offset
7004.34331734851,4976.9491184949875
angle
-181.3969497680664
hero_past_trajectory
353,528
353,528
353,528
353,527
353,526
353,524
352,521
352,517
352,512
352,509
actor_past_trajectory
94
352,625
352,625
352,625
352,625
352,625
352,625
352,625
352,625
352,624
352,624
129
296,533
296,533
296,533
296,533
296,532
297,532
297,530
297,527
297,523
296,521
