time
426.1066131960033
hero_global_pos
230.57766723632812,42.76557540893555
road_id
75
is_junction
False
speed_limit
30.0
speed
14.599775652958087
traffic_light
Green
translation_offset
7004.343246940523,4981.949064850807
angle
-181.39697265625
hero_past_trajectory
353,533
353,533
353,532
353,531
353,529
353,526
352,522
352,517
352,514
352,507
actor_past_trajectory
94
352,630
352,630
352,630
352,630
352,630
352,630
352,630
352,629
352,629
352,628
129
296,538
296,538
296,538
296,537
297,537
297,535
297,532
297,528
297,526
296,521
