time
426.72333457464265
hero_global_pos
230.501220703125,45.91059494018555
road_id
75
is_junction
False
speed_limit
30.0
speed
19.394996973513894
traffic_light
Green
translation_offset
7002.347779594362,5031.954634904861
angle
-181.39519500732422
hero_past_trajectory
352,572
352,567
352,564
351,557
351,552
351,546
352,539
352,530
351,519
351,512
actor_past_trajectory
94
351,680
351,679
351,679
351,678
351,677
351,676
351,675
351,673
351,670
352,668
113
184,-29
184,-29
184,-29
184,-29
184,-29
184,-29
184,-29
184,-29
184,-29
184,-29
129
296,582
296,578
296,576
296,571
296,567
295,563
295,558
295,552
296,544
296,539
