time
426.7754228613703
hero_global_pos
230.49220275878906,46.28153610229492
road_id
75
is_junction
False
speed_limit
30.0
speed
19.37268393203544
traffic_light
Green
translation_offset
7002.348859742284,5037.955090880394
angle
-181.394775390625
hero_past_trajectory
352,573
352,570
351,563
351,558
351,552
352,545
352,536
352,525
351,518
352,508
actor_past_trajectory
94
351,685
351,685
351,684
351,683
351,682
351,681
351,679
351,676
352,674
352,671
113
184,-23
184,-23
184,-23
184,-23
184,-23
184,-23
184,-23
184,-23
184,-23
184,-23
129
296,584
296,582
296,577
296,573
296,569
296,564
295,558
296,550
296,545
296,537
