time
426.9195665712832
hero_global_pos
230.4755859375,46.96344757080078
road_id
75
is_junction
False
speed_limit
30.0
speed
19.332193883841594
traffic_light
Green
translation_offset
7002.350942924619,5048.9554842710495
angle
-181.39397430419922
hero_past_trajectory
352,581
352,574
352,569
351,563
352,556
352,547
352,536
352,529
352,519
352,513
actor_past_trajectory
94
352,696
352,695
352,694
352,693
352,692
352,690
352,687
352,685
352,682
352,680
113
184,-12
184,-12
184,-12
184,-12
184,-12
184,-12
184,-12
184,-12
184,-12
184,-12
129
296,593
296,588
296,584
296,580
296,575
296,569
296,561
296,556
296,548
296,543
