time
427.12238106088625
hero_global_pos
230.44696044921875,48.14094543457031
road_id
75
is_junction
False
speed_limit
30.0
speed
22.76835123305174
traffic_light
Green
translation_offset
7002.346604730934,5067.953678250313
angle
-181.3956527709961
hero_past_trajectory
352,588
352,582
353,575
353,566
352,555
352,548
353,538
353,532
352,521
352,514
actor_past_trajectory
94
352,713
352,712
352,711
352,709
352,706
353,704
353,701
353,699
353,696
353,693
113
185,6
185,6
185,6
185,6
185,6
185,6
185,6
185,6
185,6
185,6
129
296,603
296,599
296,594
296,588
297,580
297,575
297,567
296,562
296,553
296,547
