time
4914.276742488022
hero_global_pos
84.18280792236328,-105.15557098388672
road_id
50
speed_limit
30.0
speed
0.010216538345409747
traffic_light
None
translation_offset
4670.271636508405,2315.092974305153
angle
-2.0140380859375
hero_past_trajectory
352,514
352,510
352,507
352,504
352,503
352,502
352,502
352,502
352,502
352,502
actor_past_trajectory
304
352,385
352,385
352,385
352,385
352,385
352,385
352,385
352,385
352,385
352,385
315
353,270
353,270
353,270
353,270
353,270
353,270
353,270
353,270
353,270
353,270
