time
427.1944698258667
hero_global_pos
230.43524169921875,48.62210464477539
road_id
75
is_junction
False
speed_limit
30.0
speed
23.790808783671928
traffic_light
None
translation_offset
7001.345362532884,5075.952533841133
angle
-181.39613342285156
hero_past_trajectory
351,590
352,583
352,574
351,563
351,556
352,546
352,540
352,529
351,522
351,510
actor_past_trajectory
94
351,720
351,719
351,717
351,714
352,712
352,709
352,707
352,704
352,701
352,696
113
184,14
184,14
184,14
184,14
184,14
184,14
184,14
184,14
184,14
184,14
129
296,607
295,602
295,596
296,588
296,583
296,575
296,570
295,561
295,555
296,545
