time
427.4012495722054
hero_global_pos
230.40048217773438,50.04948806762695
road_id
75
is_junction
False
speed_limit
30.0
speed
25.668739239483216
traffic_light
None
translation_offset
7001.34487722069,5098.951899051666
angle
-181.39632415771484
hero_past_trajectory
352,597
352,586
352,579
353,569
352,563
352,552
352,545
352,533
353,525
352,511
actor_past_trajectory
94
352,740
352,737
353,735
353,732
353,730
352,727
352,724
352,719
352,716
352,712
113
185,37
185,37
185,37
185,37
185,37
185,37
185,37
185,37
185,37
185,37
129
296,619
297,611
297,606
296,598
296,593
296,584
296,578
297,568
296,563
296,554
