time
427.5968094724594
hero_global_pos
230.3423614501953,51.47645950317383
road_id
703
is_junction
True
speed_limit
30.0
speed
26.545380102306254
traffic_light
None
translation_offset
6998.4559544324875,5120.8949736356735
angle
-182.1181869506836
hero_past_trajectory
353,601
353,591
353,585
353,574
352,567
352,555
353,547
352,533
352,524
352,510
actor_past_trajectory
94
355,757
355,754
355,752
355,749
355,746
355,741
355,738
355,734
354,729
354,724
113
179,61
179,61
179,61
179,61
179,61
179,61
179,61
179,61
179,61
179,61
129
298,629
297,621
297,616
297,607
297,601
297,591
297,586
297,577
296,570
296,561
