time
427.7656887057601
hero_global_pos
230.1758575439453,53.02451705932617
road_id
703
is_junction
True
speed_limit
30.0
speed
26.86684238767962
traffic_light
None
translation_offset
6986.7967510819435,5145.324655532837
angle
-185.43343353271484
hero_past_trajectory
357,610
356,599
356,592
354,580
355,572
353,558
352,549
352,535
351,527
351,513
actor_past_trajectory
94
369,777
369,774
369,771
368,766
368,763
367,759
367,754
366,749
366,744
366,737
113
153,97
153,97
153,97
153,97
153,97
153,97
153,97
153,97
153,97
153,97
129
303,644
302,635
302,629
302,619
301,614
301,605
300,598
299,589
298,582
299,574
