time
428.4313945989488
hero_global_pos
228.16880798339844,57.0557746887207
road_id
703
is_junction
True
speed_limit
30.0
speed
25.504372112025887
traffic_light
None
translation_offset
6877.382141590118,5179.768590688705
angle
-217.6465301513672
hero_past_trajectory
392,613
384,601
379,595
371,583
366,573
361,563
357,553
353,541
351,532
351,512
actor_past_trajectory
94
513,778
510,774
507,770
504,764
502,762
497,755
493,750
488,744
485,739
479,731
113
-17,337
-17,337
-17,337
-17,337
-17,337
-17,337
-17,337
-17,337
-17,337
-17,337
129
374,682
368,675
364,670
360,663
355,656
351,651
346,644
341,638
338,633
331,624
