time
428.56185878956603
hero_global_pos
227.5736541748047,57.49867248535156
road_id
703
is_junction
True
speed_limit
30.0
speed
24.98534328489298
traffic_light
None
translation_offset
6852.722690105438,5172.838600754738
angle
-225.65870666503906
hero_past_trajectory
396,607
391,601
381,591
375,582
368,573
363,563
357,551
354,543
351,523
351,513
actor_past_trajectory
94
545,761
542,757
537,752
536,750
529,744
524,739
519,734
515,730
509,722
502,715
113
-38,401
-38,401
-38,401
-38,401
-38,401
-38,401
-38,401
-38,401
-38,401
-38,401
129
391,683
386,678
381,671
375,666
370,661
364,655
359,650
355,645
347,637
341,631
