time
428.7710780217676
hero_global_pos
226.3074188232422,58.11576461791992
road_id
703
is_junction
True
speed_limit
30.0
speed
24.85415809916256
traffic_light
None
translation_offset
6809.031729340553,5152.8846381902695
angle
-240.05047607421875
hero_past_trajectory
401,604
392,597
384,589
376,581
367,572
362,564
354,546
352,536
350,525
351,516
actor_past_trajectory
94
592,721
590,720
582,715
576,712
570,708
565,705
557,700
548,695
540,690
535,687
129
420,682
413,678
407,675
400,671
393,667
389,663
379,657
371,653
364,648
358,645
