time
428.94755001509475
hero_global_pos
225.168701171875,58.438411712646484
road_id
703
is_junction
True
speed_limit
30.0
speed
24.90464159058981
traffic_light
None
translation_offset
6780.133869409561,5134.536464691162
angle
-249.9047393798828
hero_past_trajectory
397,601
387,595
377,587
371,580
360,564
356,555
353,544
352,535
351,521
351,512
actor_past_trajectory
94
614,691
607,689
601,687
595,685
586,680
577,677
568,674
563,672
552,667
546,665
113
-44,612
-44,612
-44,612
-44,612
-44,612
-44,612
-44,612
-44,612
-44,612
-44,612
129
434,681
427,678
419,676
414,673
404,669
395,666
387,663
381,661
372,656
367,654
