time
429.06719637619244
hero_global_pos
224.3766326904297,58.58351516723633
road_id
703
is_junction
True
speed_limit
30.0
speed
23.250454542538517
traffic_light
None
translation_offset
6762.9752831459045,5123.290446996689
angle
-255.20986938476562
hero_past_trajectory
394,604
384,597
377,591
365,576
360,567
355,557
353,548
351,534
351,526
351,515
actor_past_trajectory
94
622,678
615,676
610,674
600,671
590,668
582,666
576,665
565,661
559,659
550,657
113
-34,662
-34,662
-34,662
-34,662
-34,662
-34,662
-34,662
-34,662
-34,662
-34,662
129
442,684
434,682
428,679
418,677
409,674
400,672
394,670
385,667
379,665
371,663
