time
429.49408666374075
hero_global_pos
221.46145629882812,58.79014587402344
road_id
725
is_junction
True
speed_limit
30.0
speed
19.82329599825902
traffic_light
None
translation_offset
6712.329956412315,5097.843546152115
angle
-266.23716735839844
hero_past_trajectory
366,601
362,593
357,579
355,571
353,561
352,548
352,540
351,533
351,521
351,514
actor_past_trajectory
94
609,665
603,665
591,663
585,663
576,662
565,661
558,661
551,660
540,659
533,658
129
432,706
426,705
416,704
410,703
402,703
393,702
387,702
380,700
370,700
364,699
