time
429.75531513946044
hero_global_pos
220.4542694091797,58.8038330078125
road_id
56
is_junction
False
speed_limit
30.0
speed
20.517961581637785
traffic_light
Red
translation_offset
6696.096210837364,5094.31365275383
angle
-267.9698791503906
hero_past_trajectory
360,595
358,587
355,577
354,564
353,556
352,549
352,537
352,530
352,518
352,508
actor_past_trajectory
94
596,672
590,672
581,671
570,671
563,671
556,670
545,669
538,669
526,668
516,668
129
422,718
416,717
408,717
399,717
393,717
386,715
376,715
370,715
360,714
352,714
