time
429.93824960993516
hero_global_pos
219.26089477539062,58.80868148803711
road_id
56
is_junction
False
speed_limit
30.0
speed
20.990271872652244
traffic_light
Red
translation_offset
6677.0165939331055,5091.226280560717
angle
-269.14959716796875
hero_past_trajectory
357,596
355,583
354,575
353,568
352,556
352,549
352,537
352,527
352,521
352,508
actor_past_trajectory
94
584,685
573,685
566,685
559,685
548,684
541,684
529,684
519,684
513,682
502,682
129
413,735
404,735
398,735
391,734
381,733
375,733
365,733
357,733
351,732
342,732
