time
430.0532441451578
hero_global_pos
218.72552490234375,58.80807876586914
road_id
56
is_junction
False
speed_limit
30.0
speed
21.025183028734695
traffic_light
Red
translation_offset
6668.005766749382,5090.313608651981
angle
-269.49822998046875
hero_past_trajectory
355,592
354,584
353,577
352,565
353,558
353,546
352,536
352,530
352,517
352,511
actor_past_trajectory
94
574,693
567,693
560,693
549,692
542,692
530,692
520,691
514,690
503,690
495,690
129
405,743
399,743
392,742
382,742
376,742
366,742
358,742
352,741
343,741
336,741
