time
430.18472570883023
hero_global_pos
217.97393798828125,58.8069953918457
road_id
56
is_junction
False
speed_limit
30.0
speed
20.965490792089494
traffic_light
Red
translation_offset
6656.001600384712,5089.553734507412
angle
-269.7884826660156
hero_past_trajectory
355,596
354,589
353,577
353,570
353,558
352,548
352,542
352,529
352,523
352,514
actor_past_trajectory
94
568,704
561,704
550,703
543,703
531,703
521,703
515,702
504,702
496,702
488,702
129
400,755
393,754
383,754
377,754
367,754
359,754
353,753
344,753
337,753
330,753
