time
4914.433728042866
hero_global_pos
84.18282318115234,-105.15589904785156
road_id
50
speed_limit
30.0
speed
0.0049308459619245475
traffic_light
None
translation_offset
4670.2716275677085,2315.0927329063416
angle
-2.0140304565429688
hero_past_trajectory
352,510
352,507
352,504
352,503
352,502
352,502
352,502
352,502
352,502
352,502
actor_past_trajectory
304
352,385
352,385
352,385
352,385
352,385
352,385
352,385
352,385
352,385
352,385
315
353,270
353,270
353,270
353,270
353,270
353,270
353,270
353,270
353,270
353,270
