time
4914.4686015228435
hero_global_pos
84.18283081054688,-105.15601348876953
road_id
50
speed_limit
30.0
speed
0.0036167662503788136
traffic_light
None
translation_offset
4670.271646566689,2315.0926971435547
angle
-2.0140380859375
hero_past_trajectory
352,507
352,504
352,503
352,502
352,502
352,502
352,502
352,502
352,502
352,502
actor_past_trajectory
304
352,385
352,385
352,385
352,385
352,385
352,385
352,385
352,385
352,385
352,385
315
353,270
353,270
353,270
353,270
353,270
353,270
353,270
353,270
353,270
353,270
