time
4914.5958672341585
hero_global_pos
84.18283081054688,-105.15605163574219
road_id
50
speed_limit
30.0
speed
0.0017935660774019216
traffic_light
None
translation_offset
4670.271629244089,2315.0926703214645
angle
-2.0140304565429688
hero_past_trajectory
352,504
352,503
352,502
352,502
352,502
352,502
352,502
352,502
352,502
352,502
actor_past_trajectory
304
352,385
352,385
352,385
352,385
352,385
352,385
352,385
352,385
352,385
352,385
315
353,270
353,270
353,270
353,270
353,270
353,270
353,270
353,270
353,270
353,270
