time
4914.685434024657
hero_global_pos
84.1828384399414,-105.15609741210938
road_id
50
speed_limit
30.0
speed
0.002732830644511156
traffic_light
None
translation_offset
4670.271647125483,2315.0926703214645
angle
-2.0140380859375
hero_past_trajectory
352,503
352,502
352,502
352,502
352,502
352,502
352,502
352,502
352,502
352,502
actor_past_trajectory
304
352,385
352,385
352,385
352,385
352,385
352,385
352,385
352,385
352,385
352,385
315
353,270
353,270
353,270
353,270
353,270
353,270
353,270
353,270
353,270
353,270
