time
167.1516876328169
hero_global_pos
234.12132263183594,41.00938034057617
road_id
75
is_junction
False
speed_limit
30.0
speed
0.001699039274485773
traffic_light
Red
translation_offset
7060.355462446809,4953.955716729164
angle
-181.39225006103516
hero_past_trajectory
352,502
352,502
352,502
352,502
352,502
352,502
352,502
352,502
352,502
352,502
actor_past_trajectory
133
184,79
184,87
184,99
184,107
184,116
184,123
184,134
184,142
183,154
184,162
152
351,717
351,717
351,717
351,717
351,717
351,717
351,717
351,717
351,717
351,717
163
352,613
352,613
352,613
352,613
352,613
352,613
352,613
352,613
352,613
352,613
182
184,258
183,266
184,278
184,286
184,295
184,303
183,313
184,322
184,333
184,341
