time
167.8701324421345
hero_global_pos
234.12132263183594,41.00938034057617
road_id
75
is_junction
False
speed_limit
30.0
speed
0.0
traffic_light
Red
translation_offset
7060.355462446809,4953.955716729164
angle
-181.39225006103516
hero_past_trajectory
352,502
352,502
352,502
352,502
352,502
352,502
352,502
352,502
352,502
352,502
actor_past_trajectory
133
184,142
183,154
184,162
184,169
184,181
184,188
184,200
184,207
184,217
184,225
152
351,717
351,717
351,717
351,717
351,717
351,717
351,717
351,717
351,717
351,717
163
352,613
352,613
352,613
352,613
352,613
352,613
352,613
352,613
352,613
352,613
182
184,322
184,333
184,341
183,348
184,360
184,367
184,379
184,386
183,396
184,405
187
184,-113
183,-101
183,-93
184,-86
184,-74
184,-66
183,-55
184,-48
184,-38
184,-29
