time
168.55957821899938
hero_global_pos
234.12132263183594,41.00938034057617
road_id
75
is_junction
False
speed_limit
30.0
speed
0.0057192151919928476
traffic_light
Red
translation_offset
7060.355462446809,4953.955716729164
angle
-181.39225006103516
hero_past_trajectory
352,502
352,502
352,502
352,502
352,502
352,502
352,502
352,502
352,502
352,502
actor_past_trajectory
133
184,207
184,217
184,225
184,234
184,244
184,251
184,260
184,271
184,280
184,288
152
351,717
351,717
351,717
351,717
351,717
351,717
351,717
351,717
351,717
351,717
163
352,613
352,613
352,613
352,613
352,613
352,613
352,613
352,613
352,613
352,613
182
184,386
183,396
184,405
184,413
184,423
183,431
183,439
184,450
184,459
184,467
187
184,-48
184,-38
184,-29
183,-20
183,-10
184,-3
184,5
184,16
183,25
184,33
