time
4947.3759615988165
hero_global_pos
130.47433471679688,-131.9761505126953
road_id
18
speed_limit
30.0
speed
0.002731607761678049
traffic_light
None
translation_offset
5555.9662309885025,2039.1828679144382
angle
-91.21585726737976
hero_past_trajectory
352,502
352,502
352,502
352,502
352,502
352,502
352,502
352,502
352,502
352,502
actor_past_trajectory
315
353,387
353,387
353,387
353,387
353,387
353,387
353,387
353,387
353,387
353,387
390
122,183
128,183
133,183
138,182
144,183
152,183
160,183
169,183
174,183
182,184
