time
4915.0146451004475
hero_global_pos
84.1828384399414,-105.15618896484375
road_id
50
speed_limit
30.0
speed
0.012347213128032195
traffic_light
None
translation_offset
4670.271647684276,2315.092661380768
angle
-2.0140380859375
hero_past_trajectory
352,502
352,502
352,502
352,502
352,502
352,502
352,502
352,502
352,502
352,502
actor_past_trajectory
304
352,385
352,385
352,385
352,385
352,385
352,385
352,385
352,385
352,385
352,385
315
353,270
353,270
353,270
353,270
353,270
353,270
353,270
353,270
353,270
353,270
