time
169.24526066103863
hero_global_pos
234.12132263183594,41.00938034057617
road_id
75
is_junction
False
speed_limit
30.0
speed
0.00666567748622566
traffic_light
Red
translation_offset
7060.355462446809,4953.955716729164
angle
-181.39225006103516
hero_past_trajectory
352,502
352,502
352,502
352,502
352,502
352,502
352,502
352,502
352,502
352,502
actor_past_trajectory
133
184,271
184,280
184,288
184,295
184,308
184,316
184,324
184,331
184,344
184,351
152
351,717
351,717
351,717
351,717
351,717
351,717
351,717
351,717
351,717
351,717
163
352,613
352,613
352,613
352,613
352,613
352,613
352,613
352,613
352,613
352,613
182
184,450
184,459
184,467
183,475
184,487
184,495
184,503
183,510
183,524
184,530
187
184,16
183,25
184,33
184,41
184,54
183,61
183,69
184,76
184,90
184,96
