time
169.67972627798008
hero_global_pos
234.12132263183594,41.00938034057617
road_id
75
is_junction
False
speed_limit
30.0
speed
0.0026987616064051163
traffic_light
Red
translation_offset
7060.355462446809,4953.955716729164
angle
-181.39225006103516
hero_past_trajectory
352,502
352,502
352,502
352,502
352,502
352,502
352,502
352,502
352,502
352,502
actor_past_trajectory
133
184,308
184,316
184,324
184,331
184,344
184,351
184,361
184,368
184,380
184,387
152
351,717
351,717
351,717
351,717
351,717
351,717
351,717
351,717
351,717
351,717
163
352,613
352,613
352,613
352,613
352,613
352,613
352,613
352,613
352,613
352,613
182
184,487
184,495
184,503
183,510
183,524
184,530
184,540
184,548
183,559
184,566
187
184,54
183,61
183,69
184,76
184,90
184,96
183,107
184,114
184,126
184,133
