time
504.6374460016741
hero_global_pos
66.62276458740234,130.14158630371094
road_id
90
is_junction
False
speed_limit
30.0
speed
20.637591121350216
traffic_light
None
translation_offset
4234.015404820442,6232.139063226059
angle
-269.1829071044922
hero_past_trajectory
352,595
352,584
352,577
352,566
352,560
352,548
351,541
352,532
352,523
352,514
actor_past_trajectory
94
296,-49
296,-39
296,-32
295,-21
296,-15
296,-3
296,2
296,12
296,21
296,30
119
352,-49
352,-49
352,-49
352,-49
352,-49
352,-49
352,-49
352,-49
352,-49
352,-49
