time
505.01551545089023
hero_global_pos
64.48603057861328,130.17205810546875
road_id
90
is_junction
False
speed_limit
30.0
speed
20.365570648591692
traffic_light
None
translation_offset
4200.015342235565,6233.140602143481
angle
-269.1823272705078
hero_past_trajectory
353,594
353,582
352,575
352,566
352,557
352,548
353,536
353,530
353,522
353,509
actor_past_trajectory
94
297,18
297,30
297,36
296,46
296,55
296,64
296,75
296,82
297,89
297,102
119
352,-15
352,-15
352,-15
352,-15
352,-15
352,-15
352,-15
352,-15
352,-15
352,-15
