time
505.4403335606112
hero_global_pos
62.144691467285156,130.20541381835938
road_id
90
is_junction
False
speed_limit
30.0
speed
20.000817241677787
traffic_light
None
translation_offset
4163.0153958797455,6233.141459751874
angle
-269.18199157714844
hero_past_trajectory
352,594
352,585
352,573
352,567
352,559
352,546
351,539
352,526
352,520
352,507
actor_past_trajectory
94
296,92
296,101
296,112
295,119
296,126
296,139
296,145
296,158
296,165
296,175
119
352,21
352,21
352,21
352,21
352,21
352,21
352,21
352,21
352,21
352,21
