time
505.66405176980334
hero_global_pos
60.85443115234375,130.22384643554688
road_id
90
is_junction
False
speed_limit
30.0
speed
20.48732066885843
traffic_light
None
translation_offset
4142.0152707099915,6233.140352781862
angle
-269.1824188232422
hero_past_trajectory
352,594
352,588
352,580
352,567
351,560
351,547
351,541
352,528
352,523
352,511
actor_past_trajectory
94
295,133
295,140
296,147
296,160
296,166
296,179
296,186
295,196
295,204
296,216
119
352,42
352,42
352,42
352,42
352,42
352,42
352,42
352,42
352,42
352,42
