time
505.7299402342542
hero_global_pos
60.36328125,130.23086547851562
road_id
90
is_junction
False
speed_limit
30.0
speed
20.524887489747773
traffic_light
None
translation_offset
4134.0152707099915,6234.140281256288
angle
-269.1824493408203
hero_past_trajectory
353,596
353,588
353,575
352,568
352,555
352,549
353,536
353,531
353,519
353,510
actor_past_trajectory
94
296,148
297,155
297,168
297,174
296,187
296,194
296,204
296,212
297,224
297,232
119
352,50
352,50
352,50
352,50
352,50
352,50
352,50
352,50
352,50
352,50
