time
505.83081694556313
hero_global_pos
59.907859802246094,130.23736572265625
road_id
90
is_junction
False
speed_limit
30.0
speed
20.5146995163503
traffic_light
None
translation_offset
4127.0152707099915,6234.140138205141
angle
-269.1824951171875
hero_past_trajectory
353,595
353,582
352,575
352,562
352,556
352,543
352,538
353,526
353,517
352,509
actor_past_trajectory
94
297,162
297,175
297,181
296,194
296,201
296,211
296,219
297,231
297,239
297,247
119
352,57
352,57
352,57
352,57
352,57
352,57
352,57
352,57
352,57
352,57
160
353,-49
353,-49
353,-49
353,-49
353,-49
353,-49
353,-49
353,-49
353,-49
353,-49
