time
505.9641101756497
hero_global_pos
59.14095687866211,130.24830627441406
road_id
90
is_junction
False
speed_limit
30.0
speed
20.431097129014315
traffic_light
None
translation_offset
4115.015279650688,6234.140352642164
angle
-269.1824188232422
hero_past_trajectory
353,594
352,587
352,574
352,568
352,555
352,550
352,538
353,529
352,521
352,514
actor_past_trajectory
94
296,187
296,193
296,206
296,213
296,223
296,231
297,243
297,251
296,259
296,266
119
352,69
352,69
352,69
352,69
352,69
352,69
352,69
352,69
352,69
352,69
160
353,-37
353,-37
353,-37
353,-37
353,-37
353,-37
353,-37
353,-37
353,-37
353,-37
