time
506.02606527743774
hero_global_pos
58.68025588989258,130.25486755371094
road_id
90
is_junction
False
speed_limit
30.0
speed
20.35665481274424
traffic_light
None
translation_offset
4107.015279650688,6234.140352642164
angle
-269.1824188232422
hero_past_trajectory
352,595
352,582
352,576
352,563
352,558
352,546
353,537
352,529
352,522
352,510
actor_past_trajectory
94
296,201
296,214
296,221
296,231
296,239
297,251
296,259
296,267
296,274
296,286
119
352,77
352,77
352,77
352,77
352,77
352,77
352,77
352,77
352,77
352,77
160
353,-29
353,-29
353,-29
353,-29
353,-29
353,-29
353,-29
353,-29
353,-29
353,-29
