time
506.120638223867
hero_global_pos
57.92104721069336,130.26571655273438
road_id
90
is_junction
False
speed_limit
30.0
speed
20.212562848919806
traffic_light
None
translation_offset
4100.015288591385,6234.140388265252
angle
-269.1824035644531
hero_past_trajectory
352,589
352,583
352,570
352,565
352,553
352,544
352,536
352,529
352,517
352,509
actor_past_trajectory
94
296,221
296,228
296,238
296,246
296,258
296,266
296,274
296,281
296,293
296,300
119
352,84
352,84
352,84
352,84
352,84
352,84
352,84
352,84
352,84
352,84
160
352,-22
352,-22
352,-22
352,-22
352,-22
352,-22
352,-22
352,-22
352,-22
352,-22
