time
506.2732266807361
hero_global_pos
57.461727142333984,130.2722625732422
road_id
90
is_junction
False
speed_limit
30.0
speed
20.11849983733521
traffic_light
None
translation_offset
4088.015288591385,6234.140459790826
angle
-269.182373046875
hero_past_trajectory
352,595
352,582
352,577
352,565
352,556
351,548
351,541
352,529
352,521
352,509
actor_past_trajectory
94
296,240
296,250
295,258
296,270
296,278
296,286
296,293
296,305
296,312
296,319
119
352,96
352,96
352,96
352,96
352,96
352,96
352,96
352,96
352,96
352,96
160
352,-10
352,-10
352,-10
352,-10
352,-10
352,-10
352,-10
352,-10
352,-10
352,-10
