time
506.35169141603546
hero_global_pos
56.970130920410156,130.27928161621094
road_id
90
is_junction
False
speed_limit
30.0
speed
20.015614700894997
traffic_light
None
translation_offset
4080.015279650688,6234.140459930524
angle
-269.182373046875
hero_past_trajectory
352,590
352,585
352,573
352,564
351,556
351,549
352,537
352,529
352,517
352,510
actor_past_trajectory
94
295,258
295,266
296,278
296,286
296,294
296,301
296,313
296,320
295,327
295,340
119
352,104
352,104
352,104
352,104
352,104
352,104
352,104
352,104
352,104
352,104
160
352,-2
352,-2
352,-2
352,-2
352,-2
352,-2
352,-2
352,-2
352,-2
352,-2
