time
506.5755270575537
hero_global_pos
55.727474212646484,130.29701232910156
road_id
90
is_junction
False
speed_limit
30.0
speed
20.373882351033664
traffic_light
None
translation_offset
4060.0152707099915,6235.139601763338
angle
-269.1827087402344
hero_past_trajectory
353,593
353,584
352,576
352,569
352,557
352,549
353,537
353,530
353,522
353,510
actor_past_trajectory
94
297,298
297,306
297,314
297,321
296,333
296,340
296,347
296,360
296,368
297,380
119
352,124
352,124
352,124
352,124
352,124
352,124
352,124
352,124
352,124
352,124
160
353,17
353,17
353,17
353,17
353,17
353,17
353,17
353,17
353,17
353,17
