time
506.647435175757
hero_global_pos
55.320579528808594,130.3028106689453
road_id
90
is_junction
False
speed_limit
30.0
speed
20.563707349306696
traffic_light
None
translation_offset
4054.015288591385,6235.13906490244
angle
-269.1829071044922
hero_past_trajectory
353,590
352,582
352,575
352,563
352,555
352,543
353,536
353,528
353,516
352,508
actor_past_trajectory
94
297,312
297,320
296,327
296,339
296,346
296,353
296,366
296,374
297,386
297,393
119
352,130
352,130
352,130
352,130
352,130
352,130
352,130
352,130
352,130
352,130
160
353,23
353,23
353,23
353,23
353,23
353,23
353,23
353,23
353,23
353,23
