time
4948.917348307434
hero_global_pos
130.47433471679688,-131.9761505126953
road_id
18
speed_limit
30.0
speed
0.0026314136339598924
traffic_light
None
translation_offset
5555.9662309885025,2039.1828679144382
angle
-91.21585726737976
hero_past_trajectory
352,502
352,502
352,502
352,502
352,502
352,502
352,502
352,502
352,502
352,502
actor_past_trajectory
315
353,387
353,387
353,387
353,387
353,387
353,387
353,387
353,387
353,387
353,387
390
232,196
240,200
249,206
259,215
266,223
272,231
276,239
281,246
284,254
286,261
