time
507.1617700537099
hero_global_pos
52.24069595336914,130.34677124023438
road_id
90
is_junction
False
speed_limit
30.0
speed
20.511388956858827
traffic_light
None
translation_offset
4004.015252828598,6235.139244275168
angle
-269.18284606933594
hero_past_trajectory
352,593
352,586
352,578
352,566
351,558
351,547
351,538
352,530
352,522
352,510
actor_past_trajectory
94
295,403
295,416
295,424
296,436
296,443
296,449
296,463
295,470
295,478
295,490
119
352,180
352,180
352,180
352,180
352,180
352,180
352,180
352,180
352,180
352,180
147
352,-34
352,-34
352,-34
352,-34
352,-34
352,-34
352,-34
352,-34
352,-34
352,-34
160
352,73
352,73
352,73
352,73
352,73
352,73
352,73
352,73
352,73
352,73
