time
507.3170267404421
hero_global_pos
51.48209762573242,130.35755920410156
road_id
90
is_junction
False
speed_limit
30.0
speed
20.351034846688822
traffic_light
None
translation_offset
3992.0152617692947,6236.1395303774625
angle
-269.1827392578125
hero_past_trajectory
353,598
353,590
353,578
352,570
352,559
352,550
352,542
353,534
353,522
353,510
actor_past_trajectory
94
296,428
296,436
297,448
297,455
297,461
296,475
296,482
296,490
296,502
297,509
119
352,192
352,192
352,192
352,192
352,192
352,192
352,192
352,192
352,192
352,192
147
352,-22
352,-22
352,-22
352,-22
352,-22
352,-22
352,-22
352,-22
352,-22
352,-22
160
353,85
353,85
353,85
353,85
353,85
353,85
353,85
353,85
353,85
353,85
