time
507.45350561899977
hero_global_pos
50.70103073120117,130.36871337890625
road_id
90
is_junction
False
speed_limit
30.0
speed
20.176243006930036
traffic_light
None
translation_offset
3980.0152707099915,6236.139744814485
angle
-269.1826477050781
hero_past_trajectory
353,602
353,590
352,582
352,571
352,562
352,554
352,546
353,534
353,522
352,510
actor_past_trajectory
94
296,448
297,460
296,467
296,473
296,487
296,494
296,502
296,514
297,521
297,533
119
352,204
352,204
352,204
352,204
352,204
352,204
352,204
352,204
352,204
352,204
147
352,-10
352,-10
352,-10
352,-10
352,-10
352,-10
352,-10
352,-10
352,-10
352,-10
160
353,97
353,97
353,97
353,97
353,97
353,97
353,97
353,97
353,97
353,97
