time
507.513671188186
hero_global_pos
50.25777053833008,130.37503051757812
road_id
90
is_junction
False
speed_limit
30.0
speed
20.07646164528995
traffic_light
None
translation_offset
3973.015279650688,6236.139994874597
angle
-269.18255615234375
hero_past_trajectory
353,597
352,589
352,578
352,569
352,561
352,553
352,541
353,529
352,517
352,509
actor_past_trajectory
94
296,467
296,474
296,480
296,494
296,501
296,509
296,521
297,528
296,540
296,553
119
352,211
352,211
352,211
352,211
352,211
352,211
352,211
352,211
352,211
352,211
147
352,-3
352,-3
352,-3
352,-3
352,-3
352,-3
352,-3
352,-3
352,-3
352,-3
160
353,104
353,104
353,104
353,104
353,104
353,104
353,104
353,104
353,104
353,104
