time
507.74138119494455
hero_global_pos
49.110374450683594,130.39141845703125
road_id
90
is_junction
False
speed_limit
30.0
speed
20.05733339523031
traffic_light
None
translation_offset
3954.0152707099915,6236.139601763338
angle
-269.1827087402344
hero_past_trajectory
352,597
352,588
352,580
352,572
352,560
352,548
352,536
352,528
352,521
352,509
actor_past_trajectory
94
296,499
296,513
296,520
296,528
295,540
296,547
296,559
296,572
296,579
296,586
119
352,230
352,230
352,230
352,230
352,230
352,230
352,230
352,230
352,230
352,230
147
352,15
352,15
352,15
352,15
352,15
352,15
352,15
352,15
352,15
352,15
160
352,123
352,123
352,123
352,123
352,123
352,123
352,123
352,123
352,123
352,123
