time
508.04880958100694
hero_global_pos
47.35724639892578,130.41639709472656
road_id
90
is_junction
False
speed_limit
30.0
speed
20.774034568265446
traffic_light
None
translation_offset
3926.015315413475,6237.137598209083
angle
-269.1834716796875
hero_past_trajectory
353,600
353,588
353,576
352,564
352,556
352,549
353,537
353,526
353,519
353,510
actor_past_trajectory
94
296,556
296,568
297,575
297,587
297,600
296,607
296,614
296,625
296,636
297,644
119
352,258
352,258
352,258
352,258
352,258
352,258
352,258
352,258
352,258
352,258
147
353,43
353,43
353,43
353,43
353,43
353,43
353,43
353,43
353,43
353,43
160
353,151
353,151
353,151
353,151
353,151
353,151
353,151
353,151
353,151
353,151
