time
508.1972734709634
hero_global_pos
46.5088996887207,130.42848205566406
road_id
90
is_junction
False
speed_limit
30.0
speed
20.76204931566856
traffic_light
None
translation_offset
3913.015279650688,6237.1380635444075
angle
-269.18328857421875
hero_past_trajectory
353,601
353,589
352,577
352,569
352,562
352,550
352,539
353,532
353,523
352,515
actor_past_trajectory
94
296,581
297,588
297,600
296,613
296,620
296,627
296,638
296,649
297,657
297,665
119
352,271
352,271
352,271
352,271
352,271
352,271
352,271
352,271
352,271
352,271
147
352,56
352,56
352,56
352,56
352,56
352,56
352,56
352,56
352,56
352,56
160
353,164
353,164
353,164
353,164
353,164
353,164
353,164
353,164
353,164
353,164
