time
508.2608063300504
hero_global_pos
46.01264572143555,130.435546875
road_id
90
is_junction
False
speed_limit
30.0
speed
20.70363714536894
traffic_light
None
translation_offset
3905.0152617692947,6237.13856450282
angle
-269.18310546875
hero_past_trajectory
353,597
352,585
352,577
352,570
352,558
352,547
352,540
353,531
352,523
352,510
actor_past_trajectory
94
297,596
296,608
296,621
296,628
296,635
296,646
296,657
297,665
297,673
296,686
119
352,279
352,279
352,279
352,279
352,279
352,279
352,279
352,279
352,279
352,279
147
352,64
352,64
352,64
352,64
352,64
352,64
352,64
352,64
352,64
352,64
160
353,172
353,172
353,172
353,172
353,172
353,172
353,172
353,172
353,172
353,172
