time
508.4105055132313
hero_global_pos
45.2834358215332,130.44595336914062
road_id
90
is_junction
False
speed_limit
30.0
speed
20.578370357445422
traffic_light
None
translation_offset
3893.0152617692947,6237.139423089102
angle
-269.1827697753906
hero_past_trajectory
352,597
352,589
352,582
352,570
352,559
352,552
352,543
352,535
352,522
352,510
actor_past_trajectory
94
296,620
296,633
296,640
296,647
296,658
296,669
296,677
296,685
296,698
296,706
119
352,291
352,291
352,291
352,291
352,291
352,291
352,291
352,291
352,291
352,291
147
352,76
352,76
352,76
352,76
352,76
352,76
352,76
352,76
352,76
352,76
160
353,184
353,184
353,184
353,184
353,184
353,184
353,184
353,184
353,184
353,184
