time
508.71586189096706
hero_global_pos
43.42878341674805,130.47239685058594
road_id
90
is_junction
False
speed_limit
30.0
speed
20.173176631144923
traffic_light
None
translation_offset
3863.0152975320816,6237.140781655908
angle
-269.1822509765625
hero_past_trajectory
352,600
352,589
352,582
352,573
351,565
351,552
351,540
352,532
352,524
352,511
actor_past_trajectory
119
352,321
352,321
352,321
352,321
352,321
352,321
352,321
352,321
352,321
352,321
147
352,106
352,106
352,106
352,106
352,106
352,106
352,106
352,106
352,106
352,106
160
352,214
352,214
352,214
352,214
352,214
352,214
352,214
352,214
352,214
352,214
