time
508.80451080439525
hero_global_pos
42.93622970581055,130.4794158935547
road_id
90
is_junction
False
speed_limit
30.0
speed
19.721070459199222
traffic_light
None
translation_offset
3855.0153243541718,6238.141460729763
angle
-269.18199157714844
hero_past_trajectory
353,597
353,590
353,581
352,573
352,560
352,548
352,540
353,532
353,519
353,510
actor_past_trajectory
119
352,329
352,329
352,329
352,329
352,329
352,329
352,329
352,329
352,329
352,329
147
353,114
353,114
353,114
353,114
353,114
353,114
353,114
353,114
353,114
353,114
160
353,222
353,222
353,222
353,222
353,222
353,222
353,222
353,222
353,222
353,222
