time
509.03322304462927
hero_global_pos
41.94113540649414,130.49356079101562
road_id
90
is_junction
False
speed_limit
30.0
speed
15.239720853267311
traffic_light
None
translation_offset
3839.0186145305634,6238.150641428307
angle
-269.178466796875
hero_past_trajectory
353,597
352,589
352,576
352,564
352,556
352,548
353,535
353,526
352,518
352,507
actor_past_trajectory
119
352,345
352,345
352,345
352,345
352,345
352,345
352,345
352,345
352,345
352,345
147
352,130
352,130
352,130
352,130
352,130
352,130
352,130
352,130
352,130
352,130
160
353,238
353,238
353,238
353,238
353,238
353,238
353,238
353,238
353,238
353,238
