time
509.3610498891576
hero_global_pos
40.63475799560547,130.51217651367188
road_id
90
is_junction
False
speed_limit
30.0
speed
11.577156585887003
traffic_light
None
translation_offset
3819.0189185142517,6238.152890292928
angle
-269.1776123046875
hero_past_trajectory
352,584
352,576
352,568
352,555
352,546
351,538
352,527
352,522
352,514
352,508
actor_past_trajectory
119
352,365
352,365
352,365
352,365
352,365
352,365
352,365
352,365
352,365
352,365
147
352,150
352,150
352,150
352,150
352,150
352,150
352,150
352,150
352,150
352,150
160
353,258
353,258
353,258
353,258
353,258
353,258
353,258
353,258
353,258
353,258
