time
509.405492708589
hero_global_pos
40.33842849731445,130.51638793945312
road_id
90
is_junction
False
speed_limit
30.0
speed
9.685542161768254
traffic_light
None
translation_offset
3814.021243095398,6238.1559327840805
angle
-269.1764373779297
hero_past_trajectory
352,581
352,573
352,560
352,551
351,543
352,532
352,527
352,519
352,513
352,507
actor_past_trajectory
119
352,370
352,370
352,370
352,370
352,370
352,370
352,370
352,370
352,370
352,370
147
352,155
352,155
352,155
352,155
352,155
352,155
352,155
352,155
352,155
352,155
160
352,263
352,263
352,263
352,263
352,263
352,263
352,263
352,263
352,263
352,263
