time
509.52488133361476
hero_global_pos
40.12867736816406,130.51939392089844
road_id
90
is_junction
False
speed_limit
30.0
speed
9.589934384553985
traffic_light
None
translation_offset
3810.020545721054,6238.155191684142
angle
-269.1767272949219
hero_past_trajectory
352,577
352,564
352,555
351,547
352,536
352,531
352,523
352,517
352,511
352,506
actor_past_trajectory
119
352,374
352,374
352,374
352,374
352,374
352,374
352,374
352,374
352,374
352,374
147
352,159
352,159
352,159
352,159
352,159
352,159
352,159
352,159
352,159
352,159
160
352,267
352,267
352,267
352,267
352,267
352,267
352,267
352,267
352,267
352,267
