time
509.6335153621985
hero_global_pos
39.9112434387207,130.52249145507812
road_id
90
is_junction
False
speed_limit
30.0
speed
8.53851614698365
traffic_light
None
translation_offset
3807.019481778145,6238.155063860118
angle
-269.17677307128906
hero_past_trajectory
352,567
352,558
351,550
351,539
352,534
352,526
352,520
352,514
352,509
352,505
actor_past_trajectory
119
352,377
352,377
352,377
352,377
352,377
352,377
352,377
352,377
352,377
352,377
147
352,162
352,162
352,162
352,162
352,162
352,162
352,162
352,162
352,162
352,161
160
352,270
352,270
352,270
352,270
352,270
352,270
352,270
352,270
352,270
352,270
