time
509.71858740089374
hero_global_pos
39.73479461669922,130.52500915527344
road_id
90
is_junction
False
speed_limit
30.0
speed
6.3658947506701775
traffic_light
None
translation_offset
3804.0203132629395,6238.156697073951
angle
-269.1761474609375
hero_past_trajectory
352,561
351,553
351,542
351,537
352,529
352,523
352,517
352,512
352,508
352,505
actor_past_trajectory
119
352,380
352,380
352,380
352,380
352,380
352,380
352,380
352,380
352,380
352,380
147
352,165
352,165
352,165
352,165
352,165
352,165
352,165
352,165
352,164
352,162
160
352,273
352,273
352,273
352,273
352,273
352,273
352,273
352,273
352,273
352,273
