time
509.9273324762835
hero_global_pos
39.541465759277344,130.5277862548828
road_id
90
is_junction
False
speed_limit
30.0
speed
0.019752932258713822
traffic_light
None
translation_offset
3801.027197599411,6238.1549529396
angle
-269.17677307128906
hero_past_trajectory
351,545
351,540
352,532
352,526
352,520
352,515
352,511
352,508
352,505
352,502
actor_past_trajectory
119
352,383
352,383
352,383
352,383
352,383
352,383
352,383
352,383
352,383
352,383
147
352,168
352,168
352,168
352,168
352,168
352,168
352,167
352,165
352,163
352,157
160
352,276
352,276
352,276
352,276
352,276
352,276
352,276
352,276
352,276
352,276
