time
510.0626200647457
hero_global_pos
39.541053771972656,130.5277862548828
road_id
90
is_junction
False
speed_limit
30.0
speed
0.018115288758677107
traffic_light
None
translation_offset
3801.0247210264206,6238.155131613836
angle
-269.1767272949219
hero_past_trajectory
351,540
352,532
352,526
352,520
352,515
352,511
352,508
352,505
352,502
352,502
actor_past_trajectory
119
352,383
352,383
352,383
352,383
352,383
352,383
352,383
352,383
352,383
352,383
147
352,168
352,168
352,168
352,168
352,168
352,167
352,165
352,163
352,157
352,153
160
352,276
352,276
352,276
352,276
352,276
352,276
352,276
352,276
352,276
352,275
