time
510.13833230411547
hero_global_pos
39.54037857055664,130.52781677246094
road_id
90
is_junction
False
speed_limit
30.0
speed
0.019988266639791783
traffic_light
None
translation_offset
3801.021305680275,6238.155323699117
angle
-269.1766662597656
hero_past_trajectory
352,532
352,526
352,520
352,515
352,511
352,508
352,505
352,502
352,502
352,502
actor_past_trajectory
119
352,383
352,383
352,383
352,383
352,383
352,383
352,383
352,383
352,383
352,383
147
352,168
352,168
352,168
352,168
352,167
352,165
352,163
352,157
352,153
352,144
160
352,276
352,276
352,276
352,276
352,276
352,276
352,276
352,276
352,275
351,271
