time
510.20642936093645
hero_global_pos
39.53962326049805,130.52781677246094
road_id
90
is_junction
False
speed_limit
30.0
speed
0.01780971256649435
traffic_light
None
translation_offset
3801.018399953842,6238.155401231721
angle
-269.17665100097656
hero_past_trajectory
352,526
352,520
352,515
352,511
352,508
352,505
352,502
352,502
352,502
352,502
actor_past_trajectory
119
352,383
352,383
352,383
352,383
352,383
352,383
352,383
352,383
352,383
352,383
147
352,168
352,168
352,168
352,167
352,165
352,163
352,157
352,153
352,144
352,138
160
352,276
352,276
352,276
352,276
352,276
352,276
352,276
352,275
351,271
351,267
