time
170.5326396669625
hero_global_pos
234.12132263183594,41.00938034057617
road_id
75
is_junction
False
speed_limit
30.0
speed
0.005241724150818165
traffic_light
Red
translation_offset
7060.355462446809,4953.955716729164
angle
-181.39225006103516
hero_past_trajectory
352,502
352,502
352,502
352,502
352,502
352,502
352,502
352,502
352,502
352,502
actor_past_trajectory
133
184,380
184,387
184,396
184,406
184,416
184,421
184,433
184,444
184,453
184,460
152
351,717
351,717
351,717
351,717
351,717
351,717
351,717
351,717
351,717
351,717
163
352,613
352,613
352,613
352,613
352,613
352,613
352,613
352,613
352,613
352,613
182
183,559
184,566
184,576
184,586
183,595
183,600
184,613
184,624
184,632
183,639
187
184,126
184,133
183,143
183,152
184,161
184,167
184,180
183,191
184,199
184,207
