time
510.4498728481485
hero_global_pos
39.538429260253906,130.52784729003906
road_id
90
is_junction
False
speed_limit
30.0
speed
0.009090566835535479
traffic_light
None
translation_offset
3801.015825033188,6238.15547401458
angle
-269.1766357421875
hero_past_trajectory
352,515
352,511
352,508
352,505
352,502
352,502
352,502
352,502
352,502
352,502
actor_past_trajectory
119
352,383
352,383
352,383
352,383
352,383
352,383
352,383
352,383
352,383
352,383
147
352,168
352,167
352,165
352,163
352,157
352,153
352,144
352,138
351,132
351,121
160
352,276
352,276
352,276
352,276
352,276
352,275
351,271
351,267
351,263
352,253
