time
510.6607734659119
hero_global_pos
39.53799819946289,130.52784729003906
road_id
90
is_junction
False
speed_limit
30.0
speed
0.002678749941203797
traffic_light
None
translation_offset
3801.0155210494995,6238.15547834523
angle
-269.1766357421875
hero_past_trajectory
352,508
352,505
352,502
352,502
352,502
352,502
352,502
352,502
352,502
352,502
actor_past_trajectory
119
352,383
352,383
352,383
352,383
352,383
352,383
352,383
352,383
352,383
352,381
147
352,165
352,163
352,157
352,153
352,144
352,138
351,132
351,121
352,115
352,105
160
352,276
352,276
352,276
352,275
351,271
351,267
351,263
352,253
352,248
352,241
