time
510.74107711067336
hero_global_pos
39.537925720214844,130.52786254882812
road_id
90
is_junction
False
speed_limit
30.0
speed
0.0034663016868985
traffic_light
None
translation_offset
3801.0154942274094,6238.155478764325
angle
-269.1766357421875
hero_past_trajectory
352,505
352,502
352,502
352,502
352,502
352,502
352,502
352,502
352,502
352,502
actor_past_trajectory
119
352,383
352,383
352,383
352,383
352,383
352,383
352,383
352,383
352,381
352,380
147
352,163
352,157
352,153
352,144
352,138
351,132
351,121
352,115
352,105
352,99
160
352,276
352,276
352,275
351,271
351,267
351,263
352,253
352,248
352,241
352,238
