time
510.88021167604165
hero_global_pos
39.5367546081543,130.5278778076172
road_id
90
is_junction
False
speed_limit
30.0
speed
0.19348053694887582
traffic_light
None
translation_offset
3801.0154852867126,6238.15540737845
angle
-269.1766662597656
hero_past_trajectory
352,502
352,502
352,502
352,502
352,502
352,502
352,502
352,502
352,502
352,502
actor_past_trajectory
119
352,383
352,383
352,383
352,383
352,383
352,383
352,383
352,381
352,380
352,378
147
352,157
352,153
352,144
352,138
351,132
351,121
352,115
352,105
352,99
352,92
160
352,276
352,275
351,271
351,267
351,263
352,253
352,248
352,241
352,238
352,233
