time
510.9366174401148
hero_global_pos
39.5302848815918,130.52793884277344
road_id
90
is_junction
False
speed_limit
30.0
speed
0.4469010998864813
traffic_light
None
translation_offset
3801.0155836343765,6238.162308897823
angle
-269.1740264892578
hero_past_trajectory
352,502
352,502
352,502
352,502
352,502
352,502
352,502
352,502
352,502
352,502
actor_past_trajectory
119
352,383
352,383
352,383
352,383
352,383
352,383
352,381
352,380
352,378
352,374
147
352,153
352,144
352,138
351,132
351,121
352,115
352,105
352,99
352,92
352,78
160
352,275
351,271
351,267
351,263
352,253
352,248
352,241
352,238
352,233
352,223
