time
511.07338550178247
hero_global_pos
39.46525573730469,130.52883911132812
road_id
90
is_junction
False
speed_limit
30.0
speed
2.817447028310249
traffic_light
None
translation_offset
3800.016388297081,6238.167054172605
angle
-269.1722106933594
hero_past_trajectory
352,503
352,503
352,503
352,503
352,503
352,503
352,503
352,503
352,503
352,503
actor_past_trajectory
119
352,384
352,384
352,384
352,384
352,384
352,382
352,381
352,379
352,375
352,373
147
352,145
352,139
351,133
351,122
352,116
352,106
352,100
352,93
352,79
352,73
160
351,272
351,268
351,264
352,254
352,249
352,242
352,239
352,234
352,224
352,220
