time
511.1548582357718
hero_global_pos
39.3935546875,130.52987670898438
road_id
90
is_junction
False
speed_limit
30.0
speed
3.9945372614261823
traffic_light
None
translation_offset
3799.0174432992935,6238.1653579548
angle
-269.1728515625
hero_past_trajectory
352,504
352,504
352,504
352,504
352,504
352,504
352,504
352,504
352,504
352,503
actor_past_trajectory
119
352,385
352,385
352,385
352,385
352,383
352,382
352,380
352,376
352,374
352,368
147
352,140
351,134
351,123
352,117
352,107
352,101
352,94
352,80
352,74
351,58
160
351,269
351,265
352,255
352,250
352,243
352,240
352,235
352,225
352,221
352,211
