time
511.2321415902479
hero_global_pos
39.29127502441406,130.53134155273438
road_id
90
is_junction
False
speed_limit
30.0
speed
5.203998944238527
traffic_light
None
translation_offset
3797.01865029335,6238.163266111165
angle
-269.17364501953125
hero_past_trajectory
352,506
352,506
352,506
352,506
352,506
352,506
352,506
352,506
352,505
352,504
actor_past_trajectory
119
352,387
352,387
352,387
352,385
352,384
352,382
352,378
352,376
352,370
352,367
147
351,136
351,125
352,119
352,109
352,103
352,96
352,82
352,76
351,60
352,51
160
351,267
352,257
352,252
352,245
352,242
352,237
352,227
352,223
352,213
352,208
