time
511.36048083243804
hero_global_pos
39.05076217651367,130.53480529785156
road_id
90
is_junction
False
speed_limit
30.0
speed
7.304065214219013
traffic_light
None
translation_offset
3793.0202417373657,6238.159058535472
angle
-269.1752471923828
hero_past_trajectory
352,510
352,510
352,510
352,510
352,510
352,510
352,510
352,509
352,508
352,506
actor_past_trajectory
119
352,391
352,391
352,389
352,388
352,386
352,382
352,380
352,374
352,371
352,367
147
351,129
351,123
352,113
352,107
352,100
352,86
352,80
351,64
351,55
352,46
160
351,261
352,256
352,249
352,246
352,241
352,231
352,227
352,217
352,212
351,206
