time
511.57226857220667
hero_global_pos
38.544681549072266,130.54205322265625
road_id
90
is_junction
False
speed_limit
30.0
speed
10.452938103377804
traffic_light
None
translation_offset
3785.021341443062,6239.15149638243
angle
-269.1781311035156
hero_past_trajectory
353,518
353,518
353,518
353,518
353,518
353,517
353,516
353,514
353,510
353,506
actor_past_trajectory
119
353,397
353,396
353,394
353,390
353,388
353,382
353,379
353,375
353,366
352,361
147
352,121
353,115
353,108
353,94
353,88
352,72
352,63
352,54
353,37
353,28
160
353,257
353,254
353,249
353,239
353,235
353,225
353,220
352,214
352,203
352,196
