time
511.77812196550803
hero_global_pos
37.82149887084961,130.55239868164062
road_id
90
is_junction
False
speed_limit
30.0
speed
13.75508883273908
traffic_light
None
translation_offset
3774.0216364860535,6239.1434092428535
angle
-269.18121337890625
hero_past_trajectory
353,529
353,529
353,529
353,528
353,527
353,525
353,521
353,517
352,513
352,508
actor_past_trajectory
119
352,405
352,401
352,399
353,393
353,390
353,386
353,377
352,372
352,363
352,355
147
352,119
353,105
353,99
352,83
352,74
352,65
352,48
353,39
353,23
353,10
160
352,260
353,250
353,246
353,236
353,231
352,225
352,214
352,207
352,196
353,187
