time
511.8650825550212
hero_global_pos
37.50544357299805,130.55691528320312
road_id
90
is_junction
False
speed_limit
30.0
speed
14.956584976808546
traffic_light
None
translation_offset
3768.0216364860535,6239.140583982691
angle
-269.1822967529297
hero_past_trajectory
353,535
353,535
353,534
353,533
353,531
353,527
353,523
352,519
352,514
352,508
actor_past_trajectory
119
352,407
352,405
352,399
353,396
353,392
353,383
352,378
352,369
352,361
352,351
147
353,111
353,105
352,89
352,80
352,71
352,54
353,45
353,29
353,16
353,2
160
353,256
353,252
353,242
353,237
352,231
352,220
352,213
352,202
352,193
353,184
