time
511.9625386787011
hero_global_pos
37.039215087890625,130.56358337402344
road_id
90
is_junction
False
speed_limit
30.0
speed
16.55438186309304
traffic_light
None
translation_offset
3761.021556019783,6239.1372945047915
angle
-269.1835479736328
hero_past_trajectory
352,542
352,541
352,540
352,538
353,534
353,530
352,526
352,521
352,515
352,509
actor_past_trajectory
119
352,412
352,406
352,403
352,399
353,390
352,385
352,376
352,368
352,358
352,351
147
353,112
352,96
352,87
352,78
352,61
352,52
353,36
353,23
353,9
353,0
160
352,259
353,249
353,244
352,238
352,227
352,220
352,209
352,200
352,191
353,183
