time
512.1433020984186
hero_global_pos
36.09135818481445,130.5771026611328
road_id
90
is_junction
False
speed_limit
30.0
speed
16.774698422980823
traffic_light
None
translation_offset
3746.0181317329407,6239.13584122248
angle
-269.1841278076172
hero_past_trajectory
352,555
352,553
352,549
352,545
351,541
352,536
352,530
352,524
352,517
352,508
actor_past_trajectory
119
352,418
352,414
352,405
351,400
352,391
352,383
352,373
352,366
352,357
352,350
147
352,102
352,93
352,76
352,67
352,51
353,38
353,24
353,14
353,0
353,-9
150
97,-45
97,-45
97,-45
97,-45
97,-45
97,-45
97,-45
97,-45
97,-45
97,-45
160
352,259
352,253
352,242
352,235
352,224
352,215
352,206
352,198
351,187
352,180
