time
512.3004003581955
hero_global_pos
35.46695327758789,130.58599853515625
road_id
90
is_junction
False
speed_limit
30.0
speed
16.150263783375877
traffic_light
None
translation_offset
3736.0154316425323,6239.139062946662
angle
-269.1829071044922
hero_past_trajectory
352,563
352,559
352,555
351,551
351,546
351,540
352,534
352,527
352,518
352,512
actor_past_trajectory
119
352,424
352,415
351,410
351,401
352,393
352,383
352,376
352,367
352,360
352,350
147
352,103
352,86
352,77
352,61
352,48
353,34
353,24
353,10
353,0
353,-15
150
97,-35
97,-35
97,-35
97,-35
97,-35
97,-35
97,-35
97,-35
97,-35
97,-35
160
351,263
352,252
352,245
352,234
352,225
352,216
352,208
351,197
351,190
352,177
