time
512.4697019984378
hero_global_pos
34.69334411621094,130.59703063964844
road_id
90
is_junction
False
speed_limit
30.0
speed
17.321575482707136
traffic_light
None
translation_offset
3724.0153958797455,6239.137489663437
angle
-269.1835174560547
hero_past_trajectory
352,567
351,563
351,558
351,552
351,546
351,539
352,530
352,524
352,514
352,509
actor_past_trajectory
119
351,422
351,413
351,405
352,395
352,388
352,379
352,372
352,362
351,351
351,345
147
352,89
352,73
352,60
352,46
353,36
353,22
353,12
353,-3
354,-21
355,-31
150
96,-23
96,-23
96,-23
96,-23
96,-23
96,-23
96,-23
96,-23
96,-23
96,-23
160
351,257
352,246
352,237
352,228
352,220
351,209
351,202
351,189
352,174
352,167
