time
512.547015177588
hero_global_pos
34.32962417602539,130.6022491455078
road_id
90
is_junction
False
speed_limit
30.0
speed
17.849426456805176
traffic_light
None
translation_offset
3718.01560151577,6239.136485371739
angle
-269.18389892578125
hero_past_trajectory
351,569
351,564
351,558
351,552
351,545
352,536
352,530
352,520
352,515
352,508
actor_past_trajectory
119
351,419
351,411
351,401
352,394
352,385
352,378
352,368
351,357
351,351
351,343
147
352,79
352,66
352,52
353,42
353,28
353,18
353,2
354,-15
355,-25
355,-37
150
96,-17
96,-17
96,-17
96,-17
96,-17
96,-17
96,-17
96,-17
96,-17
96,-17
160
352,252
352,243
352,234
352,226
351,215
351,208
351,195
352,180
352,173
352,163
