time
512.8856623457177
hero_global_pos
32.66934585571289,130.6259002685547
road_id
90
is_junction
False
speed_limit
30.0
speed
18.03624078187809
traffic_light
None
translation_offset
3691.0153243541718,6240.137383352965
angle
-269.1835479736328
hero_past_trajectory
352,579
352,572
352,563
352,557
352,547
352,542
353,535
353,529
352,516
352,509
actor_past_trajectory
119
352,421
352,412
352,405
353,395
352,384
352,378
352,370
352,363
352,353
352,339
150
97,9
97,9
97,9
97,9
97,9
97,9
97,9
97,9
97,9
97,9
160
353,253
352,242
352,235
352,222
352,207
352,200
352,190
353,182
352,167
352,154
