time
513.1796369818403
hero_global_pos
31.147735595703125,130.64759826660156
road_id
90
is_junction
False
speed_limit
30.0
speed
18.544497938866115
traffic_light
None
translation_offset
3667.015413761139,6240.1374178584665
angle
-269.18353271484375
hero_past_trajectory
352,581
352,571
352,566
352,559
352,553
351,540
352,533
352,526
352,520
352,509
actor_past_trajectory
119
352,419
351,408
351,402
352,394
352,387
352,377
352,363
352,355
352,347
351,335
150
97,33
97,33
97,33
97,33
97,33
97,33
97,33
97,33
97,33
97,33
160
352,246
352,231
352,224
352,214
352,206
351,191
352,178
352,170
352,161
352,147
