time
513.586439429353
hero_global_pos
28.943748474121094,130.67904663085938
road_id
90
is_junction
False
speed_limit
30.0
speed
19.59093674138146
traffic_light
None
translation_offset
3632.015476346016,6241.13727382943
angle
-269.18359375
hero_past_trajectory
353,588
352,575
352,568
352,561
352,555
352,544
353,537
353,526
353,519
352,510
actor_past_trajectory
119
352,422
352,412
352,398
353,390
353,382
352,370
352,362
352,353
352,342
352,331
150
97,68
97,68
97,68
97,68
97,68
97,68
97,68
97,68
97,68
97,68
160
353,241
352,226
352,213
352,205
352,196
353,182
353,173
353,163
353,151
353,139
