time
513.6426140466137
hero_global_pos
28.531478881835938,130.68490600585938
road_id
90
is_junction
False
speed_limit
30.0
speed
19.363159936018352
traffic_light
None
translation_offset
3625.015279650688,6241.138743037358
angle
-269.1830291748047
hero_past_trajectory
352,582
352,575
352,568
352,562
352,551
352,544
353,533
353,526
352,517
352,509
actor_past_trajectory
119
352,419
352,405
352,397
353,389
352,377
352,369
352,360
352,349
352,338
352,330
150
97,75
97,75
97,75
97,75
97,75
97,75
97,75
97,75
97,75
97,75
160
352,233
352,220
352,212
352,203
352,189
353,180
353,170
353,158
353,146
353,136
184
562,-48
562,-48
562,-48
562,-48
562,-48
562,-48
562,-48
562,-48
562,-48
562,-48
