time
513.9821125665112
hero_global_pos
26.758602142333984,130.710205078125
road_id
90
is_junction
False
speed_limit
30.0
speed
19.787668417917654
traffic_light
None
translation_offset
3597.015315413475,6241.1383851300925
angle
-269.18316650390625
hero_past_trajectory
352,590
352,579
352,572
352,561
352,554
351,545
352,537
352,530
352,522
352,509
actor_past_trajectory
119
352,417
351,405
351,397
352,388
352,377
352,366
352,358
352,351
352,342
351,331
150
97,103
97,103
97,103
97,103
97,103
97,103
97,103
97,103
97,103
97,103
160
352,231
352,217
352,208
352,198
353,186
353,174
353,164
353,156
353,146
353,134
184
561,-20
561,-20
561,-20
561,-20
561,-20
561,-20
561,-20
561,-20
561,-20
561,-20
