time
514.1997251385255
hero_global_pos
25.57815933227539,130.72705078125
road_id
90
is_junction
False
speed_limit
30.0
speed
19.909794627196153
traffic_light
None
translation_offset
3578.0152617692947,6241.139744954184
angle
-269.1826477050781
hero_past_trajectory
352,591
352,580
352,573
351,564
351,556
351,549
351,541
352,528
352,521
352,512
actor_past_trajectory
119
351,416
351,407
352,396
352,385
352,377
352,370
352,361
351,350
351,340
351,333
150
96,122
96,122
96,122
96,122
96,122
96,122
96,122
96,122
96,122
96,122
160
352,227
352,217
352,205
352,193
353,183
353,175
353,165
353,153
353,142
354,134
184
561,-1
561,-1
561,-1
561,-1
561,-1
561,-1
561,-1
561,-1
561,-1
561,-1
