time
514.4220047560884
hero_global_pos
24.342863082885742,130.7446746826172
road_id
90
is_junction
False
speed_limit
30.0
speed
19.776330757958654
traffic_light
None
translation_offset
3558.0152707099915,6242.1394229494035
angle
-269.1827697753906
hero_past_trajectory
353,593
352,584
352,576
352,569
352,561
352,548
352,541
353,532
353,522
352,514
actor_past_trajectory
119
352,416
352,405
352,397
353,390
353,381
352,370
352,360
352,353
351,340
351,332
122
562,-37
562,-37
562,-37
562,-37
562,-37
562,-37
562,-37
562,-37
562,-37
562,-37
150
97,142
97,142
97,142
97,142
97,142
97,142
97,142
97,142
97,142
97,142
160
353,225
353,213
353,203
353,195
354,185
354,173
354,162
355,154
355,140
355,131
184
562,18
562,18
562,18
562,18
562,18
562,18
562,18
562,18
562,18
562,18
