time
514.7100007911577
hero_global_pos
22.628297805786133,130.7691192626953
road_id
90
is_junction
False
speed_limit
30.0
speed
20.351594131125555
traffic_light
None
translation_offset
3532.015288591385,6242.138564083725
angle
-269.18310546875
hero_past_trajectory
352,595
352,587
352,574
352,567
352,558
352,548
351,540
352,528
352,520
352,513
actor_past_trajectory
119
352,416
352,407
352,396
352,386
352,379
351,366
351,358
351,347
350,339
350,331
122
561,-11
561,-11
561,-11
561,-11
561,-11
561,-11
561,-11
561,-11
561,-11
561,-11
150
97,168
97,168
97,168
97,168
97,168
97,168
97,168
97,168
97,168
97,168
160
353,221
353,211
353,199
353,188
355,180
355,166
355,157
355,144
356,135
356,128
184
562,44
562,44
562,44
562,44
562,44
562,44
562,44
562,44
562,44
562,44
