time
515.2197221094175
hero_global_pos
19.91960334777832,130.80775451660156
road_id
90
is_junction
False
speed_limit
30.0
speed
19.825818291639443
traffic_light
Green
translation_offset
3487.0152707099915,6243.140102442354
angle
-269.18251037597656
hero_past_trajectory
353,593
352,585
352,573
352,565
352,558
352,545
352,538
353,532
352,520
352,514
actor_past_trajectory
119
351,411
351,403
352,392
351,384
351,376
350,365
349,357
348,349
347,338
346,332
122
562,33
562,33
562,33
562,33
562,33
562,33
562,33
562,33
562,33
562,33
150
97,213
97,213
97,213
97,213
97,213
97,213
97,213
97,213
97,213
97,213
160
355,211
355,202
355,189
357,180
357,173
357,161
357,151
357,143
358,131
358,125
184
562,89
562,89
562,89
562,89
562,89
562,89
562,89
562,89
562,89
562,89
