time
515.294631863515
hero_global_pos
19.494966506958008,130.81381225585938
road_id
90
is_junction
False
speed_limit
30.0
speed
19.779539129190375
traffic_light
Green
translation_offset
3480.015279650688,6243.1403884049505
angle
-269.1824035644531
hero_past_trajectory
352,592
352,580
352,572
352,565
352,552
352,545
352,539
352,527
352,521
352,509
actor_past_trajectory
119
351,410
351,399
351,391
351,383
350,372
349,364
348,356
347,345
346,339
345,327
122
562,40
562,40
562,40
562,40
562,40
562,40
562,40
562,40
562,40
562,40
150
97,220
97,220
97,220
97,220
97,220
97,220
97,220
97,220
97,220
97,220
160
355,209
355,196
356,187
357,180
357,168
357,158
357,150
358,138
358,132
358,119
184
562,96
562,96
562,96
562,96
562,96
562,96
562,96
562,96
562,96
562,96
