time
515.4155311589493
hero_global_pos
18.80457305908203,130.8236541748047
road_id
90
is_junction
False
speed_limit
30.0
speed
20.27621271378215
traffic_light
Green
translation_offset
3469.0152707099915,6243.139530237764
angle
-269.1827392578125
hero_past_trajectory
352,591
352,583
352,576
352,563
352,556
352,550
351,538
352,532
352,520
352,513
actor_past_trajectory
119
351,410
350,402
351,394
350,383
349,375
348,367
347,356
346,350
345,338
343,331
122
561,51
561,51
561,51
561,51
561,51
561,51
561,51
561,51
561,51
561,51
150
97,231
97,231
97,231
97,231
97,231
97,231
97,231
97,231
97,231
97,231
160
355,207
356,198
356,191
357,179
357,169
357,161
358,149
358,143
358,130
358,123
184
562,107
562,107
562,107
562,107
562,107
562,107
562,107
562,107
562,107
562,107
