time
515.4674501126065
hero_global_pos
18.319177627563477,130.83058166503906
road_id
90
is_junction
False
speed_limit
30.0
speed
20.068588119864653
traffic_light
Green
translation_offset
3462.0152707099915,6243.139279758558
angle
-269.1828308105469
hero_past_trajectory
352,590
352,583
352,570
352,563
352,557
351,545
351,539
352,527
352,520
352,509
actor_past_trajectory
119
350,409
350,401
350,390
349,382
348,374
347,363
346,357
345,345
343,338
342,327
122
561,58
561,58
561,58
561,58
561,58
561,58
561,58
561,58
561,58
561,58
150
97,238
97,238
97,238
97,238
97,238
97,238
97,238
97,238
97,238
97,238
160
356,205
356,198
357,186
357,176
357,168
358,156
358,150
358,137
358,130
358,118
184
562,114
562,114
562,114
562,114
562,114
562,114
562,114
562,114
562,114
562,114
