time
515.6113429428442
hero_global_pos
17.71469497680664,130.83921813964844
road_id
90
is_junction
False
speed_limit
30.0
speed
19.852155284594343
traffic_light
Green
translation_offset
3452.0152707099915,6243.14003091678
angle
-269.1825408935547
hero_past_trajectory
352,593
352,580
352,573
352,567
351,555
351,549
352,537
352,530
352,519
352,512
actor_past_trajectory
119
350,411
349,400
349,392
348,384
347,373
346,367
345,355
343,348
342,337
340,329
122
561,68
561,68
561,68
561,68
561,68
561,68
561,68
561,68
561,68
561,68
150
97,248
97,248
97,248
97,248
97,248
97,248
97,248
97,248
97,248
97,248
160
356,208
356,196
357,186
357,178
358,166
358,160
358,147
358,140
358,128
358,120
184
561,124
561,124
561,124
561,124
561,124
561,124
561,124
561,124
561,124
561,124
