time
515.723070063199
hero_global_pos
17.108198165893555,130.84786987304688
road_id
90
is_junction
False
speed_limit
30.0
speed
20.060951521571845
traffic_light
Green
translation_offset
3442.0152617692947,6243.139816479757
angle
-269.1826171875
hero_past_trajectory
352,590
352,583
352,577
351,565
351,559
351,547
351,540
352,529
352,522
352,512
actor_past_trajectory
119
349,410
348,402
348,394
347,383
346,377
345,365
343,358
342,347
340,339
338,330
122
561,78
561,78
561,78
561,78
561,78
561,78
561,78
561,78
561,78
561,78
150
96,258
96,258
96,258
96,258
96,258
96,258
96,258
96,258
96,258
96,258
160
356,206
356,196
356,188
358,176
358,170
358,157
358,150
358,138
358,130
358,119
184
561,134
561,134
561,134
561,134
561,134
561,134
561,134
561,134
561,134
561,134
