time
515.8154214644237
hero_global_pos
16.593151092529297,130.85113525390625
road_id
90
is_junction
False
speed_limit
30.0
speed
20.457791252548528
traffic_light
Green
translation_offset
3434.0109523534775,6242.81061248295
angle
-269.3083801269531
hero_past_trajectory
352,591
352,585
351,573
351,567
351,555
351,548
352,537
352,530
352,520
352,508
actor_past_trajectory
119
348,410
347,402
346,391
345,385
345,373
343,366
342,355
340,347
338,338
336,328
122
560,85
560,85
560,85
560,85
560,85
560,85
560,85
560,85
560,85
560,85
150
96,267
96,267
96,267
96,267
96,267
96,267
96,267
96,267
96,267
96,267
160
356,204
356,196
357,184
357,178
357,165
357,158
357,146
357,138
358,127
358,117
184
560,141
560,141
560,141
560,141
560,141
560,141
560,141
560,141
560,141
560,141
