time
515.9757912909045
hero_global_pos
15.719462394714355,130.8490753173828
road_id
90
is_junction
False
speed_limit
30.0
speed
20.093826304959848
traffic_light
Green
translation_offset
3420.0016182661057,6241.695355981588
angle
-269.73439025878906
hero_past_trajectory
352,587
352,581
352,569
352,562
352,551
352,544
352,534
352,522
352,516
352,506
actor_past_trajectory
119
345,405
344,399
344,387
342,380
341,369
339,361
337,352
335,342
334,334
331,324
122
557,98
557,98
557,98
557,98
557,98
557,98
557,98
557,98
557,98
557,98
150
94,283
94,283
94,283
94,283
94,283
94,283
94,283
94,283
94,283
94,283
160
354,198
354,192
354,179
355,172
355,160
355,152
355,141
355,131
355,123
355,112
184
558,154
558,154
558,154
558,154
558,154
558,154
558,154
558,154
558,154
558,154
