time
516.2418175344719
hero_global_pos
14.229451179504395,130.77182006835938
road_id
90
is_junction
False
speed_limit
30.0
speed
20.358506340602247
traffic_light
Green
translation_offset
3396.112125277519,6234.201235100627
angle
87.78448486328125
hero_past_trajectory
355,593
354,586
354,575
354,568
353,558
353,546
352,540
352,530
352,520
351,512
actor_past_trajectory
119
338,411
336,405
335,394
332,386
330,377
328,367
326,359
323,349
322,345
317,332
122
539,113
539,113
539,113
539,113
539,113
539,113
539,113
539,113
539,113
539,113
133
273,-29
273,-29
273,-29
273,-29
273,-29
273,-29
273,-29
273,-29
273,-29
273,-29
136
834,100
827,100
816,101
809,101
799,101
789,102
781,102
771,103
767,103
753,104
150
85,318
85,318
85,318
85,318
85,318
85,318
85,318
85,318
85,318
85,318
160
340,203
340,196
340,184
339,176
339,165
339,155
338,147
338,136
338,132
337,118
184
542,169
542,169
542,169
542,169
542,169
542,169
542,169
542,169
542,169
542,169
