time
516.3533945349409
hero_global_pos
13.568338394165039,130.70144653320312
road_id
127
is_junction
True
speed_limit
30.0
speed
20.667745790502778
traffic_light
Green
translation_offset
3386.3294199705124,6229.0651682168245
angle
86.202392578125
hero_past_trajectory
356,596
356,585
355,578
354,568
354,556
353,550
353,540
352,530
351,522
352,512
actor_past_trajectory
119
333,415
331,404
329,396
326,387
324,378
322,370
319,360
317,356
312,343
309,333
122
528,119
528,119
528,119
528,119
528,119
528,119
528,119
528,119
528,119
528,119
133
258,-17
258,-17
258,-17
258,-17
258,-17
258,-17
258,-17
258,-17
258,-17
258,-17
136
815,97
804,98
797,99
787,99
777,100
769,100
759,101
755,101
741,103
731,104
150
79,336
79,336
79,336
79,336
79,336
79,336
79,336
79,336
79,336
79,336
160
331,207
331,195
330,187
329,176
329,166
328,158
327,147
327,143
326,129
325,117
184
533,174
533,174
533,174
533,174
533,174
533,174
533,174
533,174
533,174
533,174
