time
171.07368454294192
hero_global_pos
234.12132263183594,41.00938034057617
road_id
75
is_junction
False
speed_limit
30.0
speed
0.0016493592749148966
traffic_light
Red
translation_offset
7060.355462446809,4953.955716729164
angle
-181.39225006103516
hero_past_trajectory
352,502
352,502
352,502
352,502
352,502
352,502
352,502
352,502
352,502
352,502
actor_past_trajectory
133
184,433
184,444
184,453
184,460
184,472
184,479
184,487
184,499
184,508
184,515
152
351,717
351,717
351,717
351,717
351,717
351,717
351,717
351,717
351,717
351,717
163
352,613
352,613
352,613
352,613
352,613
352,613
352,613
352,613
352,613
352,613
174
405,832
406,820
406,811
406,803
407,789
407,782
407,774
407,762
407,753
407,745
182
184,613
184,624
184,632
183,639
184,653
184,660
184,667
183,678
183,688
184,696
187
184,180
183,191
184,199
184,207
184,220
183,227
183,235
184,246
184,255
184,263
