time
516.4490189240678
hero_global_pos
13.021833419799805,130.61032104492188
road_id
127
is_junction
True
speed_limit
30.0
speed
20.82293159385334
traffic_light
Green
translation_offset
3377.7772237062454,6222.750549867749
angle
84.16505432128906
hero_past_trajectory
358,594
358,587
357,577
355,565
355,559
354,549
353,539
352,531
352,521
352,511
actor_past_trajectory
119
328,414
325,406
322,397
319,388
317,380
313,370
312,366
307,354
303,344
299,335
122
514,122
514,122
514,122
514,122
514,122
514,122
514,122
514,122
514,122
514,122
133
240,-4
240,-4
240,-4
240,-4
240,-4
240,-4
240,-4
240,-4
240,-4
240,-4
136
790,91
783,92
773,93
763,94
755,95
745,96
741,96
727,99
717,100
707,101
150
74,355
74,355
74,355
74,355
74,355
74,355
74,355
74,355
74,355
74,355
160
320,205
319,197
318,186
317,176
316,168
315,157
314,153
313,139
312,127
311,117
184
521,177
521,177
521,177
521,177
521,177
521,177
521,177
521,177
521,177
521,177
