time
516.6555714575006
hero_global_pos
11.88821029663086,130.33963012695312
road_id
127
is_junction
True
speed_limit
30.0
speed
20.710433472555152
traffic_light
Green
translation_offset
3361.6427894830704,6204.966930478811
angle
79.22882080078125
hero_past_trajectory
362,595
359,583
358,577
356,567
354,558
353,550
352,540
351,530
350,521
351,511
actor_past_trajectory
119
312,419
308,410
305,402
301,393
299,389
293,377
288,368
283,358
278,351
273,344
122
479,128
479,128
479,128
479,128
479,128
479,128
479,128
479,128
479,128
479,128
133
195,25
195,25
195,25
195,25
195,25
195,25
195,25
195,25
195,25
195,25
136
734,77
724,79
717,80
707,82
703,83
689,87
679,89
670,90
661,92
653,94
150
60,398
60,398
60,398
60,398
60,398
60,398
60,398
60,398
60,398
60,398
160
289,209
287,199
286,191
284,180
283,176
280,162
278,151
276,141
274,132
273,122
184
491,182
491,182
491,182
491,182
491,182
491,182
491,182
491,182
491,182
491,182
