time
516.739145860578
hero_global_pos
11.43546199798584,130.19021606445312
road_id
127
is_junction
True
speed_limit
30.0
speed
20.667454617421544
traffic_light
Green
translation_offset
3354.975248336792,6196.695934742689
angle
76.77981567382812
hero_past_trajectory
363,591
361,585
359,575
357,566
355,558
354,548
352,538
351,529
351,520
352,510
actor_past_trajectory
119
304,420
301,412
296,403
294,400
287,388
282,379
277,370
272,363
266,356
261,348
122
463,131
463,131
463,131
463,131
463,131
463,131
463,131
463,131
463,131
463,131
133
175,40
175,40
175,40
175,40
175,40
175,40
175,40
175,40
175,40
175,40
136
706,72
698,73
688,76
685,77
671,81
661,83
652,85
643,87
635,89
626,91
150
56,418
56,418
56,418
56,418
56,418
56,418
56,418
56,418
56,418
56,418
160
274,210
272,202
270,192
269,188
266,174
263,162
261,153
259,144
256,134
254,124
184
477,185
477,185
477,185
477,185
477,185
477,185
477,185
477,185
477,185
477,185
