time
516.7929396373584
hero_global_pos
10.952503204345703,130.0060577392578
road_id
127
is_junction
True
speed_limit
30.0
speed
20.471311143179967
traffic_light
Green
translation_offset
3349.720293521881,6186.971366286278
angle
74.12591552734375
hero_past_trajectory
364,592
361,583
359,573
356,565
355,555
353,545
351,536
351,527
351,518
351,510
actor_past_trajectory
119
296,422
290,413
288,410
281,398
275,390
270,381
265,374
259,367
253,360
248,354
122
445,134
445,134
445,134
445,134
445,134
445,134
445,134
445,134
445,134
445,134
127
120,-42
120,-42
120,-42
120,-42
120,-42
120,-42
120,-42
120,-42
120,-42
120,-42
133
153,57
153,57
153,57
153,57
153,57
153,57
153,57
153,57
153,57
153,57
136
677,65
667,68
664,69
650,74
641,77
631,80
622,82
615,84
606,87
600,88
147
206,40
202,31
201,27
198,14
195,4
192,-5
189,-13
186,-22
184,-30
182,-38
150
52,440
52,440
52,440
52,440
52,440
52,440
52,440
52,440
52,440
52,440
160
258,214
255,203
253,199
250,186
246,174
244,165
241,156
238,147
236,137
234,130
184
461,187
461,187
461,187
461,187
461,187
461,187
461,187
461,187
461,187
461,187
