time
516.9370679916246
hero_global_pos
10.4042329788208,129.7450408935547
road_id
127
is_junction
True
speed_limit
30.0
speed
20.32311030131558
traffic_light
None
translation_offset
3343.7291330099106,6173.576915800571
angle
70.35725402832031
hero_past_trajectory
366,592
363,582
360,575
357,565
355,555
353,546
352,537
352,528
351,519
351,512
actor_past_trajectory
119
284,428
282,424
274,413
267,405
261,396
256,390
249,384
243,376
237,371
231,366
122
420,138
420,138
420,138
420,138
420,138
420,138
420,138
420,138
420,138
420,138
127
84,-16
84,-16
84,-16
84,-16
84,-16
84,-16
84,-16
84,-16
84,-16
84,-16
133
123,80
123,80
123,80
123,80
123,80
123,80
123,80
123,80
123,80
123,80
136
637,58
634,60
621,65
611,69
602,72
594,75
586,78
577,81
572,83
566,85
147
171,52
170,48
165,35
162,25
158,16
154,8
151,0
148,-8
146,-16
143,-23
150
47,470
47,470
47,470
47,470
47,470
47,470
47,470
47,470
47,470
47,470
160
234,220
233,216
228,203
224,192
221,182
218,174
215,165
211,155
209,149
205,140
184
439,191
439,191
439,191
439,191
439,191
439,191
439,191
439,191
439,191
439,191
