time
517.2712143683239
hero_global_pos
8.841207504272461,128.68544006347656
road_id
127
is_junction
True
speed_limit
30.0
speed
21.348238762295818
traffic_light
None
translation_offset
3333.14749956131,6126.947272539139
angle
57.74522399902344
hero_past_trajectory
370,592
365,583
362,575
358,567
356,557
354,549
352,542
351,532
351,521
352,509
actor_past_trajectory
119
247,456
239,449
232,444
225,439
218,433
210,429
203,426
195,421
186,417
176,414
122
337,162
337,162
337,162
337,162
337,162
337,162
337,162
337,162
337,162
337,162
127
-23,84
-23,84
-23,84
-23,84
-23,84
-23,84
-23,84
-23,84
-23,84
-23,84
133
35,171
35,171
35,171
35,171
35,171
35,171
35,171
35,171
35,171
35,171
136
509,53
501,58
493,63
487,67
479,72
474,75
469,78
463,82
458,85
453,88
147
61,109
56,100
50,93
45,85
41,78
36,71
32,64
26,56
21,49
16,40
150
47,567
47,567
47,567
47,567
47,567
47,567
47,567
47,567
47,567
47,567
160
159,257
153,249
149,241
143,233
138,224
134,219
128,211
124,204
119,196
113,187
184
368,209
368,209
368,209
368,209
368,209
368,209
368,209
368,209
368,209
368,209
