time
517.3572409064873
hero_global_pos
8.387077331542969,128.2655792236328
road_id
127
is_junction
True
speed_limit
30.0
speed
21.26997091302879
traffic_light
None
translation_offset
3332.383134841919,6110.828459262848
angle
53.52464294433594
hero_past_trajectory
370,592
365,584
362,576
359,567
356,559
354,552
352,542
351,530
351,519
351,512
actor_past_trajectory
119
234,467
227,463
219,458
211,453
204,450
197,447
188,443
179,440
169,437
158,435
122
311,174
311,174
311,174
311,174
311,174
311,174
311,174
311,174
311,174
311,174
133
10,205
10,205
10,205
10,205
10,205
10,205
10,205
10,205
10,205
10,205
136
466,58
459,63
453,68
446,73
441,77
436,81
430,85
425,88
421,92
417,94
147
26,133
19,126
14,119
9,112
4,105
0,99
-7,91
-12,84
-18,76
-24,67
150
51,599
51,599
51,599
51,599
51,599
51,599
51,599
51,599
51,599
51,599
160
134,274
128,267
122,259
117,251
112,245
106,239
101,231
96,224
89,215
82,206
184
345,219
345,219
345,219
345,219
345,219
345,219
345,219
345,219
345,219
345,219
