time
171.2299354705392
hero_global_pos
234.12132263183594,41.00938034057617
road_id
75
is_junction
False
speed_limit
30.0
speed
0.006601190917731637
traffic_light
Red
translation_offset
7060.355462446809,4953.955716729164
angle
-181.39225006103516
hero_past_trajectory
352,502
352,502
352,502
352,502
352,502
352,502
352,502
352,502
352,502
352,502
actor_past_trajectory
133
184,444
184,453
184,460
184,472
184,479
184,487
184,499
184,508
184,515
184,523
152
351,717
351,717
351,717
351,717
351,717
351,717
351,717
351,717
351,717
351,717
163
352,613
352,613
352,613
352,613
352,613
352,613
352,613
352,613
352,613
352,613
174
406,820
406,811
406,803
407,789
407,782
407,774
407,762
407,753
407,745
408,737
182
184,624
184,632
183,639
184,653
184,660
184,667
183,678
183,688
184,696
184,703
187
183,191
184,199
184,207
184,220
183,227
183,235
184,246
184,255
184,263
183,271
