time
517.4567813878311
hero_global_pos
7.899999141693115,127.73680114746094
road_id
127
is_junction
True
speed_limit
30.0
speed
21.30248841595088
traffic_light
None
translation_offset
3332.598070502281,6092.673338770866
angle
48.53379821777344
hero_past_trajectory
372,594
367,586
364,577
360,570
357,563
355,553
352,542
352,530
351,523
351,513
actor_past_trajectory
119
223,485
215,482
207,477
199,474
192,472
183,469
174,466
163,465
152,463
143,463
122
282,190
282,190
282,190
282,190
282,190
282,190
282,190
282,190
282,190
282,190
133
-14,247
-14,247
-14,247
-14,247
-14,247
-14,247
-14,247
-14,247
-14,247
-14,247
136
420,67
414,72
407,78
403,82
398,86
393,91
388,95
384,99
381,101
378,104
150
60,636
60,636
60,636
60,636
60,636
60,636
60,636
60,636
60,636
60,636
160
108,298
101,291
95,284
90,278
84,272
78,265
72,259
64,250
57,242
50,235
184
320,232
320,232
320,232
320,232
320,232
320,232
320,232
320,232
320,232
320,232
