time
517.9506812137915
hero_global_pos
6.442492961883545,125.34850311279297
road_id
127
is_junction
True
speed_limit
30.0
speed
20.61459292921326
traffic_light
None
translation_offset
3345.6220856904984,6023.315542817116
angle
30.166900634765625
hero_past_trajectory
372,596
366,585
362,575
359,568
356,559
353,548
352,540
351,528
351,521
351,511
actor_past_trajectory
119
182,570
173,570
162,572
152,574
142,577
132,580
126,583
115,587
108,591
99,597
122
188,274
188,274
188,274
188,274
188,274
188,274
188,274
188,274
188,274
188,274
136
262,145
259,150
256,155
254,158
252,162
250,165
249,167
249,168
249,168
249,168
184
237,301
237,301
237,301
237,301
237,301
237,301
237,301
237,301
237,301
237,301
