time
518.1835810472621
hero_global_pos
6.100819110870361,124.34954833984375
road_id
127
is_junction
True
speed_limit
30.0
speed
20.43298230261053
traffic_light
None
translation_offset
3356.4424116015434,5999.330946326256
angle
23.393997192382812
hero_past_trajectory
369,590
365,584
361,575
357,564
355,557
352,545
352,538
351,528
350,519
351,510
actor_past_trajectory
119
170,611
160,614
151,618
141,622
135,626
125,631
118,636
110,643
104,647
97,653
122
161,311
161,311
161,311
161,311
161,311
161,311
161,311
161,311
161,311
161,311
136
214,185
213,189
211,193
210,196
209,198
208,199
208,199
208,199
208,199
208,199
184
213,333
213,333
213,333
213,333
213,333
213,333
213,333
213,333
213,333
213,333
