time
518.4793095053537
hero_global_pos
5.742438316345215,122.65206146240234
road_id
160
is_junction
True
speed_limit
30.0
speed
21.21151792988716
traffic_light
None
translation_offset
3373.618955016136,5964.478797316551
angle
14.036521911621094
hero_past_trajectory
366,590
363,583
358,572
357,565
354,555
352,546
351,538
351,527
351,518
351,509
actor_past_trajectory
119
163,682
157,687
149,693
143,700
136,708
130,713
124,720
119,727
113,737
108,744
122
132,373
132,373
132,373
132,373
132,373
132,373
132,373
132,373
132,373
132,373
136
161,251
161,253
160,254
160,254
160,254
160,254
160,254
160,254
160,254
160,254
184
186,385
186,385
186,385
186,385
186,385
186,385
186,385
186,385
186,385
186,385
