time
518.5346571267946
hero_global_pos
5.6391730308532715,121.8697738647461
road_id
33
is_junction
False
speed_limit
30.0
speed
21.226608500373963
traffic_light
None
translation_offset
3378.576722383499,5954.117647767067
angle
11.7020263671875
hero_past_trajectory
365,592
360,580
359,574
355,564
353,555
352,547
351,537
351,527
351,518
351,511
actor_past_trajectory
122
126,391
126,391
126,391
126,391
126,391
126,391
126,391
126,391
126,391
126,391
136
150,270
150,271
150,271
150,271
150,271
150,271
150,271
150,271
150,271
150,271
184
181,401
181,401
181,401
181,401
181,401
181,401
181,401
181,401
181,401
181,401
