time
518.8925332823201
hero_global_pos
5.502314567565918,120.2350082397461
road_id
33
is_junction
False
speed_limit
30.0
speed
20.985771416864683
traffic_light
None
translation_offset
3390.2593379318714,5922.828194618225
angle
6.023582458496094
hero_past_trajectory
362,593
358,584
356,576
354,566
353,556
352,547
352,540
352,528
352,521
352,509
actor_past_trajectory
122
116,443
116,443
116,443
116,443
116,443
116,443
116,443
116,443
116,443
116,443
136
128,321
128,321
128,321
128,321
128,321
128,321
128,321
128,321
128,321
128,321
184
172,448
172,448
172,448
172,448
172,448
172,448
172,448
172,448
172,448
172,448
