time
519.0085293879165
hero_global_pos
5.46909761428833,119.56642150878906
road_id
33
is_junction
False
speed_limit
30.0
speed
20.83318360284717
traffic_light
None
translation_offset
3393.8917798399925,5911.489512085915
angle
4.630035400390625
hero_past_trajectory
360,595
357,587
355,576
354,567
352,558
352,551
352,539
352,532
352,520
351,513
actor_past_trajectory
122
114,460
114,460
114,460
114,460
114,460
114,460
114,460
114,460
114,460
114,460
136
122,338
122,338
122,338
122,338
122,338
122,338
122,338
122,338
122,338
122,338
184
170,463
170,463
170,463
170,463
170,463
170,463
170,463
170,463
170,463
170,463
