time
519.2929544379367
hero_global_pos
5.416789531707764,117.952392578125
road_id
33
is_junction
False
speed_limit
30.0
speed
20.43196854685903
traffic_light
None
translation_offset
3398.5717614367604,5885.137838721275
angle
2.4561614990234375
hero_past_trajectory
356,593
354,584
354,577
353,565
353,558
352,546
351,539
352,528
352,519
352,511
actor_past_trajectory
122
112,495
112,495
112,495
112,495
112,495
112,495
112,495
112,495
112,495
112,495
136
116,373
116,373
116,373
116,373
116,373
116,373
116,373
116,373
116,373
116,373
184
168,496
168,496
168,496
168,496
168,496
168,496
168,496
168,496
168,496
168,496
