time
519.5963526298656
hero_global_pos
5.389379024505615,116.24445343017578
road_id
33
is_junction
False
speed_limit
30.0
speed
20.017202111871207
traffic_light
None
translation_offset
3401.7618718743324,5858.034993886948
angle
1.236968994140625
hero_past_trajectory
354,592
353,585
352,573
352,566
352,555
352,546
351,538
351,529
352,522
352,510
actor_past_trajectory
122
111,527
111,527
111,527
111,527
111,527
111,527
111,527
111,527
111,527
111,527
136
113,405
113,405
113,405
113,405
113,405
113,405
113,405
113,405
113,405
113,405
184
167,527
167,527
167,527
167,527
167,527
167,527
167,527
167,527
167,527
167,527
