time
520.0986510315342
hero_global_pos
5.367225170135498,113.39897155761719
road_id
33
is_junction
False
speed_limit
30.0
speed
20.571123920132063
traffic_light
None
translation_offset
3402.7767411395907,5812.005024671555
angle
0.467254638671875
hero_past_trajectory
353,592
352,584
352,575
352,568
353,556
353,548
353,538
352,530
352,523
352,512
actor_past_trajectory
122
112,576
112,576
112,576
112,576
112,576
112,576
112,576
112,576
112,576
112,576
136
112,454
112,454
112,454
112,454
112,454
112,454
112,454
112,454
112,454
112,454
184
168,576
168,576
168,576
168,576
168,576
168,576
168,576
168,576
168,576
168,576
