time
520.2246964523001
hero_global_pos
5.363068580627441,112.68915557861328
road_id
33
is_junction
False
speed_limit
30.0
speed
20.50735249972586
traffic_light
None
translation_offset
3402.939814628102,5801.003764033318
angle
0.40496826171875
hero_past_trajectory
352,595
352,586
352,579
353,567
353,559
353,549
352,541
352,534
352,523
352,513
actor_past_trajectory
122
112,587
112,587
112,587
112,587
112,587
112,587
112,587
112,587
112,587
112,587
136
112,465
112,465
112,465
112,465
112,465
112,465
112,465
112,465
112,465
112,465
184
168,587
168,587
168,587
168,587
168,587
168,587
168,587
168,587
168,587
168,587
