time
520.43418354405
hero_global_pos
5.356875419616699,111.51347351074219
road_id
33
is_junction
False
speed_limit
30.0
speed
20.307473962084583
traffic_light
None
translation_offset
3403.1148696281016,5782.002610683441
angle
0.33809661865234375
hero_past_trajectory
352,598
353,586
353,578
353,568
352,560
352,553
352,542
352,532
352,521
352,514
actor_past_trajectory
122
112,607
112,607
112,607
112,607
112,607
112,607
112,607
112,607
112,607
112,607
136
112,485
112,485
112,485
112,485
112,485
112,485
112,485
112,485
112,485
112,485
184
168,606
168,606
168,606
168,606
168,606
168,606
168,606
168,606
168,606
168,606
