time
520.6319859554424
hero_global_pos
5.351043701171875,110.42317962646484
road_id
33
is_junction
False
speed_limit
30.0
speed
20.08073070902635
traffic_light
None
translation_offset
3403.167922884226,5765.0023156404495
angle
0.31783294677734375
hero_past_trajectory
352,595
353,585
352,577
352,570
352,559
352,549
352,538
352,531
352,519
352,512
actor_past_trajectory
122
112,624
112,624
112,624
112,624
112,624
112,624
112,624
112,624
112,624
112,624
136
112,502
112,502
112,502
112,502
112,502
112,502
112,502
112,502
112,502
112,502
184
168,623
168,623
168,623
168,623
168,623
168,623
168,623
168,623
168,623
168,623
