time
520.7267065425767
hero_global_pos
5.34809684753418,109.86528778076172
road_id
33
is_junction
False
speed_limit
30.0
speed
19.96241531154009
traffic_light
None
translation_offset
3403.1825138917193,5756.002244114876
angle
0.312255859375
hero_past_trajectory
352,594
352,586
352,579
352,568
352,558
352,547
352,540
352,528
352,521
352,511
actor_past_trajectory
122
112,633
112,633
112,633
112,633
112,633
112,633
112,633
112,633
112,633
112,633
136
112,511
112,511
112,511
112,511
112,511
112,511
112,511
112,511
112,511
112,511
184
168,632
168,632
168,632
168,632
168,632
168,632
168,632
168,632
168,632
168,632
