time
520.8199024876012
hero_global_pos
5.3454484939575195,109.36983489990234
road_id
33
is_junction
False
speed_limit
30.0
speed
20.020699953681405
traffic_light
None
translation_offset
3403.189326632768,5748.002199411392
angle
0.30965423583984375
hero_past_trajectory
352,594
352,587
352,576
352,566
352,555
352,548
352,536
352,529
352,519
352,510
actor_past_trajectory
122
112,641
112,641
112,641
112,641
112,641
112,641
112,641
112,641
112,641
112,641
136
112,519
112,519
112,519
112,519
112,519
112,519
112,519
112,519
112,519
112,519
184
168,640
168,640
168,640
168,640
168,640
168,640
168,640
168,640
168,640
168,640
