time
521.0124818911208
hero_global_pos
5.339533805847168,108.30133819580078
road_id
33
is_junction
False
speed_limit
30.0
speed
20.528501787561485
traffic_light
None
translation_offset
3403.179581552744,5731.002279877663
angle
0.31337738037109375
hero_past_trajectory
352,593
352,583
352,572
352,565
352,553
352,546
352,536
352,527
352,519
352,509
actor_past_trajectory
122
112,658
112,658
112,658
112,658
112,658
112,658
112,658
112,658
112,658
112,658
136
112,536
112,536
112,536
112,536
112,536
112,536
112,536
112,536
112,536
112,536
184
168,657
168,657
168,657
168,657
168,657
168,657
168,657
168,657
168,657
168,657
