time
521.137673708181
hero_global_pos
5.335507869720459,107.58112335205078
road_id
33
is_junction
False
speed_limit
30.0
speed
20.62494057380663
traffic_light
None
translation_offset
3403.172089388594,5719.00234246254
angle
0.3162384033203125
hero_past_trajectory
351,595
352,584
352,577
352,565
352,558
352,548
352,539
352,531
352,521
352,514
actor_past_trajectory
122
112,670
112,670
112,670
112,670
112,670
112,670
112,670
112,670
112,670
112,670
136
112,548
112,548
112,548
112,548
112,548
112,548
112,548
112,548
112,548
112,548
184
168,669
168,669
168,669
168,669
168,669
168,669
168,669
168,669
168,669
168,669
