time
521.314951852466
hero_global_pos
5.328082084655762,106.29488372802734
road_id
33
is_junction
False
speed_limit
30.0
speed
20.53496325855006
traffic_light
None
translation_offset
3403.1517047397792,5703.002413988113
angle
0.32402801513671875
hero_past_trajectory
351,593
352,581
352,574
352,564
352,555
352,547
352,537
352,530
352,518
352,511
actor_past_trajectory
122
112,686
112,686
112,686
112,686
112,686
112,686
112,686
112,686
112,686
112,686
136
112,564
112,564
112,564
112,564
112,564
112,564
112,564
112,564
112,564
112,564
184
168,685
168,685
168,685
168,685
168,685
168,685
168,685
168,685
168,685
168,685
