time
521.4462606371744
hero_global_pos
5.325220108032227,105.806884765625
road_id
33
is_junction
False
speed_limit
30.0
speed
20.454861278680546
traffic_light
None
translation_offset
3403.1376143414527,5691.00247657299
angle
0.32940673828125
hero_past_trajectory
351,593
352,586
352,576
352,567
352,559
352,549
352,542
352,530
352,523
352,510
actor_past_trajectory
122
112,698
112,698
112,698
112,698
112,698
112,698
112,698
112,698
112,698
112,698
136
112,576
112,576
112,576
112,576
112,576
112,576
112,576
112,576
112,576
112,576
184
168,697
168,697
168,697
168,697
168,697
168,697
168,697
168,697
168,697
168,697
