time
521.6276948233499
hero_global_pos
5.319231033325195,104.80169677734375
road_id
33
is_junction
False
speed_limit
30.0
speed
20.25534488272666
traffic_light
None
translation_offset
3403.119161092676,5675.002583861351
angle
0.336456298828125
hero_past_trajectory
351,592
352,583
352,575
352,565
352,558
352,546
352,539
352,526
352,518
352,510
actor_past_trajectory
122
112,714
112,714
112,714
112,714
112,714
112,714
112,714
112,714
112,714
112,714
136
111,592
111,592
111,592
111,592
111,592
111,592
111,592
111,592
111,592
111,592
184
168,713
168,713
168,713
168,713
168,713
168,713
168,713
168,713
168,713
168,713
