time
521.7209520382239
hero_global_pos
5.315920352935791,104.25296783447266
road_id
33
is_junction
False
speed_limit
30.0
speed
20.137421966010095
traffic_light
None
translation_offset
3402.11007755436,5666.002646446228
angle
0.33992767333984375
hero_past_trajectory
352,592
353,584
353,574
353,567
353,555
353,548
353,535
353,527
353,519
353,511
actor_past_trajectory
122
113,723
113,723
113,723
113,723
113,723
113,723
113,723
113,723
113,723
113,723
136
112,601
112,601
112,601
112,601
112,601
112,601
112,601
112,601
112,601
112,601
184
169,722
169,722
169,722
169,722
169,722
169,722
169,722
169,722
169,722
169,722
