time
521.8529168335153
hero_global_pos
5.311408996582031,103.51045989990234
road_id
33
is_junction
False
speed_limit
30.0
speed
19.976222281619542
traffic_light
None
translation_offset
3402.099760269746,5654.002717971802
angle
0.3438720703125
hero_past_trajectory
352,596
352,586
353,579
353,567
353,560
353,547
353,539
353,531
353,523
352,514
actor_past_trajectory
122
113,735
113,735
113,735
113,735
113,735
113,735
113,735
113,735
113,735
113,735
136
112,613
112,613
112,613
112,613
112,613
112,613
112,613
112,613
112,613
112,613
184
169,734
169,734
169,734
169,734
169,734
169,734
169,734
169,734
169,734
169,734
