time
521.9266158030732
hero_global_pos
5.308178424835205,102.98331451416016
road_id
33
is_junction
False
speed_limit
30.0
speed
19.97661451397628
traffic_light
None
translation_offset
3402.0929832914844,5646.002762675285
angle
0.34645843505859375
hero_past_trajectory
352,594
352,587
353,575
353,568
353,555
353,547
353,539
353,531
352,522
352,510
actor_past_trajectory
122
113,743
113,743
113,743
113,743
113,743
113,743
113,743
113,743
113,743
113,743
136
112,621
112,621
112,621
112,621
112,621
112,621
112,621
112,621
112,621
112,621
184
169,742
169,742
169,742
169,742
169,742
169,742
169,742
169,742
169,742
169,742
