time
522.0347052892103
hero_global_pos
5.3052592277526855,102.50943756103516
road_id
33
is_junction
False
speed_limit
30.0
speed
20.277512291117635
traffic_light
None
translation_offset
3402.0881016710773,5638.002771615982
angle
0.34832000732421875
hero_past_trajectory
352,595
353,583
353,576
353,563
353,555
353,547
353,539
352,530
352,518
352,510
actor_past_trajectory
122
112,751
112,751
112,751
112,751
112,751
112,751
112,751
112,751
112,751
112,751
136
112,629
112,629
112,629
112,629
112,629
112,629
112,629
112,629
112,629
112,629
184
168,750
168,750
168,750
168,750
168,750
168,750
168,750
168,750
168,750
168,750
