time
171.75575179563748
hero_global_pos
234.12132263183594,41.00938034057617
road_id
75
is_junction
False
speed_limit
30.0
speed
0.001186820703960587
traffic_light
Red
translation_offset
7060.355462446809,4953.955716729164
angle
-181.39225006103516
hero_past_trajectory
352,502
352,502
352,502
352,502
352,502
352,502
352,502
352,502
352,502
352,502
actor_past_trajectory
133
184,487
184,499
184,508
184,515
184,523
184,536
184,542
184,556
184,563
184,570
152
351,717
351,717
351,717
351,717
351,717
351,717
351,717
351,717
351,717
351,717
163
352,613
352,613
352,613
352,613
352,613
352,613
352,613
352,613
352,613
352,613
174
407,774
407,762
407,753
407,745
408,737
407,724
407,717
408,704
408,696
408,689
187
183,235
184,246
184,255
184,263
183,271
184,283
184,289
184,303
183,311
183,318
