time
172.44733543278562
hero_global_pos
234.12132263183594,41.00938034057617
road_id
75
is_junction
False
speed_limit
30.0
speed
0.003983824703816394
traffic_light
Red
translation_offset
7060.355462446809,4953.955716729164
angle
-181.39225006103516
hero_past_trajectory
352,502
352,502
352,502
352,502
352,502
352,502
352,502
352,502
352,502
352,502
actor_past_trajectory
133
184,556
184,563
184,570
184,583
184,590
184,598
183,606
184,617
184,624
184,633
152
351,717
351,717
351,717
351,717
351,717
351,717
351,717
351,717
351,717
351,717
163
352,613
352,613
352,613
352,613
352,613
352,613
352,613
352,613
352,613
352,613
174
408,704
408,696
408,689
407,676
408,669
408,662
408,653
407,642
407,635
408,627
187
184,303
183,311
183,318
184,331
184,338
184,345
183,354
184,365
184,372
184,381
