time
172.7274407702862
hero_global_pos
234.12088012695312,41.02739334106445
road_id
75
is_junction
False
speed_limit
30.0
speed
1.1960124776587635
traffic_light
Green
translation_offset
7060.355893276632,4953.955654144287
angle
-181.39208221435547
hero_past_trajectory
352,502
352,502
352,502
352,502
352,502
352,502
352,502
352,502
352,502
352,502
actor_past_trajectory
133
184,583
184,590
184,598
183,606
184,617
184,624
184,633
184,645
184,652
184,664
152
351,717
351,717
351,717
351,717
351,717
351,717
351,717
351,717
351,717
351,717
163
352,613
352,613
352,613
352,613
352,613
352,613
352,613
352,613
352,613
352,613
174
407,676
408,669
408,662
408,653
407,642
407,635
408,627
408,615
408,608
407,596
187
184,331
184,338
184,345
183,354
184,365
184,372
184,381
183,393
183,400
184,412
