time
172.82163402767765
hero_global_pos
234.1195068359375,41.083988189697266
road_id
75
is_junction
False
speed_limit
30.0
speed
2.8648361135567666
traffic_light
Green
translation_offset
7060.355053968728,4954.954867362976
angle
-181.3924102783203
hero_past_trajectory
352,503
352,503
352,503
352,503
352,503
352,503
352,503
352,503
352,503
352,503
actor_past_trajectory
133
184,591
184,599
184,607
184,618
184,625
184,634
184,646
184,653
184,665
184,671
152
351,718
351,718
351,718
351,718
351,718
351,718
351,718
351,718
351,718
351,718
163
352,614
352,614
352,614
352,614
352,614
352,614
352,614
352,614
352,614
352,614
174
408,670
408,663
408,654
407,643
407,636
408,628
408,616
408,609
407,597
408,590
187
184,339
184,346
183,355
184,366
184,373
184,382
183,394
183,401
184,413
184,420
