time
172.9349853969543
hero_global_pos
234.11659240722656,41.20450973510742
road_id
75
is_junction
False
speed_limit
30.0
speed
4.637519859770473
traffic_light
Green
translation_offset
7060.354040596634,4956.95314180851
angle
-181.39281463623047
hero_past_trajectory
352,505
352,505
352,505
352,505
352,505
352,505
352,505
352,505
352,505
352,504
actor_past_trajectory
133
184,601
184,609
184,620
184,627
184,636
185,648
184,655
184,667
184,673
184,682
152
351,720
351,720
351,720
351,720
351,720
351,720
351,720
351,720
351,720
351,720
163
352,616
352,616
352,616
352,616
352,616
352,616
352,616
352,616
352,616
352,616
174
408,665
408,656
407,645
407,638
408,630
408,618
408,611
407,599
408,592
408,583
187
184,348
183,357
184,368
184,375
184,384
183,396
184,403
184,415
184,422
184,430
