time
173.01028711492108
hero_global_pos
234.1130828857422,41.34980392456055
road_id
75
is_junction
False
speed_limit
30.0
speed
6.10948097268849
traffic_light
Green
translation_offset
7060.353108249605,4958.951756000519
angle
-181.39318084716797
hero_past_trajectory
352,507
352,507
352,507
352,507
352,507
352,507
352,507
352,507
352,506
352,504
actor_past_trajectory
133
184,611
184,622
184,629
184,638
185,650
184,657
184,669
184,675
184,684
184,694
152
351,722
351,722
351,722
351,722
351,722
351,722
351,722
351,722
351,722
351,722
163
352,618
352,618
352,618
352,618
352,618
352,618
352,618
352,618
352,618
352,618
174
408,658
408,647
407,640
408,632
408,620
408,613
407,601
408,594
408,585
408,575
187
183,359
184,370
184,377
184,386
183,398
184,405
184,417
184,424
184,432
184,443
