time
173.125619574952
hero_global_pos
234.10755920410156,41.57670974731445
road_id
75
is_junction
False
speed_limit
30.0
speed
7.8830377192029095
traffic_light
Green
translation_offset
7060.351741440594,4962.950593709946
angle
-181.39371490478516
hero_past_trajectory
352,511
352,511
352,511
352,511
352,511
352,511
352,511
352,510
352,508
352,506
actor_past_trajectory
133
184,626
184,633
184,642
185,654
184,661
184,673
184,679
184,688
184,698
184,706
152
351,726
351,726
351,726
351,726
351,726
351,726
351,726
351,726
351,726
351,726
163
352,622
352,622
352,622
352,622
352,622
352,622
352,622
352,622
352,622
352,622
174
408,651
407,644
408,636
408,624
408,617
408,605
408,598
408,589
408,579
408,571
187
184,374
184,381
184,390
184,402
184,409
184,421
184,428
184,436
184,447
184,455
