time
173.3361653681277
hero_global_pos
234.09567260742188,42.066566467285156
road_id
75
is_junction
False
speed_limit
30.0
speed
10.782386036540348
traffic_light
Green
translation_offset
7060.3497267104685,4970.94960129261
angle
-181.39449310302734
hero_past_trajectory
352,519
352,519
352,519
352,519
352,519
352,518
352,516
352,514
352,510
352,507
actor_past_trajectory
133
185,650
185,662
184,669
184,681
184,687
185,696
184,706
184,714
184,725
185,732
152
352,734
352,734
352,734
352,734
352,734
352,734
352,734
352,734
352,734
352,734
163
352,630
352,630
352,630
352,630
352,630
352,630
352,630
352,630
352,630
352,630
174
408,644
408,632
408,625
408,613
409,606
408,597
408,587
408,579
408,569
408,561
187
184,398
184,410
184,417
184,429
184,436
185,444
184,455
184,463
184,474
184,481
