time
173.41731400372373
hero_global_pos
234.08921813964844,42.33384704589844
road_id
75
is_junction
False
speed_limit
30.0
speed
12.078560307904672
traffic_light
Green
translation_offset
7060.348694898188,4974.9493688344955
angle
-181.39488983154297
hero_past_trajectory
353,523
353,523
353,523
353,523
352,522
352,520
352,518
352,514
352,511
352,506
actor_past_trajectory
133
185,666
184,673
184,685
185,691
185,700
184,710
184,718
184,729
185,736
185,746
152
352,738
352,738
352,738
352,738
352,738
352,738
352,738
352,738
352,738
352,738
163
352,634
352,634
352,634
352,634
352,634
352,634
352,634
352,634
352,634
352,632
174
408,636
408,629
408,617
409,610
408,601
408,591
408,583
408,573
409,565
408,556
187
184,414
184,421
184,433
184,440
185,448
184,459
184,467
184,478
185,485
184,494
