time
173.55506757045077
hero_global_pos
234.07667541503906,42.8504524230957
road_id
75
is_junction
False
speed_limit
30.0
speed
14.235292805480174
traffic_light
Green
translation_offset
7060.347143407911,4982.9491810798645
angle
-181.3954849243164
hero_past_trajectory
353,531
353,531
353,531
353,530
353,528
353,526
352,522
352,519
352,514
352,510
actor_past_trajectory
152
352,746
352,746
352,746
352,746
352,746
352,746
352,746
352,746
352,746
352,746
163
352,642
352,642
352,642
352,642
352,642
352,642
352,642
352,642
352,640
352,639
174
408,637
408,625
409,618
409,609
408,599
408,591
408,581
409,573
409,564
408,556
187
184,429
184,441
185,448
185,456
184,467
184,475
185,486
185,493
184,502
184,510
