time
173.94122882516967
hero_global_pos
234.0325164794922,44.66748046875
road_id
75
is_junction
False
speed_limit
30.0
speed
19.534664409825666
traffic_light
Green
translation_offset
7059.343752369285,5012.949619174004
angle
-181.3967742919922
hero_past_trajectory
352,558
352,556
352,552
352,549
352,544
352,540
352,532
352,526
352,521
352,512
actor_past_trajectory
163
352,672
352,672
352,672
352,672
352,670
352,669
352,665
352,662
352,658
352,652
174
408,629
408,621
408,611
408,603
408,594
408,586
408,574
409,566
408,559
408,548
187
184,497
184,505
184,516
184,523
184,532
184,540
184,553
184,560
185,567
184,578
