time
174.04185819210397
hero_global_pos
234.01901245117188,45.22174072265625
road_id
75
is_junction
False
speed_limit
30.0
speed
19.443980517510525
traffic_light
Green
translation_offset
7059.345875225961,5020.952059984207
angle
-181.39594268798828
hero_past_trajectory
353,564
352,560
352,557
352,552
352,548
352,540
352,534
353,529
352,520
352,510
actor_past_trajectory
108
184,-50
184,-50
184,-50
184,-50
184,-50
184,-50
184,-50
184,-50
184,-50
184,-50
163
352,680
352,680
352,680
352,678
352,677
352,673
352,670
352,666
352,660
353,654
174
408,629
408,619
409,611
408,602
408,594
408,582
409,574
409,567
408,556
408,547
187
184,513
184,524
185,531
184,540
184,548
184,561
185,568
185,575
184,586
184,595
