time
174.11970027493226
hero_global_pos
234.00852966308594,45.65180206298828
road_id
75
is_junction
False
speed_limit
30.0
speed
19.41295686993866
traffic_light
Green
translation_offset
7059.347338706255,5027.953651428223
angle
-181.39537048339844
hero_past_trajectory
353,567
353,564
352,559
352,555
352,547
352,541
353,536
353,527
352,517
352,509
actor_past_trajectory
108
185,-43
185,-43
185,-43
185,-43
185,-43
185,-43
185,-43
185,-43
185,-43
185,-43
163
353,687
353,687
352,685
352,684
352,680
352,677
352,673
352,667
353,661
353,654
174
408,626
409,618
409,609
408,601
408,589
409,581
409,574
408,563
408,554
408,544
187
185,531
185,538
184,547
184,555
185,568
185,575
185,582
184,593
184,602
185,611
