time
174.32771005811082
hero_global_pos
233.9818572998047,46.74942398071289
road_id
75
is_junction
False
speed_limit
30.0
speed
19.345793696188473
traffic_light
Green
translation_offset
7058.350749582052,5045.955332279205
angle
-181.39405059814453
hero_past_trajectory
352,577
352,573
352,565
351,559
352,554
352,545
352,535
352,527
352,516
352,509
actor_past_trajectory
108
184,-25
184,-25
184,-25
184,-25
184,-25
184,-25
184,-25
184,-25
184,-25
184,-25
163
352,703
352,702
352,698
352,695
352,691
351,685
352,679
352,672
352,666
352,658
174
408,627
408,619
408,607
408,599
408,592
408,581
408,572
407,562
408,555
408,544
187
183,565
184,573
184,586
184,593
184,600
184,611
184,620
184,629
184,636
184,648
