time
174.55440621407615
hero_global_pos
233.95013427734375,48.05628204345703
road_id
75
is_junction
False
speed_limit
30.0
speed
22.055930033066783
traffic_light
None
translation_offset
7058.347838547081,5066.9544113874435
angle
-181.39517211914062
hero_past_trajectory
352,586
352,580
353,575
353,566
352,556
352,548
353,537
353,530
353,523
352,512
actor_past_trajectory
108
185,-4
185,-4
185,-4
185,-4
185,-4
185,-4
185,-4
185,-4
185,-4
185,-4
163
352,719
352,716
352,712
352,706
353,700
353,693
353,687
352,679
352,673
352,665
174
408,628
409,620
409,613
408,602
408,593
408,583
409,576
409,565
408,557
408,546
187
185,607
185,614
185,621
184,632
184,641
185,650
185,657
184,669
184,676
184,688
