time
174.63102861637162
hero_global_pos
233.9390106201172,48.51252746582031
road_id
75
is_junction
False
speed_limit
30.0
speed
23.16205707230139
traffic_light
None
translation_offset
7057.345649752766,5073.95322227478
angle
-181.3960189819336
hero_past_trajectory
351,587
352,582
352,573
351,563
351,555
352,544
352,537
352,530
351,519
351,509
actor_past_trajectory
108
184,2
184,2
184,2
184,2
184,2
184,2
184,2
184,2
184,2
184,2
163
351,723
351,719
351,713
352,707
352,700
352,694
351,686
351,680
351,672
352,664
174
408,627
408,620
408,609
407,600
407,590
408,583
408,572
408,564
407,553
408,544
187
184,621
184,628
183,639
184,648
184,657
184,664
183,676
183,683
184,695
184,705
