time
552.3290051105796
hero_global_pos
-24.28057861328125,-9.560559272766113
road_id
837
is_junction
True
speed_limit
30.0
speed
20.097936065058395
traffic_light
None
translation_offset
2814.5585644245148,4090.7771956920624
angle
-230.31884765625
hero_past_trajectory
353,593
352,583
353,577
352,564
352,558
352,545
352,540
352,527
352,520
352,508
actor_past_trajectory
159
673,-50
673,-50
673,-50
673,-50
673,-50
673,-50
673,-50
673,-50
673,-50
673,-50
174
608,28
608,28
608,28
608,28
608,28
608,28
608,28
608,28
608,28
608,28
