time
552.404498254451
hero_global_pos
-24.6263370513916,-9.285356521606445
road_id
837
is_junction
True
speed_limit
30.0
speed
20.000880255757817
traffic_light
None
translation_offset
2807.983588218689,4094.079892873764
angle
-230.66407775878906
hero_past_trajectory
352,590
352,584
352,572
352,565
351,552
351,547
352,534
352,528
351,516
351,509
actor_past_trajectory
159
669,-44
669,-44
669,-44
669,-44
669,-44
669,-44
669,-44
669,-44
669,-44
669,-44
174
604,34
604,34
604,34
604,34
604,34
604,34
604,34
604,34
604,34
604,34
