time
552.6180048841416
hero_global_pos
-25.553422927856445,-8.573322296142578
road_id
837
is_junction
True
speed_limit
30.0
speed
20.35073070613456
traffic_light
None
translation_offset
2792.0869982242584,4103.7174389362335
angle
-231.82130432128906
hero_past_trajectory
354,590
354,584
353,570
353,565
353,552
353,546
352,534
352,528
353,520
353,506
actor_past_trajectory
159
658,-32
658,-32
658,-32
658,-32
658,-32
658,-32
658,-32
658,-32
658,-32
658,-32
174
595,47
595,47
595,47
595,47
595,47
595,47
595,47
595,47
595,47
595,47
