time
552.9420864652275
hero_global_pos
-27.06846046447754,-7.479386329650879
road_id
27
is_junction
False
speed_limit
30.0
speed
20.558845070580993
traffic_light
None
translation_offset
2763.7825614213943,4116.353404402733
angle
-233.9123077392578
hero_past_trajectory
354,595
354,583
354,576
352,564
352,558
352,551
352,536
351,529
352,519
352,511
actor_past_trajectory
159
638,-13
638,-13
638,-13
638,-13
638,-13
638,-13
638,-13
638,-13
638,-13
638,-13
174
578,69
578,69
578,69
578,69
578,69
578,69
578,69
578,69
578,69
578,69
