time
174.7037069457947
hero_global_pos
233.92385864257812,49.136444091796875
road_id
75
is_junction
False
speed_limit
30.0
speed
24.30335230978328
traffic_light
None
translation_offset
7057.344032324851,5083.952077865601
angle
-181.39664459228516
hero_past_trajectory
352,592
352,583
352,573
352,565
352,554
352,547
352,540
352,529
351,519
352,512
actor_past_trajectory
108
184,12
184,12
184,12
184,12
184,12
184,12
184,12
184,12
184,12
184,12
163
352,729
351,723
352,717
352,710
352,704
352,696
352,690
351,682
352,674
352,669
174
408,630
408,619
408,610
407,600
408,593
408,582
408,574
407,563
408,554
408,547
187
184,638
184,649
184,658
184,667
184,674
183,686
184,693
184,705
184,715
184,721
