time
552.9968581344365
hero_global_pos
-27.405241012573242,-7.250763416290283
road_id
27
is_junction
False
speed_limit
30.0
speed
20.517366601807165
traffic_light
None
translation_offset
2757.9380053281784,4119.182950973511
angle
-234.463623046875
hero_past_trajectory
355,589
355,583
353,571
353,564
353,557
352,543
352,535
352,526
352,517
352,507
actor_past_trajectory
159
633,-9
633,-9
633,-9
633,-9
633,-9
633,-9
633,-9
633,-9
633,-9
633,-9
174
574,73
574,73
574,73
574,73
574,73
574,73
574,73
574,73
574,73
574,73
