time
553.0940611656188
hero_global_pos
-27.864654541015625,-6.9438676834106445
road_id
27
is_junction
False
speed_limit
30.0
speed
20.436512343987424
traffic_light
None
translation_offset
2749.930370926857,4122.754683613777
angle
-235.13128662109375
hero_past_trajectory
356,591
354,579
354,573
354,566
353,551
352,544
353,534
353,526
352,516
352,511
actor_past_trajectory
159
627,-4
627,-4
627,-4
627,-4
627,-4
627,-4
627,-4
627,-4
627,-4
627,-4
174
569,79
569,79
569,79
569,79
569,79
569,79
569,79
569,79
569,79
569,79
