time
553.2213899991839
hero_global_pos
-28.474130630493164,-6.563365936279297
road_id
27
is_junction
False
speed_limit
30.0
speed
20.26773648894277
traffic_light
None
translation_offset
2738.0844836235046,4126.042845129967
angle
-236.3843536376953
hero_past_trajectory
355,591
355,584
355,577
353,563
353,555
353,546
353,537
352,527
352,522
351,514
actor_past_trajectory
159
615,1
615,1
615,1
615,1
615,1
615,1
615,1
615,1
615,1
615,1
174
559,86
559,86
559,86
559,86
559,86
559,86
559,86
559,86
559,86
559,86
