time
553.3213301408468
hero_global_pos
-28.86495590209961,-6.329130172729492
road_id
27
is_junction
False
speed_limit
30.0
speed
20.176754690513715
traffic_light
None
translation_offset
2730.8787412643433,4128.199908256531
angle
-237.2255859375
hero_past_trajectory
356,592
356,584
354,570
354,562
354,553
353,544
353,534
352,529
352,521
352,509
actor_past_trajectory
159
608,4
608,4
608,4
608,4
608,4
608,4
608,4
608,4
608,4
608,4
174
553,90
553,90
553,90
553,90
553,90
553,90
553,90
553,90
553,90
553,90
