time
553.4013962368845
hero_global_pos
-29.232711791992188,-6.113564968109131
road_id
27
is_junction
False
speed_limit
30.0
speed
20.09018066468461
traffic_light
None
translation_offset
2723.872903943062,4129.615929722786
angle
-237.9423065185547
hero_past_trajectory
356,591
355,577
354,569
354,560
353,551
352,541
352,536
351,528
352,516
351,509
actor_past_trajectory
159
601,8
601,8
601,8
601,8
601,8
601,8
601,8
601,8
601,8
601,8
174
547,94
547,94
547,94
547,94
547,94
547,94
547,94
547,94
547,94
547,94
