time
553.673943204376
hero_global_pos
-30.597124099731445,-5.384175777435303
road_id
27
is_junction
False
speed_limit
30.0
speed
20.409991692755902
traffic_light
None
translation_offset
2697.7892854213715,4134.689397633076
angle
-241.0139923095703
hero_past_trajectory
357,594
357,585
356,576
354,566
354,561
353,553
352,541
352,534
352,520
352,515
actor_past_trajectory
159
574,20
574,20
574,20
574,20
574,20
574,20
574,20
574,20
574,20
574,20
174
525,110
525,110
525,110
525,110
525,110
525,110
525,110
525,110
525,110
525,110
