time
554.2634148444413
hero_global_pos
-33.82486343383789,-4.0663042068481445
road_id
27
is_junction
False
speed_limit
30.0
speed
20.595954015652477
traffic_light
None
translation_offset
2639.1488798856735,4136.23711836338
angle
-248.8026885986328
hero_past_trajectory
358,594
356,587
355,574
354,568
353,556
353,553
352,538
351,529
351,519
351,509
actor_past_trajectory
159
507,49
507,49
507,49
507,49
507,49
507,49
507,49
507,49
507,49
507,49
174
471,144
471,144
471,144
471,144
471,144
471,144
471,144
471,144
471,144
471,144
