time
554.387704060915
hero_global_pos
-34.40964889526367,-3.8882882595062256
road_id
27
is_junction
False
speed_limit
30.0
speed
20.475624852591494
traffic_light
None
translation_offset
2626.41863155365,4135.545036256313
angle
-250.71299743652344
hero_past_trajectory
359,599
358,586
357,580
355,568
355,564
353,550
352,540
352,530
352,521
353,510
actor_past_trajectory
159
492,55
492,55
492,55
492,55
492,55
492,55
492,55
492,55
492,55
492,55
174
459,152
459,152
459,152
459,152
459,152
459,152
459,152
459,152
459,152
459,152
