time
554.4828213225483
hero_global_pos
-35.019527435302734,-3.7180233001708984
road_id
27
is_junction
False
speed_limit
30.0
speed
20.308531347206863
traffic_light
None
translation_offset
2615.165065407753,4133.805831253529
angle
-252.2194366455078
hero_past_trajectory
359,596
357,590
355,578
355,574
353,560
352,550
351,541
351,531
352,520
351,512
actor_past_trajectory
159
479,62
479,62
479,62
479,62
479,62
479,62
479,62
479,62
479,62
479,62
174
448,159
448,159
448,159
448,159
448,159
448,159
448,159
448,159
448,159
448,159
