time
554.6767843063353
hero_global_pos
-36.07639694213867,-3.4789750576019287
road_id
27
is_junction
False
speed_limit
30.0
speed
20.049684652667906
traffic_light
None
translation_offset
2595.9312323331833,4130.1449192762375
angle
-255.26791381835938
hero_past_trajectory
359,595
358,592
356,577
354,568
353,558
352,549
352,537
351,530
352,519
352,511
actor_past_trajectory
159
455,73
455,73
455,73
455,73
455,73
455,73
455,73
455,73
455,73
455,73
174
430,172
430,172
430,172
430,172
430,172
430,172
430,172
430,172
430,172
430,172
