time
554.7842205218403
hero_global_pos
-36.56731033325195,-3.382573366165161
road_id
27
is_junction
False
speed_limit
30.0
speed
20.043639625212137
traffic_light
None
translation_offset
2587.14716899395,4129.027678310871
angle
-256.4957275390625
hero_past_trajectory
360,600
358,586
356,576
354,566
353,557
353,545
352,538
352,528
352,519
352,510
actor_past_trajectory
159
446,79
446,79
446,79
446,79
446,79
446,79
446,79
446,79
446,79
446,79
174
422,179
422,179
422,179
422,179
422,179
422,179
422,179
422,179
422,179
422,179
