time
555.0611627060352
hero_global_pos
-38.20518112182617,-3.1066503524780273
road_id
27
is_junction
False
speed_limit
30.0
speed
20.465924228243246
traffic_light
None
translation_offset
2559.4000853300095,4124.7256781458855
angle
-259.7367401123047
hero_past_trajectory
357,592
356,583
355,572
353,564
353,554
352,546
352,537
351,528
352,521
352,509
actor_past_trajectory
159
422,101
422,101
422,101
422,101
422,101
422,101
422,101
422,101
422,101
422,101
174
403,201
403,201
403,201
403,201
403,201
403,201
403,201
403,201
403,201
403,201
