time
555.1717564068167
hero_global_pos
-38.694580078125,-3.0552799701690674
road_id
27
is_junction
False
speed_limit
30.0
speed
20.49415707180504
traffic_light
None
translation_offset
2550.7811834812164,4122.047348111868
angle
-261.1615447998047
hero_past_trajectory
357,591
356,580
354,572
354,562
353,554
352,545
352,536
352,529
352,517
352,510
actor_past_trajectory
159
411,107
411,107
411,107
411,107
411,107
411,107
411,107
411,107
411,107
411,107
174
396,208
396,208
396,208
396,208
396,208
396,208
396,208
396,208
396,208
396,208
