time
555.2408058415531
hero_global_pos
-39.21970748901367,-3.0029067993164062
road_id
27
is_junction
False
speed_limit
30.0
speed
20.443486481609362
traffic_light
None
translation_offset
2542.3328701257706,4119.952067732811
angle
-262.35621643066406
hero_past_trajectory
358,588
356,580
355,570
354,562
353,553
352,544
352,537
352,525
352,518
352,510
actor_past_trajectory
159
403,114
403,114
403,114
403,114
403,114
403,114
403,114
403,114
403,114
403,114
174
389,215
389,215
389,215
389,215
389,215
389,215
389,215
389,215
389,215
389,215
