time
555.408067276272
hero_global_pos
-40.06214904785156,-2.934579610824585
road_id
27
is_junction
False
speed_limit
30.0
speed
20.297241046564835
traffic_light
None
translation_offset
2527.8529514074326,4116.9736309200525
angle
-263.8869323730469
hero_past_trajectory
357,594
356,584
355,576
354,567
353,558
353,551
352,539
352,532
352,524
352,512
actor_past_trajectory
159
392,127
392,127
392,127
392,127
392,127
392,127
392,127
392,127
392,127
392,127
174
381,229
381,229
381,229
381,229
381,229
381,229
381,229
381,229
381,229
381,229
