time
555.4469599197982
hero_global_pos
-40.37958908081055,-2.917717218399048
road_id
700
is_junction
True
speed_limit
30.0
speed
20.249478106852656
traffic_light
None
translation_offset
2522.66819190979,4115.1425505280495
angle
-264.58990478515625
hero_past_trajectory
357,589
356,581
354,572
353,563
353,556
352,544
352,537
351,529
352,517
352,507
actor_past_trajectory
159
387,132
387,132
387,132
387,132
387,132
387,132
387,132
387,132
387,132
387,132
174
377,233
377,233
377,233
377,233
377,233
377,233
377,233
377,233
377,233
377,233
