time
555.6021478153198
hero_global_pos
-41.14666748046875,-2.887753486633301
road_id
700
is_junction
True
speed_limit
30.0
speed
20.122690623455128
traffic_light
None
translation_offset
2510.3453701734543,4112.172978416085
angle
-266.11122131347656
hero_past_trajectory
358,593
356,583
355,575
355,568
353,556
353,549
352,541
352,529
352,519
352,511
actor_past_trajectory
159
377,143
377,143
377,143
377,143
377,143
377,143
377,143
377,143
377,143
377,143
174
370,245
370,245
370,245
370,245
370,245
370,245
370,245
370,245
370,245
370,245
