time
555.7546464852421
hero_global_pos
-41.97236251831055,-2.8657891750335693
road_id
700
is_junction
True
speed_limit
30.0
speed
19.974443040456975
traffic_light
None
translation_offset
2497.164946913719,4109.032233476639
angle
-267.3128967285156
hero_past_trajectory
356,588
355,581
354,569
353,562
353,554
352,542
352,532
352,524
351,515
352,509
actor_past_trajectory
159
369,155
369,155
369,155
369,155
369,155
369,155
369,155
369,155
369,155
369,155
174
364,257
364,257
364,257
364,257
364,257
364,257
364,257
364,257
364,257
364,257
