time
555.8965599812
hero_global_pos
-42.77128982543945,-2.854034662246704
road_id
67
is_junction
False
speed_limit
30.0
speed
20.26567303577835
traffic_light
None
translation_offset
2484.0725626945496,4106.66509796679
angle
-268.2177734375
hero_past_trajectory
356,594
355,582
354,575
353,567
352,555
352,545
352,537
351,528
351,522
352,509
actor_past_trajectory
142
318,-116
318,-104
318,-97
317,-89
317,-81
316,-67
316,-62
315,-50
315,-44
315,-37
159
363,168
363,168
363,168
363,168
363,168
363,168
363,168
363,168
363,168
363,168
174
360,270
360,270
360,270
360,270
360,270
360,270
360,270
360,270
360,270
360,270
