time
4953.851560717325
hero_global_pos
130.47433471679688,-131.9761505126953
road_id
18
speed_limit
30.0
speed
0.004837014014654141
traffic_light
None
translation_offset
5555.9662309885025,2039.1828679144382
angle
-91.21585726737976
hero_past_trajectory
352,502
352,502
352,502
352,502
352,502
352,502
352,502
352,502
352,502
352,502
actor_past_trajectory
301
-86,183
-75,184
-66,184
-60,184
-50,183
-41,183
-35,183
-26,184
-16,184
-6,184
315
353,387
353,387
353,387
353,387
353,387
353,387
353,387
353,387
353,387
353,387
390
296,637
296,647
296,657
296,663
297,673
296,683
296,689
296,698
296,708
297,719
