time
556.1722661848544
hero_global_pos
-44.45793533325195,-2.8452649116516113
road_id
67
is_junction
False
speed_limit
30.0
speed
20.540469350273284
traffic_light
None
translation_offset
2457.008502602577,4103.593546336517
angle
-269.39129638671875
hero_past_trajectory
354,594
353,582
352,572
352,564
351,555
352,549
352,536
352,529
352,522
352,510
actor_past_trajectory
104
50,-34
50,-34
50,-34
50,-34
50,-34
50,-34
50,-34
50,-34
50,-34
50,-34
142
305,-62
305,-54
304,-40
304,-35
304,-23
304,-17
303,-10
303,2
303,9
303,21
159
356,195
356,195
356,195
356,195
356,195
356,195
356,195
356,195
356,195
356,195
174
355,297
355,297
355,297
355,297
355,297
355,297
355,297
355,297
355,297
355,297
