time
556.3084978550105
hero_global_pos
-45.13348388671875,-2.846104145050049
road_id
67
is_junction
False
speed_limit
30.0
speed
20.47856668290284
traffic_light
None
translation_offset
2446.0022172927856,4102.811976892874
angle
-269.6898498535156
hero_past_trajectory
354,593
353,583
353,575
352,566
352,560
352,547
352,540
352,533
352,521
352,513
actor_past_trajectory
104
47,-22
47,-22
47,-22
47,-22
47,-22
47,-22
47,-22
47,-22
47,-22
47,-22
142
302,-42
301,-28
301,-23
301,-11
301,-5
301,1
301,14
301,21
301,33
301,40
159
355,206
355,206
355,206
355,206
355,206
355,206
355,206
355,206
355,206
355,206
174
354,308
354,308
354,308
354,308
354,308
354,308
354,308
354,308
354,308
354,308
