time
556.675327337849
hero_global_pos
-47.16286849975586,-2.8536365032196045
road_id
67
is_junction
False
speed_limit
30.0
speed
18.603481195894386
traffic_light
None
translation_offset
2414.0007063150406,4101.613024957944
angle
89.85218811035156
hero_past_trajectory
352,592
352,579
352,572
352,565
352,553
352,545
352,534
352,526
352,518
352,507
actor_past_trajectory
104
43,12
43,12
43,12
43,12
43,12
43,12
43,12
43,12
43,12
43,12
142
297,26
297,33
297,46
297,53
297,65
297,72
297,83
297,91
297,100
297,110
159
352,238
352,238
352,238
352,238
352,238
352,238
352,238
352,238
352,238
352,238
174
353,340
353,340
353,340
353,340
353,340
353,340
353,340
353,340
353,340
353,340
