time
175.1183668389349
hero_global_pos
233.85557556152344,51.94020462036133
road_id
724
is_junction
True
speed_limit
30.0
speed
26.6119305517257
traffic_light
None
translation_offset
7056.34440196678,5128.953785538673
angle
-181.39649200439453
hero_past_trajectory
352,599
352,592
352,585
352,574
352,564
352,557
352,543
352,534
351,521
352,510
actor_past_trajectory
104
184,-47
184,-47
184,-47
184,-47
184,-47
184,-47
184,-47
184,-47
184,-47
184,-47
108
184,57
184,57
184,57
184,57
184,57
184,57
184,57
184,57
184,57
184,57
163
352,749
352,741
352,735
351,727
352,719
352,714
352,706
352,697
352,692
352,679
174
408,638
408,627
408,619
408,608
408,599
408,592
408,584
408,574
408,568
408,554
