time
557.077909197229
hero_global_pos
-49.03902053833008,-2.86434268951416
road_id
67
is_junction
False
speed_limit
30.0
speed
12.472107755928468
traffic_light
None
translation_offset
2386.0043720006943,4101.246900249273
angle
89.71232604980469
hero_past_trajectory
352,581
352,573
352,562
352,554
352,546
352,535
352,526
352,521
352,512
352,506
actor_past_trajectory
104
42,41
42,41
42,41
42,41
42,41
42,41
42,41
42,41
42,41
42,41
142
296,93
296,100
296,111
296,119
296,128
296,138
296,143
296,154
296,164
296,173
159
352,266
352,266
352,266
352,266
352,266
352,266
352,266
352,266
352,266
352,266
174
352,368
352,368
352,368
352,368
352,368
352,368
352,368
352,368
352,368
352,368
