time
557.1935585863321
hero_global_pos
-49.29275894165039,-2.865840435028076
road_id
67
is_junction
False
speed_limit
30.0
speed
10.69406419283903
traffic_light
None
translation_offset
2380.006902217865,4101.215692607686
angle
89.70040893554688
hero_past_trajectory
352,579
352,568
352,560
352,552
352,541
352,532
352,527
352,518
352,512
352,506
actor_past_trajectory
104
42,47
42,47
42,47
42,47
42,47
42,47
42,47
42,47
42,47
42,47
142
296,106
296,117
296,125
296,134
296,144
296,149
296,160
296,170
296,179
296,186
159
352,272
352,272
352,272
352,272
352,272
352,272
352,272
352,272
352,272
352,272
174
352,374
352,374
352,374
352,374
352,374
352,374
352,374
352,374
352,374
352,374
