time
557.5855416707127
hero_global_pos
-50.21214294433594,-2.8713338375091553
road_id
67
is_junction
False
speed_limit
30.0
speed
4.295933083161629
traffic_light
None
translation_offset
2365.009700655937,4101.171863636002
angle
89.68365478515625
hero_past_trajectory
352,556
352,547
352,542
352,533
352,527
352,521
352,517
352,512
352,508
352,504
actor_past_trajectory
104
42,62
42,62
42,62
42,62
42,62
42,62
42,62
42,62
42,62
42,62
142
296,159
296,164
296,175
296,185
296,194
296,201
296,211
296,219
296,227
297,239
159
352,287
352,287
352,287
352,287
352,287
352,287
352,287
352,287
352,287
352,287
174
352,389
352,389
352,389
352,389
352,389
352,389
352,389
352,389
352,389
352,389
