time
557.7052640444963
hero_global_pos
-50.28826904296875,-2.8718984127044678
road_id
67
is_junction
False
speed_limit
30.0
speed
0.04929548568478341
traffic_light
None
translation_offset
2364.014206767082,4101.1879450157285
angle
89.68978881835938
hero_past_trajectory
352,548
352,543
352,534
352,528
352,522
352,518
352,513
352,509
352,505
352,503
actor_past_trajectory
104
42,63
42,63
42,63
42,63
42,63
42,63
42,63
42,63
42,63
42,63
142
296,165
296,176
296,186
296,195
296,202
296,212
296,220
297,228
297,240
296,247
159
352,288
352,288
352,288
352,288
352,288
352,288
352,288
352,288
352,288
352,288
174
352,390
352,390
352,390
352,390
352,390
352,390
352,390
352,390
352,390
352,390
