time
558.0017043832122
hero_global_pos
-50.2900276184082,-2.8719096183776855
road_id
67
is_junction
False
speed_limit
30.0
speed
0.018886753318773694
traffic_light
None
translation_offset
2364.0055253505707,4101.188041058369
angle
89.68984985351562
hero_past_trajectory
352,528
352,522
352,518
352,513
352,509
352,505
352,503
352,502
352,502
352,502
actor_past_trajectory
104
42,63
42,63
42,63
42,63
42,63
42,63
42,63
42,63
42,63
42,63
142
296,195
296,202
296,212
296,220
297,228
297,240
296,247
296,257
296,266
296,276
159
352,288
352,288
352,288
352,288
352,288
352,288
352,288
352,288
352,288
352,288
174
352,390
352,390
352,390
352,390
352,390
352,390
352,390
352,390
352,390
352,390
