time
175.2575264587431
hero_global_pos
233.82981872558594,53.00385665893555
road_id
724
is_junction
True
speed_limit
30.0
speed
26.955830417873106
traffic_light
None
translation_offset
7056.347643528134,5145.954357743263
angle
-181.39524841308594
hero_past_trajectory
353,609
352,602
352,591
352,581
353,574
352,560
352,551
352,538
353,527
352,519
actor_past_trajectory
104
184,-30
184,-30
184,-30
184,-30
184,-30
184,-30
184,-30
184,-30
184,-30
184,-30
108
185,74
185,74
185,74
185,74
185,74
185,74
185,74
185,74
185,74
185,74
163
352,758
352,752
352,744
353,736
353,731
352,723
352,714
352,709
353,696
353,691
174
408,644
408,636
408,625
409,616
409,609
408,601
408,591
408,585
409,571
409,565
