time
558.1097004018156
hero_global_pos
-50.29076385498047,-2.871913433074951
road_id
67
is_junction
False
speed_limit
30.0
speed
0.01332716533346053
traffic_light
None
translation_offset
2364.003468990326,4101.188208626583
angle
89.68991088867188
hero_past_trajectory
352,522
352,518
352,513
352,509
352,505
352,503
352,502
352,502
352,502
352,502
actor_past_trajectory
104
42,63
42,63
42,63
42,63
42,63
42,63
42,63
42,63
42,63
42,63
142
296,202
296,212
296,220
297,228
297,240
296,247
296,257
296,266
296,276
296,284
159
352,288
352,288
352,288
352,288
352,288
352,288
352,288
352,288
352,288
352,288
174
352,390
352,390
352,390
352,390
352,390
352,390
352,390
352,390
352,390
352,390
