time
558.2882036432056
hero_global_pos
-50.29147720336914,-2.871917724609375
road_id
67
is_junction
False
speed_limit
30.0
speed
0.006752217626282537
traffic_light
None
translation_offset
2364.0024050474167,4101.188202898949
angle
89.68991088867188
hero_past_trajectory
352,513
352,509
352,505
352,503
352,502
352,502
352,502
352,502
352,502
352,502
actor_past_trajectory
104
42,63
42,63
42,63
42,63
42,63
42,63
42,63
42,63
42,63
42,63
142
296,220
297,228
297,240
296,247
296,257
296,266
296,276
296,284
296,293
296,299
159
352,288
352,288
352,288
352,288
352,288
352,288
352,288
352,288
352,288
352,288
174
352,390
352,390
352,390
352,390
352,390
352,390
352,390
352,390
352,390
352,390
