time
558.4076657216428
hero_global_pos
-50.29171371459961,-2.8719208240509033
road_id
67
is_junction
False
speed_limit
30.0
speed
0.005044756349042512
traffic_light
None
translation_offset
2364.0022530555725,4101.188202060759
angle
89.68991088867188
hero_past_trajectory
352,509
352,505
352,503
352,502
352,502
352,502
352,502
352,502
352,502
352,502
actor_past_trajectory
104
42,63
42,63
42,63
42,63
42,63
42,63
42,63
42,63
42,63
42,63
142
297,228
297,240
296,247
296,257
296,266
296,276
296,284
296,293
296,299
296,309
159
352,288
352,288
352,288
352,288
352,288
352,288
352,288
352,288
352,288
352,288
174
352,390
352,390
352,390
352,390
352,390
352,390
352,390
352,390
352,390
352,390
