time
558.5886782775997
hero_global_pos
-50.291873931884766,-2.871922731399536
road_id
67
is_junction
False
speed_limit
30.0
speed
0.003766632161007119
traffic_light
None
translation_offset
2364.002208352089,4101.1882018512115
angle
89.68991088867188
hero_past_trajectory
352,503
352,502
352,502
352,502
352,502
352,502
352,502
352,502
352,502
352,502
actor_past_trajectory
104
42,63
42,63
42,63
42,63
42,63
42,63
42,63
42,63
42,63
42,63
142
296,247
296,257
296,266
296,276
296,284
296,293
296,299
296,309
296,320
296,329
159
352,288
352,288
352,288
352,288
352,288
352,288
352,288
352,288
352,288
352,288
174
352,390
352,390
352,390
352,390
352,390
352,390
352,390
352,390
352,390
352,390
