time
558.8671130738585
hero_global_pos
-50.29194641113281,-2.8719234466552734
road_id
67
is_junction
False
speed_limit
30.0
speed
0.00736016417033819
traffic_light
None
translation_offset
2364.002199411392,4101.188201781362
angle
89.68991088867188
hero_past_trajectory
352,502
352,502
352,502
352,502
352,502
352,502
352,502
352,502
352,502
352,502
actor_past_trajectory
104
42,63
42,63
42,63
42,63
42,63
42,63
42,63
42,63
42,63
42,63
142
296,276
296,284
296,293
296,299
296,309
296,320
296,329
296,336
296,343
296,356
159
352,288
352,288
352,288
352,288
352,288
352,288
352,288
352,288
352,288
352,288
174
352,390
352,390
352,390
352,390
352,390
352,390
352,390
352,390
352,390
352,390
