time
559.9144072770505
hero_global_pos
-50.291996002197266,-2.8719236850738525
road_id
67
is_junction
False
speed_limit
30.0
speed
0.0028296583339572617
traffic_light
None
translation_offset
2364.002199411392,4101.188201781362
angle
89.68991088867188
hero_past_trajectory
352,502
352,502
352,502
352,502
352,502
352,502
352,502
352,502
352,502
352,502
actor_past_trajectory
104
42,63
42,63
42,63
42,63
42,63
42,63
42,63
42,63
42,63
42,63
142
296,363
296,371
296,381
296,389
296,401
296,407
297,418
297,425
297,434
296,442
159
352,288
352,288
352,288
352,288
352,288
352,288
352,288
352,288
352,288
352,288
174
352,390
352,390
352,390
352,390
352,390
352,390
352,390
352,390
352,390
352,390
187
304,-96
305,-88
307,-77
308,-70
311,-58
312,-51
316,-40
318,-33
322,-25
326,-17
