time
175.42445255027997
hero_global_pos
233.79954528808594,54.247406005859375
road_id
724
is_junction
True
speed_limit
30.0
speed
27.23417880996453
traffic_light
None
translation_offset
7055.348818670958,5165.954572319984
angle
-181.3947982788086
hero_past_trajectory
352,611
351,601
352,594
352,580
352,571
351,558
352,547
352,539
351,522
352,511
actor_past_trajectory
104
183,-10
183,-10
183,-10
183,-10
183,-10
183,-10
183,-10
183,-10
183,-10
183,-10
108
184,94
184,94
184,94
184,94
184,94
184,94
184,94
184,94
184,94
184,94
163
351,764
352,756
352,751
352,743
352,734
352,729
352,716
352,711
352,698
352,689
174
407,645
408,636
408,629
408,621
408,611
408,605
408,591
408,585
408,572
408,564
