time
560.1988292220412
hero_global_pos
-50.291996002197266,-2.8719241619110107
road_id
67
is_junction
False
speed_limit
30.0
speed
0.0011969227250895466
traffic_light
None
translation_offset
2364.002199411392,4101.188201781362
angle
89.68991088867188
hero_past_trajectory
352,502
352,502
352,502
352,502
352,502
352,502
352,502
352,502
352,502
352,502
actor_past_trajectory
104
42,63
42,63
42,63
42,63
42,63
42,63
42,63
42,63
42,63
42,63
142
296,389
296,401
296,407
297,418
297,425
297,434
296,442
296,454
296,461
296,468
159
352,288
352,288
352,288
352,288
352,288
352,288
352,288
352,288
352,288
352,288
174
352,390
352,390
352,390
352,390
352,390
352,390
352,390
352,390
352,390
352,390
187
308,-70
311,-58
312,-51
316,-40
318,-33
322,-25
326,-17
332,-7
336,-1
340,3
