time
560.9094899553238
hero_global_pos
-50.291996002197266,-2.8719241619110107
road_id
67
is_junction
False
speed_limit
30.0
speed
0.0039965995671914075
traffic_light
None
translation_offset
2364.002199411392,4101.188201781362
angle
89.68991088867188
hero_past_trajectory
352,502
352,502
352,502
352,502
352,502
352,502
352,502
352,502
352,502
352,502
actor_past_trajectory
104
42,63
42,63
42,63
42,63
42,63
42,63
42,63
42,63
42,63
42,63
142
296,454
296,461
296,468
296,480
296,490
296,499
296,508
296,518
296,525
296,532
159
352,288
352,288
352,288
352,288
352,288
352,288
352,288
352,288
352,288
352,288
174
352,390
352,390
352,390
352,390
352,390
352,390
352,390
352,390
352,390
352,390
187
332,-7
336,-1
340,3
348,12
356,20
363,25
372,31
381,36
386,40
394,44
