time
561.5627307719915
hero_global_pos
-50.291996002197266,-2.8719241619110107
road_id
67
is_junction
False
speed_limit
30.0
speed
0.0016979755601078
traffic_light
None
translation_offset
2364.002199411392,4101.188201781362
angle
89.68991088867188
hero_past_trajectory
352,502
352,502
352,502
352,502
352,502
352,502
352,502
352,502
352,502
352,502
actor_past_trajectory
104
42,63
42,63
42,63
42,63
42,63
42,63
42,63
42,63
42,63
42,63
142
296,508
296,518
296,525
296,532
296,543
296,555
296,558
296,574
296,581
296,589
159
352,288
352,288
352,288
352,288
352,288
352,288
352,288
352,288
352,288
352,288
174
352,390
352,390
352,390
352,390
352,390
352,390
352,390
352,390
352,390
352,390
187
372,31
381,36
386,40
394,44
403,48
414,52
417,52
434,56
443,57
451,57
