time
562.0540842223345
hero_global_pos
-50.291996002197266,-2.8719236850738525
road_id
67
is_junction
False
speed_limit
30.0
speed
0.0001613465050863635
traffic_light
None
translation_offset
2364.002199411392,4101.188201781362
angle
89.68991088867188
hero_past_trajectory
352,502
352,502
352,502
352,502
352,502
352,502
352,502
352,502
352,502
352,502
actor_past_trajectory
104
42,63
42,63
42,63
42,63
42,63
42,63
42,63
42,63
42,63
42,63
142
296,555
296,558
296,574
296,581
296,589
297,601
297,608
297,615
296,630
296,637
159
352,288
352,288
352,288
352,288
352,288
352,288
352,288
352,288
352,288
352,288
173
-124,121
-121,121
-105,120
-98,120
-89,120
-78,120
-70,120
-63,120
-48,120
-41,120
174
352,390
352,390
352,390
352,390
352,390
352,390
352,390
352,390
352,390
352,390
187
414,52
417,52
434,56
443,57
451,57
464,58
472,58
479,59
494,59
501,59
