time
175.62690999315964
hero_global_pos
233.7584686279297,55.939476013183594
road_id
724
is_junction
True
speed_limit
30.0
speed
27.510317003468277
traffic_light
None
translation_offset
7055.345738321543,5192.954733252525
angle
-181.3959732055664
hero_past_trajectory
353,621
353,607
352,598
352,585
353,574
353,566
352,549
353,538
353,524
352,514
actor_past_trajectory
104
184,16
184,16
184,16
184,16
184,16
184,16
184,16
184,16
184,16
184,16
108
185,121
185,121
185,121
185,121
185,121
185,121
185,121
185,121
185,121
185,121
163
353,778
353,770
352,761
352,756
353,743
353,738
352,725
352,716
352,710
353,698
174
409,656
409,648
408,638
408,632
409,618
409,612
408,599
408,591
408,584
409,573
