time
562.754385647866
hero_global_pos
-50.291996002197266,-2.8719236850738525
road_id
67
is_junction
False
speed_limit
30.0
speed
0.0002891175099708774
traffic_light
None
translation_offset
2364.002199411392,4101.188201781362
angle
89.68991088867188
hero_past_trajectory
352,502
352,502
352,502
352,502
352,502
352,502
352,502
352,502
352,502
352,502
actor_past_trajectory
104
42,63
42,63
42,63
42,63
42,63
42,63
42,63
42,63
42,63
42,63
142
297,615
296,630
296,637
296,647
296,654
295,665
295,675
294,683
293,693
292,702
159
352,288
352,288
352,288
352,288
352,288
352,288
352,288
352,288
352,288
352,288
173
-63,120
-48,120
-41,120
-31,119
-24,119
-13,119
-2,119
5,119
15,119
23,119
174
352,390
352,390
352,390
352,390
352,390
352,390
352,390
352,390
352,390
352,390
187
479,59
494,59
501,59
511,59
518,59
529,59
540,59
548,59
558,59
568,59
