time
175.71510710338043
hero_global_pos
233.7420654296875,56.61444854736328
road_id
724
is_junction
True
speed_limit
30.0
speed
27.60312648864108
traffic_light
None
translation_offset
7054.344127040356,5203.954786896706
angle
-181.3965835571289
hero_past_trajectory
352,618
352,609
351,596
352,585
352,577
351,560
352,549
352,535
352,525
351,513
actor_past_trajectory
104
183,27
183,27
183,27
183,27
183,27
183,27
183,27
183,27
183,27
183,27
108
184,132
184,132
184,132
184,132
184,132
184,132
184,132
184,132
184,132
184,132
163
352,781
352,772
351,767
352,754
352,749
352,736
351,727
351,721
352,709
352,700
174
408,659
408,649
407,643
408,629
408,623
408,610
407,602
407,595
408,584
408,575
