time
563.2663574382095
hero_global_pos
-50.291996002197266,-2.8719236850738525
road_id
67
is_junction
False
speed_limit
30.0
speed
0.014307511411608593
traffic_light
None
translation_offset
2364.002199411392,4101.188201781362
angle
89.68991088867188
hero_past_trajectory
352,502
352,502
352,502
352,502
352,502
352,502
352,502
352,502
352,502
352,502
actor_past_trajectory
104
42,63
42,63
42,63
42,63
42,63
42,63
42,63
42,63
42,63
42,63
142
295,665
295,675
294,683
293,693
292,702
291,709
291,715
289,725
288,735
287,741
159
352,288
352,288
352,288
352,288
352,288
352,288
352,288
352,288
352,288
352,288
173
-13,119
-2,119
5,119
15,119
23,119
28,119
32,119
36,119
38,119
39,119
174
352,390
352,390
352,390
352,390
352,390
352,390
352,390
352,390
352,390
352,390
187
529,59
540,59
548,59
558,59
568,59
575,59
581,59
591,59
601,59
608,59
