time
175.79179344469594
hero_global_pos
233.72775268554688,57.20310592651367
road_id
724
is_junction
True
speed_limit
30.0
speed
27.67894344569177
traffic_light
None
translation_offset
7054.343267336488,5212.954831600189
angle
-181.39691162109375
hero_past_trajectory
352,618
352,605
352,594
352,586
352,569
352,558
352,544
352,534
351,522
352,511
actor_past_trajectory
104
184,36
184,36
184,36
184,36
184,36
184,36
184,36
184,36
184,36
184,36
108
184,141
184,141
184,141
184,141
184,141
184,141
184,141
184,141
184,141
184,141
163
352,781
352,776
352,763
352,758
352,745
352,736
352,730
352,718
352,709
352,701
174
408,658
408,652
408,638
408,632
408,619
408,611
407,604
408,593
408,584
409,577
