time
564.3137822817444
hero_global_pos
-50.291996002197266,-2.8719236850738525
road_id
67
is_junction
False
speed_limit
30.0
speed
0.0028630810559364885
traffic_light
None
translation_offset
2364.002199411392,4101.188201781362
angle
89.68991088867188
hero_past_trajectory
352,502
352,502
352,502
352,502
352,502
352,502
352,502
352,502
352,502
352,502
actor_past_trajectory
104
42,63
42,63
42,63
42,63
42,63
42,63
42,63
42,63
42,63
42,63
159
352,288
352,288
352,288
352,288
352,288
352,288
352,288
352,288
352,288
352,288
173
39,119
39,119
39,119
39,119
39,119
39,119
39,119
39,119
39,119
39,119
174
352,390
352,390
352,390
352,390
352,390
352,390
352,390
352,390
352,390
352,390
187
629,58
637,58
649,58
655,58
664,58
675,58
685,58
693,58
704,58
710,57
