time
565.8240218419014
hero_global_pos
-50.291996002197266,-2.8719241619110107
road_id
67
is_junction
False
speed_limit
30.0
speed
0.009255893435373629
traffic_light
None
translation_offset
2364.002199411392,4101.188201781362
angle
89.68991088867188
hero_past_trajectory
352,502
352,502
352,502
352,502
352,502
352,502
352,502
352,502
352,502
352,502
actor_past_trajectory
104
42,63
42,63
42,63
42,63
42,63
42,63
42,63
42,63
42,63
42,63
159
352,288
352,288
352,288
352,288
352,288
352,288
352,288
352,288
352,288
352,288
173
39,119
39,119
39,119
39,119
39,119
39,119
39,119
39,119
39,119
39,119
174
352,390
352,390
352,390
352,390
352,390
352,390
352,390
352,390
352,390
352,390
