time
176.15933963986026
hero_global_pos
233.66256713867188,59.88373565673828
road_id
724
is_junction
True
speed_limit
30.0
speed
27.662487009898722
traffic_light
None
translation_offset
7053.34175915271,5255.955081939697
angle
-181.3974838256836
hero_past_trajectory
352,629
352,612
352,601
352,587
352,577
352,565
352,554
352,538
352,528
352,519
actor_past_trajectory
104
184,79
184,79
184,79
184,79
184,79
184,79
184,79
184,79
184,79
184,79
108
184,184
184,184
184,184
184,184
184,184
184,184
184,184
184,184
184,184
184,184
116
184,-34
184,-34
184,-34
184,-34
184,-34
184,-34
184,-34
184,-34
184,-34
184,-34
163
352,801
352,788
352,779
352,773
352,761
352,752
352,744
352,737
352,725
352,718
174
408,675
408,662
408,654
408,647
408,636
408,627
409,620
410,613
411,601
413,594
