time
568.099205263461
hero_global_pos
-50.291996002197266,-2.8719236850738525
road_id
67
is_junction
False
speed_limit
30.0
speed
0.0004394789563965369
traffic_light
None
translation_offset
2364.002199411392,4101.188201781362
angle
89.68991088867188
hero_past_trajectory
352,502
352,502
352,502
352,502
352,502
352,502
352,502
352,502
352,502
352,502
actor_past_trajectory
104
42,63
42,63
42,63
42,63
42,63
42,63
42,63
42,63
42,63
42,63
159
352,288
352,288
352,287
352,286
352,283
352,280
352,275
352,272
352,263
352,258
173
39,119
39,119
39,119
39,119
39,119
39,119
39,119
39,119
39,119
39,119
174
352,390
352,390
352,390
352,390
352,390
352,390
352,390
352,389
352,389
352,388
