time
176.24315028408455
hero_global_pos
233.6472930908203,60.5107421875
road_id
724
is_junction
True
speed_limit
30.0
speed
27.61950425796994
traffic_light
None
translation_offset
7053.341632585973,5265.955126643181
angle
-181.3975372314453
hero_past_trajectory
352,622
353,611
352,597
352,587
352,575
353,564
352,548
352,538
353,529
352,512
actor_past_trajectory
104
184,89
184,89
184,89
184,89
184,89
184,89
184,89
184,89
184,89
184,89
108
184,194
184,194
184,194
184,194
184,194
184,194
184,194
184,194
184,194
184,194
116
184,-24
184,-24
184,-24
184,-24
184,-24
184,-24
184,-24
184,-24
184,-24
184,-24
163
352,798
352,789
352,783
353,771
352,762
352,754
352,747
353,735
353,728
352,716
174
408,672
408,664
408,657
409,646
408,637
409,630
410,623
412,611
413,604
417,592
