time
568.3038564068629
hero_global_pos
-50.29311752319336,-2.8719303607940674
road_id
67
is_junction
False
speed_limit
30.0
speed
0.18979957840549008
traffic_light
None
translation_offset
2364.002199411392,4101.188023037277
angle
89.68984985351562
hero_past_trajectory
352,502
352,502
352,502
352,502
352,502
352,502
352,502
352,502
352,502
352,502
actor_past_trajectory
104
42,63
42,63
42,63
42,63
42,63
42,63
42,63
42,63
42,63
42,63
159
352,287
352,286
352,283
352,280
352,275
352,272
352,263
352,258
352,248
352,241
173
39,119
39,119
39,119
39,119
39,119
39,119
39,119
39,119
39,119
39,119
174
352,390
352,390
352,390
352,390
352,390
352,389
352,389
352,388
352,386
352,383
