time
568.3958879155471
hero_global_pos
-50.30564498901367,-2.871981143951416
road_id
67
is_junction
False
speed_limit
30.0
speed
0.4707945626685725
traffic_light
None
translation_offset
2364.002270936966,4101.181800591759
angle
89.68746948242188
hero_past_trajectory
352,502
352,502
352,502
352,502
352,502
352,502
352,502
352,502
352,502
352,502
actor_past_trajectory
104
42,63
42,63
42,63
42,63
42,63
42,63
42,63
42,63
42,63
42,63
159
352,286
352,283
352,280
352,275
352,272
352,263
352,258
352,248
352,241
352,234
173
39,119
39,119
39,119
39,119
39,119
39,119
39,119
39,119
39,119
39,119
174
352,390
352,390
352,390
352,390
352,389
352,389
352,388
352,386
352,383
352,380
