time
568.490471540521
hero_global_pos
-50.34894943237305,-2.872236490249634
road_id
67
is_junction
False
speed_limit
30.0
speed
2.4739792907676783
traffic_light
None
translation_offset
2363.002771615982,4101.177976697683
angle
89.68600463867188
hero_past_trajectory
352,503
352,503
352,503
352,503
352,503
352,503
352,503
352,503
352,503
352,503
actor_past_trajectory
104
42,64
42,64
42,64
42,64
42,64
42,64
42,64
42,64
42,64
42,64
159
352,284
352,281
352,276
352,273
352,264
352,259
352,249
352,242
352,235
351,228
173
39,120
39,120
39,120
39,120
39,120
39,120
39,120
39,120
39,120
39,120
174
352,391
352,391
352,391
352,390
352,390
352,389
352,387
352,384
352,381
352,377
