time
568.8078217660441
hero_global_pos
-50.80244827270508,-2.8749608993530273
road_id
67
is_junction
False
speed_limit
30.0
speed
7.5707920632294865
traffic_light
None
translation_offset
2356.0074565410614,4101.151180731133
angle
89.67576599121094
hero_past_trajectory
352,510
352,510
352,510
352,510
352,510
352,510
352,510
352,509
352,507
352,504
actor_past_trajectory
104
42,71
42,71
42,71
42,71
42,71
42,71
42,71
42,71
42,71
42,71
159
352,280
352,271
352,266
352,256
352,249
352,242
351,235
351,228
351,218
350,205
173
39,127
39,127
39,127
39,127
39,127
39,127
39,127
39,127
39,127
39,127
174
352,397
352,397
352,396
352,394
352,391
352,388
352,384
352,380
352,373
352,366
