time
568.8878646162702
hero_global_pos
-51.13502883911133,-2.876906394958496
road_id
67
is_junction
False
speed_limit
30.0
speed
9.710472189788288
traffic_light
None
translation_offset
2350.008377432823,4101.141816329211
angle
89.67218017578125
hero_past_trajectory
352,516
352,516
352,516
352,516
352,516
352,516
352,515
352,513
352,510
352,506
actor_past_trajectory
104
42,77
42,77
42,77
42,77
42,77
42,77
42,77
42,77
42,77
42,77
159
352,277
352,272
352,262
352,255
352,248
352,241
351,234
351,224
350,211
350,203
173
39,133
39,133
39,133
39,133
39,133
39,133
39,133
39,133
39,133
39,133
174
352,403
352,402
352,400
352,397
352,394
352,390
352,386
352,379
352,372
352,366
