time
569.1508656987353
hero_global_pos
-51.86363983154297,-2.8810997009277344
road_id
67
is_junction
False
speed_limit
30.0
speed
13.23959797459625
traffic_light
None
translation_offset
2340.008887052536,4101.134380812757
angle
89.66934204101562
hero_past_trajectory
352,526
352,526
352,526
352,526
352,525
352,523
352,520
352,516
352,512
352,507
actor_past_trajectory
104
42,87
42,87
42,87
42,87
42,87
42,87
42,87
42,87
42,87
42,87
159
352,272
352,265
352,258
352,251
352,244
351,234
350,221
350,213
349,197
348,188
173
39,143
39,143
39,143
39,143
39,143
39,143
39,143
39,143
39,143
39,143
174
352,410
352,407
352,404
352,400
352,396
352,389
352,382
352,376
352,365
352,359
