time
176.32124453367578
hero_global_pos
233.63291931152344,61.10165786743164
road_id
724
is_junction
True
speed_limit
30.0
speed
27.579003692766214
traffic_light
None
translation_offset
7053.341882366687,5274.955162405968
angle
-181.3974380493164
hero_past_trajectory
353,620
353,606
352,596
352,584
353,573
352,557
352,547
353,538
352,521
352,511
actor_past_trajectory
104
184,98
184,98
184,98
184,98
184,98
184,98
184,98
184,98
184,98
184,98
108
185,203
185,203
185,203
185,203
185,203
185,203
185,203
185,203
185,203
185,203
116
184,-15
184,-15
184,-15
184,-15
184,-15
184,-15
184,-15
184,-15
184,-15
184,-15
163
352,798
352,792
353,780
353,771
352,763
352,756
353,744
353,737
352,725
352,718
174
408,673
408,666
409,655
409,646
409,639
410,632
412,620
414,613
417,601
420,594
