time
569.2316902471139
hero_global_pos
-52.09286880493164,-2.8824217319488525
road_id
67
is_junction
False
speed_limit
30.0
speed
14.158888585957152
traffic_light
None
translation_offset
2335.0089406967163,4101.131734715775
angle
89.6683349609375
hero_past_trajectory
352,531
352,531
352,531
352,530
352,528
352,525
352,521
352,517
352,512
352,506
actor_past_trajectory
104
42,92
42,92
42,92
42,92
42,92
42,92
42,92
42,92
42,92
42,92
159
352,270
352,263
352,256
352,249
351,239
350,226
350,218
349,202
348,193
345,178
173
39,148
39,148
39,148
39,148
39,148
39,148
39,148
39,148
39,148
39,148
174
352,412
352,409
352,405
352,401
352,394
352,387
352,381
352,370
352,364
352,352
