time
569.3621305399938
hero_global_pos
-52.66097640991211,-2.8857030868530273
road_id
67
is_junction
False
speed_limit
30.0
speed
16.192828137815038
traffic_light
None
translation_offset
2326.0089406967163,4101.127693590708
angle
89.66679382324219
hero_past_trajectory
352,540
352,540
352,539
352,537
352,534
352,530
352,526
352,521
352,515
352,511
actor_past_trajectory
104
42,101
42,101
42,101
42,101
42,101
42,101
42,101
42,101
42,101
42,101
159
352,272
352,265
352,258
352,248
350,235
350,227
349,211
348,202
345,187
344,177
173
39,157
39,157
39,157
39,157
39,157
39,157
39,157
39,157
39,157
39,157
174
353,418
352,414
352,410
352,403
352,396
352,390
352,379
352,373
352,361
352,353
