time
569.4175787684871
hero_global_pos
-53.00041961669922,-2.8876609802246094
road_id
67
is_junction
False
speed_limit
30.0
speed
17.280835016561916
traffic_light
None
translation_offset
2320.0088959932327,4101.126119818538
angle
89.66618347167969
hero_past_trajectory
352,546
352,545
352,543
352,540
352,536
352,532
352,527
352,521
352,517
352,508
actor_past_trajectory
104
42,107
42,107
42,107
42,107
42,107
42,107
42,107
42,107
42,107
42,107
159
352,271
352,264
352,254
350,241
350,233
349,217
348,208
345,193
344,183
340,167
173
39,163
39,163
39,163
39,163
39,163
39,163
39,163
39,163
39,163
39,163
174
353,420
352,416
352,409
352,402
352,396
352,385
352,379
352,367
352,359
352,347
