time
569.6306349565639
hero_global_pos
-53.98084259033203,-2.8931872844696045
road_id
67
is_junction
False
speed_limit
30.0
speed
19.375349359265066
traffic_light
None
translation_offset
2305.0078588724136,4101.135376163758
angle
89.66972351074219
hero_past_trajectory
352,558
352,555
352,551
352,547
352,542
352,536
352,532
352,523
352,517
352,507
actor_past_trajectory
104
42,122
42,122
42,122
42,122
42,122
42,122
42,122
42,122
42,122
42,122
159
352,269
351,256
351,248
349,232
348,223
345,208
344,198
340,182
338,174
335,163
173
39,178
39,178
39,178
39,178
39,178
39,178
39,178
39,178
39,178
39,178
174
353,424
353,417
352,411
352,400
352,394
352,382
352,374
352,362
352,355
352,347
176
519,-49
519,-49
519,-49
519,-49
519,-49
519,-49
519,-49
519,-49
519,-49
519,-49
