time
569.7653351636036
hero_global_pos
-54.70195770263672,-2.897233009338379
road_id
67
is_junction
False
speed_limit
30.0
speed
17.84870460646495
traffic_light
None
translation_offset
2293.003397464752,4100.148690118454
angle
89.67481994628906
hero_past_trajectory
351,567
351,563
351,559
351,554
351,548
351,544
351,535
351,529
351,519
351,514
actor_past_trajectory
104
41,134
41,134
41,134
41,134
41,134
41,134
41,134
41,134
41,134
41,134
159
350,268
350,260
349,244
347,235
344,220
343,210
339,194
337,186
334,175
330,163
173
38,190
38,190
38,190
38,190
38,190
38,190
38,190
38,190
38,190
38,190
174
352,429
352,423
351,412
351,406
351,394
351,386
351,374
351,367
351,359
351,351
176
518,-37
518,-37
518,-37
518,-37
518,-37
518,-37
518,-37
518,-37
518,-37
518,-37
