time
570.0629515988185
hero_global_pos
-56.19744110107422,-2.9054250717163086
road_id
67
is_junction
False
speed_limit
30.0
speed
19.273204626449324
traffic_light
None
translation_offset
2269.0025123357773,4100.1691059898585
angle
89.6826171875
hero_past_trajectory
351,578
351,572
351,568
351,559
351,553
351,543
351,538
352,526
352,520
352,512
actor_past_trajectory
104
41,158
41,158
41,158
41,158
41,158
41,158
41,158
41,158
41,158
41,158
159
348,259
345,244
344,234
339,218
337,210
334,199
330,187
324,170
320,162
314,149
173
38,214
38,214
38,214
38,214
38,214
38,214
38,214
38,214
38,214
38,214
174
352,430
352,418
351,410
351,398
351,391
351,383
351,375
351,362
351,355
352,344
176
518,-13
518,-13
518,-13
518,-13
518,-13
518,-13
518,-13
518,-13
518,-13
518,-13
