time
176.45183308379637
hero_global_pos
233.6077880859375,62.13471221923828
road_id
724
is_junction
True
speed_limit
30.0
speed
27.168989125844245
traffic_light
None
translation_offset
7052.34200586006,5291.955224990845
angle
-181.39739227294922
hero_past_trajectory
352,623
352,613
351,601
352,590
352,574
352,564
352,555
352,538
352,528
351,519
actor_past_trajectory
104
184,115
184,115
184,115
184,115
184,115
184,115
184,115
184,115
184,115
184,115
108
184,220
184,220
184,220
184,220
184,220
184,220
184,220
184,220
184,220
184,220
116
184,1
184,1
184,1
184,1
184,1
184,1
184,1
184,1
184,1
184,1
163
351,809
352,797
352,788
352,780
352,773
352,761
352,754
352,742
352,735
352,728
174
407,683
408,672
408,663
409,656
410,649
411,637
413,630
417,618
420,611
423,605
