time
570.4351877891822
hero_global_pos
-58.43464660644531,-2.9173948764801025
road_id
67
is_junction
False
speed_limit
30.0
speed
19.507926186046063
traffic_light
None
translation_offset
2236.002172589302,4100.194031115621
angle
89.692138671875
hero_past_trajectory
351,586
351,576
351,571
352,559
352,553
352,545
352,535
352,529
352,522
352,508
actor_past_trajectory
104
41,191
41,191
41,191
41,191
41,191
41,191
41,191
41,191
41,191
41,191
159
338,243
335,232
330,220
324,203
320,195
314,182
307,170
302,161
296,153
284,136
173
39,247
39,247
39,247
39,247
39,247
39,247
39,247
39,247
39,247
39,247
174
352,424
352,416
351,408
351,395
351,388
352,377
352,367
352,360
352,352
352,337
176
518,19
518,19
518,19
518,19
518,19
518,19
518,19
518,19
518,19
518,19
