time
570.766300952564
hero_global_pos
-60.0205192565918,-2.925736427307129
road_id
67
is_junction
False
speed_limit
30.0
speed
19.46733326609231
traffic_light
None
translation_offset
2208.0021010637283,4100.2074062582105
angle
89.69725036621094
hero_past_trajectory
352,587
352,581
352,573
352,563
352,557
352,550
352,536
352,527
352,520
352,508
actor_past_trajectory
104
41,219
41,219
41,219
41,219
41,219
41,219
41,219
41,219
41,219
41,219
159
325,231
321,223
314,210
307,198
302,189
296,181
284,164
280,158
270,147
260,137
173
39,275
39,275
39,275
39,275
39,275
39,275
39,275
39,275
39,275
39,275
174
352,423
352,416
352,405
352,395
352,388
352,380
352,365
352,360
352,348
352,336
176
519,47
519,47
519,47
519,47
519,47
519,47
519,47
519,47
519,47
519,47
