time
571.1435596445008
hero_global_pos
-62.203773498535156,-2.937105655670166
road_id
67
is_junction
False
speed_limit
30.0
speed
19.298467610771922
traffic_light
Green
translation_offset
2173.0020563602448,4100.2186713265255
angle
89.70155334472656
hero_past_trajectory
352,592
352,585
352,571
352,562
352,555
352,543
352,537
352,526
352,519
352,508
actor_past_trajectory
104
42,254
42,254
42,254
42,254
42,254
42,254
42,254
42,254
42,254
42,254
159
303,224
297,216
284,199
280,193
270,182
260,172
255,167
247,159
241,155
233,147
173
39,310
39,310
39,310
39,310
39,310
39,310
39,310
39,310
39,310
39,310
174
353,423
353,415
352,400
352,395
352,383
352,371
352,364
352,353
352,346
352,334
176
519,82
519,82
519,82
519,82
519,82
519,82
519,82
519,82
519,82
519,82
