time
571.2620925219162
hero_global_pos
-62.71504592895508,-2.939754009246826
road_id
67
is_junction
False
speed_limit
30.0
speed
19.360717414736836
traffic_light
Green
translation_offset
2165.0020653009415,4100.220602656715
angle
89.70228576660156
hero_past_trajectory
352,593
352,579
352,570
352,563
352,551
352,545
352,534
352,527
352,516
352,510
actor_past_trajectory
104
42,262
42,262
42,262
42,262
42,262
42,262
42,262
42,262
42,262
42,262
159
297,224
284,207
280,201
270,190
260,180
255,175
247,167
241,163
233,155
228,151
173
39,318
39,318
39,318
39,318
39,318
39,318
39,318
39,318
39,318
39,318
174
353,423
353,408
352,403
352,391
352,379
352,372
352,361
352,354
352,342
352,336
176
519,90
519,90
519,90
519,90
519,90
519,90
519,90
519,90
519,90
519,90
