time
571.3516109516277
hero_global_pos
-63.5527229309082,-2.9440789222717285
road_id
67
is_junction
False
speed_limit
30.0
speed
20.251465796771637
traffic_light
Green
translation_offset
2152.002047419548,4100.220995977521
angle
89.70243835449219
hero_past_trajectory
352,592
352,583
352,576
352,564
352,558
352,547
352,540
352,529
352,523
352,515
actor_past_trajectory
104
42,275
42,275
42,275
42,275
42,275
42,275
42,275
42,275
42,275
42,275
159
285,220
281,214
270,203
260,193
255,188
247,180
241,176
233,168
228,164
222,158
173
39,331
39,331
39,331
39,331
39,331
39,331
39,331
39,331
39,331
39,331
174
353,421
353,416
352,404
352,392
352,385
352,374
352,367
352,355
352,349
352,341
176
519,103
519,103
519,103
519,103
519,103
519,103
519,103
519,103
519,103
519,103
