time
571.4877749034567
hero_global_pos
-63.98318862915039,-2.9463000297546387
road_id
67
is_junction
False
speed_limit
30.0
speed
20.641984730854514
traffic_light
Green
translation_offset
2145.002181529999,4100.220817862079
angle
89.70237731933594
hero_past_trajectory
352,590
352,583
352,571
352,565
352,554
352,547
352,536
352,530
352,522
352,509
actor_past_trajectory
104
42,282
42,282
42,282
42,282
42,282
42,282
42,282
42,282
42,282
42,282
159
281,221
270,210
260,200
255,195
247,187
241,183
233,175
228,171
222,165
216,160
173
39,338
39,338
39,338
39,338
39,338
39,338
39,338
39,338
39,338
39,338
174
353,423
353,411
352,399
352,392
352,381
352,374
352,362
352,356
352,348
352,340
176
519,110
519,110
519,110
519,110
519,110
519,110
519,110
519,110
519,110
519,110
