time
572.073798854406
hero_global_pos
-67.19308471679688,-2.862842082977295
road_id
67
is_junction
False
speed_limit
30.0
speed
20.846939482246402
traffic_light
Green
translation_offset
2093.1090854406357,4107.7169245556
angle
-267.8157653808594
hero_past_trajectory
350,588
350,582
350,574
351,561
351,554
351,542
352,535
352,528
352,522
352,507
actor_past_trajectory
99
-46,318
-46,318
-46,318
-46,318
-46,318
-46,318
-46,318
-46,318
-46,318
-46,318
104
51,320
51,320
51,320
51,320
51,320
51,320
51,320
51,320
51,320
51,320
116
320,-30
320,-30
320,-30
320,-30
320,-30
320,-30
320,-30
320,-30
320,-30
320,-30
159
247,222
242,218
236,211
230,206
220,198
216,193
206,184
200,179
195,175
186,165
173
46,376
46,376
46,376
46,376
46,376
46,376
46,376
46,376
46,376
46,376
174
357,414
358,408
358,400
358,392
359,379
359,373
359,360
360,353
360,346
360,333
176
535,170
535,170
535,170
535,170
535,170
535,170
535,170
535,170
535,170
535,170
