time
572.1637064502938
hero_global_pos
-67.95426940917969,-2.8010761737823486
road_id
471
is_junction
True
speed_limit
30.0
speed
19.78161248195527
traffic_light
Green
translation_offset
2081.263625383377,4111.852295577526
angle
-266.6166534423828
hero_past_trajectory
349,594
349,586
350,573
350,566
351,554
351,547
352,540
352,534
352,519
352,514
actor_past_trajectory
99
-42,321
-42,321
-42,321
-42,321
-42,321
-42,321
-42,321
-42,321
-42,321
-42,321
104
55,326
55,326
55,326
55,326
55,326
55,326
55,326
55,326
55,326
55,326
116
332,-18
332,-18
332,-18
332,-18
332,-18
332,-18
332,-18
332,-18
332,-18
332,-18
159
248,227
242,221
237,216
227,207
222,202
213,193
207,188
203,184
193,174
188,170
173
49,382
49,382
49,382
49,382
49,382
49,382
49,382
49,382
49,382
49,382
174
360,420
360,412
361,404
362,391
362,385
363,372
363,365
363,358
364,345
366,340
176
542,186
542,186
542,186
542,186
542,186
542,186
542,186
542,186
542,186
542,186
