time
176.6580699808328
hero_global_pos
233.5725555419922,63.58196258544922
road_id
724
is_junction
True
speed_limit
30.0
speed
24.02431126975134
traffic_light
None
translation_offset
7052.349062025547,5314.954867362976
angle
-181.3946990966797
hero_past_trajectory
352,624
353,613
352,597
352,587
353,578
352,561
352,551
352,542
353,525
352,517
actor_past_trajectory
104
184,138
184,138
184,138
184,138
184,138
184,138
184,138
184,138
184,138
184,138
108
185,243
185,243
185,243
185,243
185,243
185,243
185,243
185,243
185,243
185,243
116
184,24
184,24
184,24
184,24
184,24
184,24
184,24
184,24
184,24
184,24
163
353,811
352,803
352,796
353,784
353,777
352,765
352,758
352,751
353,739
353,732
174
408,686
409,679
410,672
412,660
414,653
417,641
420,634
423,628
430,618
434,613
