time
572.3791797613158
hero_global_pos
-68.89034271240234,-2.6955652236938477
road_id
471
is_junction
True
speed_limit
30.0
speed
19.733000031563826
traffic_light
Green
translation_offset
2066.588396191597,4118.214644789696
angle
-264.9456481933594
hero_past_trajectory
348,588
349,581
350,569
351,562
351,555
352,549
352,534
353,529
353,517
352,509
actor_past_trajectory
99
-36,325
-36,325
-36,325
-36,325
-36,325
-36,325
-36,325
-36,325
-36,325
-36,325
104
61,333
61,333
61,333
61,333
61,333
61,333
61,333
61,333
61,333
61,333
116
348,-3
348,-3
348,-3
348,-3
348,-3
348,-3
348,-3
348,-3
348,-3
348,-3
159
246,228
237,219
232,213
223,204
217,199
213,195
203,185
199,180
190,171
184,165
173
53,388
53,388
53,388
53,388
53,388
53,388
53,388
53,388
53,388
53,388
174
364,420
365,407
366,401
367,388
368,381
368,374
369,361
371,355
372,343
373,334
176
552,206
552,206
552,206
552,206
552,206
552,206
552,206
552,206
552,206
552,206
