time
572.5121175353779
hero_global_pos
-69.58909606933594,-2.580003023147583
road_id
471
is_junction
True
speed_limit
30.0
speed
20.520976090997923
traffic_light
None
translation_offset
2056.1095494031906,4125.187507241964
angle
-263.0356140136719
hero_past_trajectory
347,592
348,580
349,573
350,566
351,560
352,545
352,540
353,528
353,520
353,510
actor_past_trajectory
99
-29,323
-29,323
-29,323
-29,323
-29,323
-29,323
-29,323
-29,323
-29,323
-29,323
104
67,334
67,334
67,334
67,334
67,334
67,334
67,334
67,334
67,334
67,334
116
365,7
365,7
365,7
365,7
365,7
365,7
365,7
365,7
365,7
365,7
159
247,226
242,221
233,211
228,206
224,201
215,191
210,186
202,177
196,171
192,165
173
57,389
57,389
57,389
57,389
57,389
57,389
57,389
57,389
57,389
57,389
174
369,418
370,413
372,400
372,393
373,386
375,373
377,367
378,355
379,346
380,339
176
562,224
562,224
562,224
562,224
562,224
562,224
562,224
562,224
562,224
562,224
