time
572.5875018542065
hero_global_pos
-70.0276870727539,-2.4986963272094727
road_id
471
is_junction
True
speed_limit
30.0
speed
20.974819141063108
traffic_light
None
translation_offset
2049.4810264110565,4129.018856018782
angle
-261.94482421875
hero_past_trajectory
347,587
348,580
349,573
350,567
351,552
352,547
352,535
352,527
353,517
352,509
actor_past_trajectory
99
-26,323
-26,323
-26,323
-26,323
-26,323
-26,323
-26,323
-26,323
-26,323
-26,323
104
70,336
70,336
70,336
70,336
70,336
70,336
70,336
70,336
70,336
70,336
116
375,14
375,14
375,14
375,14
375,14
375,14
375,14
375,14
375,14
375,14
159
248,226
239,216
234,211
229,206
221,196
216,191
208,182
202,175
198,169
191,161
173
60,391
60,391
60,391
60,391
60,391
60,391
60,391
60,391
60,391
60,391
174
372,420
374,407
374,400
375,393
377,380
379,375
381,363
382,354
383,347
385,336
176
567,236
567,236
567,236
567,236
567,236
567,236
567,236
567,236
567,236
567,236
