time
572.6842930023922
hero_global_pos
-70.82682037353516,-2.330366849899292
road_id
471
is_junction
True
speed_limit
30.0
speed
21.359214074351048
traffic_light
None
translation_offset
2037.26331949234,4136.959049165249
angle
-260.03419494628906
hero_past_trajectory
346,593
347,586
348,581
350,566
351,561
352,549
352,541
353,531
352,522
353,515
actor_past_trajectory
99
-19,324
-19,324
-19,324
-19,324
-19,324
-19,324
-19,324
-19,324
-19,324
-19,324
104
77,340
77,340
77,340
77,340
77,340
77,340
77,340
77,340
77,340
77,340
116
392,29
392,29
392,29
392,29
392,29
392,29
392,29
392,29
392,29
392,29
131
-49,375
-49,375
-49,375
-49,375
-49,375
-49,375
-49,375
-49,375
-49,375
-49,375
159
249,226
244,220
240,215
232,205
227,200
220,190
214,183
210,178
203,169
199,163
173
64,395
64,395
64,395
64,395
64,395
64,395
64,395
64,395
64,395
64,395
174
377,421
379,414
380,407
382,395
384,389
386,377
388,368
389,361
391,350
392,344
176
577,256
577,256
577,256
577,256
577,256
577,256
577,256
577,256
577,256
577,256
