time
572.9141110242708
hero_global_pos
-71.94798278808594,-2.009955406188965
road_id
471
is_junction
True
speed_limit
30.0
speed
21.49419381709569
traffic_light
None
translation_offset
2021.336702823639,4151.807233303785
angle
-256.1892852783203
hero_past_trajectory
344,599
346,584
347,579
349,567
350,559
352,549
352,541
352,534
353,521
353,514
actor_past_trajectory
99
-5,318
-5,318
-5,318
-5,318
-5,318
-5,318
-5,318
-5,318
-5,318
-5,318
104
89,341
89,341
89,341
89,341
89,341
89,341
89,341
89,341
89,341
89,341
116
424,51
424,51
424,51
424,51
424,51
424,51
424,51
424,51
424,51
424,51
131
-39,367
-39,367
-39,367
-39,367
-39,367
-39,367
-39,367
-39,367
-39,367
-39,367
159
260,227
252,216
249,211
242,201
236,193
233,187
227,179
223,173
215,162
211,156
173
73,394
73,394
73,394
73,394
73,394
73,394
73,394
73,394
73,394
73,394
174
387,428
390,416
392,410
395,398
397,390
399,383
401,372
403,365
406,353
408,347
176
593,291
593,291
593,291
593,291
593,291
593,291
593,291
593,291
593,291
593,291
