time
176.73787251071917
hero_global_pos
233.56065368652344,64.06935119628906
road_id
724
is_junction
True
speed_limit
30.0
speed
23.202107023170623
traffic_light
None
translation_offset
7051.350290253758,5322.954375624657
angle
-181.39423370361328
hero_past_trajectory
352,621
352,605
351,595
352,586
352,569
351,559
351,550
352,533
352,525
351,510
actor_past_trajectory
104
183,146
183,146
183,146
183,146
183,146
183,146
183,146
183,146
183,146
183,146
108
184,251
184,251
184,251
184,251
184,251
184,251
184,251
184,251
184,251
184,251
116
184,32
184,32
184,32
184,32
184,32
184,32
184,32
184,32
184,32
184,32
163
352,811
351,804
352,792
352,785
352,773
351,766
351,759
352,747
352,740
352,728
174
409,687
409,680
411,668
413,661
417,649
419,642
422,636
429,626
433,621
441,611
