time
573.2872540210737
hero_global_pos
-74.07697296142578,-1.163674235343933
road_id
430
is_junction
True
speed_limit
30.0
speed
21.02195879104663
traffic_light
None
translation_offset
1993.5484306812286,4184.256259441376
angle
-248.3845672607422
hero_past_trajectory
342,595
345,585
346,577
348,570
350,557
351,550
352,538
352,531
352,520
352,511
actor_past_trajectory
99
21,308
21,308
21,308
21,308
21,308
21,308
21,308
21,308
21,308
21,308
104
113,343
113,343
113,343
113,343
113,343
113,343
113,343
113,343
113,343
113,343
116
484,101
484,101
484,101
484,101
484,101
484,101
484,101
484,101
484,101
484,101
131
-18,352
-18,352
-18,352
-18,352
-18,352
-18,352
-18,352
-18,352
-18,352
-18,352
134
529,-8
529,-8
529,-8
529,-8
529,-8
529,-8
529,-8
529,-8
529,-8
529,-8
159
279,217
276,211
271,201
268,195
262,183
259,177
255,167
252,160
248,151
246,146
173
89,394
89,394
89,394
89,394
89,394
89,394
89,394
89,394
89,394
89,394
174
412,433
414,427
418,416
421,410
426,398
428,392
432,382
435,375
438,365
440,361
176
620,362
620,362
620,362
620,362
620,362
620,362
620,362
620,362
620,362
620,362
