time
573.6421441627099
hero_global_pos
-75.75662231445312,-0.20662665367126465
road_id
458
is_junction
True
speed_limit
30.0
speed
20.410638509455154
traffic_light
None
translation_offset
1974.579563498497,4217.309538722038
angle
-241.1797332763672
hero_past_trajectory
340,600
344,588
346,581
348,569
350,562
351,552
352,542
353,533
353,522
352,514
actor_past_trajectory
99
49,299
49,299
49,299
49,299
49,299
49,299
49,299
49,299
49,299
49,299
101
638,-33
638,-33
638,-33
638,-33
638,-33
638,-33
638,-33
638,-33
638,-33
638,-33
104
136,345
136,345
136,345
136,345
136,345
136,345
136,345
136,345
136,345
136,345
116
534,152
534,152
534,152
534,152
534,152
534,152
534,152
534,152
534,152
534,152
131
4,338
4,338
4,338
4,338
4,338
4,338
4,338
4,338
4,338
4,338
134
592,49
592,49
592,49
592,49
592,49
592,49
592,49
592,49
592,49
592,49
159
309,218
304,205
302,199
299,188
297,182
294,172
292,167
288,155
287,148
283,136
173
106,393
106,393
106,393
106,393
106,393
106,393
106,393
106,393
106,393
106,393
174
433,451
439,439
442,434
447,424
451,417
456,409
458,404
464,394
468,387
474,376
176
636,428
636,428
636,428
636,428
636,428
636,428
636,428
636,428
636,428
636,428
