time
573.839806817974
hero_global_pos
-76.65444946289062,0.43381166458129883
road_id
485
is_junction
True
speed_limit
30.0
speed
20.0769366105567
traffic_light
None
translation_offset
1966.1839855909348,4236.671762466431
angle
-237.01092529296875
hero_past_trajectory
341,598
344,586
346,579
348,569
350,559
351,551
353,539
352,531
353,519
353,513
actor_past_trajectory
99
66,295
66,295
66,295
66,295
66,295
66,295
66,295
66,295
66,295
66,295
101
677,6
677,6
677,6
677,6
677,6
677,6
677,6
677,6
677,6
677,6
104
148,347
148,347
148,347
148,347
148,347
148,347
148,347
148,347
148,347
148,347
116
560,184
560,184
560,184
560,184
560,184
560,184
560,184
560,184
560,184
560,184
131
18,330
18,330
18,330
18,330
18,330
18,330
18,330
18,330
18,330
18,330
134
625,85
625,85
625,85
625,85
625,85
625,85
625,85
625,85
625,85
625,85
159
325,214
322,203
321,196
319,186
318,180
314,169
313,161
310,149
308,138
307,132
173
115,393
115,393
115,393
115,393
115,393
115,393
115,393
115,393
115,393
115,393
174
447,458
453,449
458,442
463,434
466,429
472,419
477,413
483,402
489,393
493,388
176
641,466
641,466
641,466
641,466
641,466
641,466
641,466
641,466
641,466
641,466
