time
573.9066261710032
hero_global_pos
-76.94312286376953,0.6668598055839539
road_id
485
is_junction
True
speed_limit
30.0
speed
20.24389199132803
traffic_light
None
translation_offset
1963.4311850070953,4244.033205151558
angle
-235.46640014648438
hero_past_trajectory
342,592
344,585
347,575
349,565
351,557
352,546
352,537
353,526
353,520
352,508
actor_past_trajectory
99
72,293
72,293
72,293
72,293
72,293
72,293
72,293
72,293
72,293
72,293
101
690,21
690,21
690,21
690,21
690,21
690,21
690,21
690,21
690,21
690,21
104
153,348
153,348
153,348
153,348
153,348
153,348
153,348
153,348
153,348
153,348
116
569,196
569,196
569,196
569,196
569,196
569,196
569,196
569,196
569,196
569,196
131
23,328
23,328
23,328
23,328
23,328
23,328
23,328
23,328
23,328
23,328
134
637,98
637,98
637,98
637,98
637,98
637,98
637,98
637,98
637,98
637,98
159
331,208
330,201
328,192
327,186
324,174
323,166
320,155
318,144
318,137
315,126
173
119,393
119,393
119,393
119,393
119,393
119,393
119,393
119,393
119,393
119,393
174
455,458
460,451
465,443
468,439
475,429
480,422
486,412
493,403
496,398
502,389
176
643,480
643,480
643,480
643,480
643,480
643,480
643,480
643,480
643,480
643,480
