time
574.0364278299166
hero_global_pos
-77.49830627441406,1.1405670642852783
road_id
430
is_junction
True
speed_limit
30.0
speed
20.683630057649996
traffic_light
None
translation_offset
1958.6061685085297,4256.801277756691
angle
-232.74632263183594
hero_past_trajectory
341,596
343,586
346,576
348,568
350,557
350,549
352,537
352,531
352,520
352,513
actor_past_trajectory
99
82,292
82,292
82,292
82,292
82,292
82,292
82,292
82,292
82,292
82,292
101
713,49
713,49
713,49
713,49
713,49
713,49
713,49
713,49
713,49
713,49
104
161,350
161,350
161,350
161,350
161,350
161,350
161,350
161,350
161,350
161,350
109
-46,264
-46,264
-46,264
-46,264
-46,264
-46,264
-46,264
-46,264
-46,264
-46,264
116
583,218
583,218
583,218
583,218
583,218
583,218
583,218
583,218
583,218
583,218
131
32,324
32,324
32,324
32,324
32,324
32,324
32,324
32,324
32,324
32,324
134
656,124
656,124
656,124
656,124
656,124
656,124
656,124
656,124
656,124
656,124
159
344,212
343,202
342,197
340,185
339,177
337,165
335,154
335,147
333,136
332,130
173
125,393
125,393
125,393
125,393
125,393
125,393
125,393
125,393
125,393
125,393
174
462,468
468,460
471,456
479,446
483,440
491,430
497,422
501,417
508,408
511,403
176
644,505
644,505
644,505
644,505
644,505
644,505
644,505
644,505
644,505
644,505
