time
574.3783170101597
hero_global_pos
-78.87515258789062,2.5314085483551025
road_id
471
is_junction
True
speed_limit
30.0
speed
20.772782154935566
traffic_light
None
translation_offset
1948.852160334587,4292.972738027573
angle
-225.58749389648438
hero_past_trajectory
340,598
344,588
345,579
348,568
349,562
350,551
351,544
352,533
352,522
352,510
actor_past_trajectory
99
111,291
111,291
111,291
111,291
111,291
111,291
111,291
111,291
111,291
111,291
104
182,359
182,359
182,359
182,359
182,359
182,359
182,359
182,359
182,359
182,359
109
-13,247
-13,247
-13,247
-13,247
-13,247
-13,247
-13,247
-13,247
-13,247
-13,247
116
617,280
617,280
617,280
617,280
617,280
617,280
617,280
617,280
617,280
617,280
131
57,316
57,316
57,316
57,316
57,316
57,316
57,316
57,316
57,316
57,316
134
701,196
701,196
701,196
701,196
701,196
701,196
701,196
701,196
701,196
701,196
159
379,217
380,209
379,197
379,186
380,179
379,167
379,162
380,150
379,138
379,131
173
140,397
140,397
140,397
140,397
140,397
140,397
140,397
140,397
140,397
140,397
174
485,494
490,488
499,479
507,471
511,467
518,459
523,455
531,446
539,439
544,434
176
641,573
641,573
641,573
641,573
641,573
641,573
641,573
641,573
641,573
641,573
