time
574.4793180884226
hero_global_pos
-79.26775360107422,2.9826691150665283
road_id
471
is_junction
True
speed_limit
30.0
speed
20.696640355124746
traffic_light
None
translation_offset
1946.240720152855,4304.32342505455
angle
-223.76715087890625
hero_past_trajectory
342,597
344,589
347,578
348,572
350,561
351,554
353,543
353,532
353,520
353,512
actor_past_trajectory
99
119,293
119,293
119,293
119,293
119,293
119,293
119,293
119,293
119,293
119,293
104
187,363
187,363
187,363
187,363
187,363
187,363
187,363
187,363
187,363
187,363
109
-4,245
-4,245
-4,245
-4,245
-4,245
-4,245
-4,245
-4,245
-4,245
-4,245
116
625,299
625,299
625,299
625,299
625,299
625,299
625,299
625,299
625,299
625,299
131
64,317
64,317
64,317
64,317
64,317
64,317
64,317
64,317
64,317
64,317
134
712,217
712,217
712,217
712,217
712,217
712,217
712,217
712,217
712,217
712,217
159
391,220
390,208
390,197
391,190
391,178
391,173
392,161
392,149
392,142
393,130
173
145,400
145,400
145,400
145,400
145,400
145,400
145,400
145,400
145,400
145,400
174
492,502
501,494
509,486
513,482
521,475
525,470
534,462
542,454
548,450
556,442
176
640,592
640,592
640,592
640,592
640,592
640,592
640,592
640,592
640,592
640,592
