time
575.06757671995
hero_global_pos
-81.1584701538086,5.689707279205322
road_id
471
is_junction
True
speed_limit
30.0
speed
20.147114907342033
traffic_light
None
translation_offset
1936.5604919195175,4363.6509075164795
angle
-213.79778289794922
hero_past_trajectory
344,595
347,584
349,573
350,564
351,554
352,550
353,539
353,532
353,518
353,509
actor_past_trajectory
99
157,308
157,308
157,308
157,308
157,308
157,308
157,308
157,308
157,308
157,308
104
213,389
213,389
213,389
213,389
213,389
213,389
213,389
213,389
213,389
213,389
109
44,240
44,240
44,240
44,240
44,240
44,240
44,240
44,240
44,240
44,240
116
655,401
655,401
655,401
655,401
655,401
655,401
655,401
655,401
655,401
655,401
131
99,322
99,322
99,322
99,322
99,322
99,322
99,322
99,322
99,322
99,322
159
449,225
452,214
453,207
456,195
457,186
459,181
460,170
462,163
464,154
465,145
173
165,418
165,418
165,418
165,418
165,418
165,418
165,418
165,418
165,418
165,418
174
537,547
546,540
553,537
563,531
571,525
574,523
584,516
589,513
597,507
605,502
176
619,693
619,693
619,693
619,693
619,693
619,693
619,693
619,693
619,693
619,693
