time
575.1403760766043
hero_global_pos
-81.51472473144531,6.317788600921631
road_id
471
is_junction
True
speed_limit
30.0
speed
20.625259133365425
traffic_light
None
translation_offset
1934.804077386856,4376.389174699783
angle
-211.86859893798828
hero_past_trajectory
344,595
347,584
349,576
349,566
350,562
352,551
352,543
353,530
353,520
352,514
actor_past_trajectory
99
164,314
164,314
164,314
164,314
164,314
164,314
164,314
164,314
164,314
164,314
104
217,396
217,396
217,396
217,396
217,396
217,396
217,396
217,396
217,396
217,396
109
53,241
53,241
53,241
53,241
53,241
53,241
53,241
53,241
53,241
53,241
116
659,423
659,423
659,423
659,423
659,423
659,423
659,423
659,423
659,423
659,423
131
106,325
106,325
106,325
106,325
106,325
106,325
106,325
106,325
106,325
106,325
159
461,229
463,222
466,211
468,202
470,197
472,185
474,179
476,169
477,160
481,150
173
168,423
168,423
168,423
168,423
168,423
168,423
168,423
168,423
168,423
168,423
174
545,559
551,556
562,549
570,544
574,542
584,536
589,533
597,527
605,523
615,516
176
613,713
613,713
613,713
613,713
613,713
613,713
613,713
613,713
613,713
613,713
