time
176.90319743337022
hero_global_pos
233.527099609375,65.45072937011719
road_id
724
is_junction
True
speed_limit
30.0
speed
21.48666816611771
traffic_light
None
translation_offset
7051.352454461157,5344.954375624657
angle
-181.3934097290039
hero_past_trajectory
352,617
353,608
352,591
352,581
352,572
352,555
352,547
352,532
353,524
352,515
actor_past_trajectory
104
184,168
184,168
184,168
184,168
184,168
184,168
184,168
184,168
184,168
184,168
108
184,273
184,273
184,273
184,273
184,273
184,273
184,273
184,273
184,273
184,273
116
184,54
184,54
184,54
184,54
184,54
184,54
184,54
184,54
184,54
184,54
163
353,814
352,807
352,795
352,788
352,781
352,769
352,762
352,750
352,744
352,735
174
412,690
413,683
417,671
420,664
423,658
430,648
433,643
441,633
446,628
453,622
