time
575.3589903810425
hero_global_pos
-81.94461822509766,7.134368896484375
road_id
471
is_junction
True
speed_limit
30.0
speed
20.837441486491876
traffic_light
None
translation_offset
1932.8033439517021,4392.364289879799
angle
-209.6463165283203
hero_past_trajectory
346,591
347,581
348,577
350,565
351,558
352,545
352,535
352,528
352,517
352,510
actor_past_trajectory
99
172,321
172,321
172,321
172,321
172,321
172,321
172,321
172,321
172,321
172,321
104
221,406
221,406
221,406
221,406
221,406
221,406
221,406
221,406
221,406
221,406
109
64,245
64,245
64,245
64,245
64,245
64,245
64,245
64,245
64,245
64,245
116
662,450
662,450
662,450
662,450
662,450
662,450
662,450
662,450
662,450
662,450
131
113,331
113,331
113,331
113,331
113,331
113,331
113,331
113,331
113,331
113,331
159
478,230
480,221
482,216
484,205
487,199
489,189
491,180
494,170
497,158
499,151
173
171,431
171,431
171,431
171,431
171,431
171,431
171,431
171,431
171,431
171,431
174
560,572
569,567
572,565
583,559
588,556
597,552
604,547
615,541
624,536
630,532
176
605,738
605,738
605,738
605,738
605,738
605,738
605,738
605,738
605,738
605,738
