time
575.470153240989
hero_global_pos
-82.22877502441406,7.732917308807373
road_id
471
is_junction
True
speed_limit
30.0
speed
20.85250988689838
traffic_light
None
translation_offset
1932.9396947026253,4404.63313472271
angle
-207.84418487548828
hero_past_trajectory
346,591
347,587
349,576
350,569
352,555
353,546
352,539
353,527
353,521
353,513
actor_past_trajectory
99
179,326
179,326
179,326
179,326
179,326
179,326
179,326
179,326
179,326
179,326
104
226,413
226,413
226,413
226,413
226,413
226,413
226,413
226,413
226,413
226,413
109
73,247
73,247
73,247
73,247
73,247
73,247
73,247
73,247
73,247
73,247
116
664,470
664,470
664,470
664,470
664,470
664,470
664,470
664,470
664,470
664,470
131
120,334
120,334
120,334
120,334
120,334
120,334
120,334
120,334
120,334
120,334
159
490,236
492,231
495,220
497,214
500,204
502,195
506,185
509,174
511,167
514,160
173
175,436
175,436
175,436
175,436
175,436
175,436
175,436
175,436
175,436
175,436
174
568,585
571,583
582,577
587,575
596,570
604,566
615,560
624,555
630,552
637,548
