time
575.9738448174103
hero_global_pos
-83.27647399902344,10.378252983093262
road_id
471
is_junction
True
speed_limit
30.0
speed
20.322229749138426
traffic_light
None
translation_offset
1931.907273888588,4453.906811714172
angle
-201.13819885253906
hero_past_trajectory
347,591
347,584
349,573
350,566
351,558
351,547
352,540
352,528
353,520
352,511
actor_past_trajectory
99
200,353
200,353
200,353
200,353
200,353
200,353
200,353
200,353
200,353
200,353
104
236,444
236,444
236,444
236,444
236,444
236,444
236,444
236,444
236,444
236,444
109
104,261
104,261
104,261
104,261
104,261
104,261
104,261
104,261
104,261
104,261
116
665,552
665,552
665,552
665,552
665,552
665,552
665,552
665,552
665,552
665,552
131
140,353
140,353
140,353
140,353
140,353
140,353
140,353
140,353
140,353
140,353
159
536,260
541,251
545,240
548,233
552,226
557,216
559,209
565,198
567,191
571,183
173
183,461
183,461
183,461
183,461
183,461
183,461
183,461
183,461
183,461
183,461
174
594,640
605,636
616,632
622,629
629,627
639,623
645,620
657,616
663,613
671,610
