time
576.5356753054439
hero_global_pos
-84.09014129638672,13.429300308227539
road_id
471
is_junction
True
speed_limit
30.0
speed
20.676700464570466
traffic_light
None
translation_offset
1936.0898915231228,4508.387253165245
angle
-194.24498748779297
hero_past_trajectory
346,590
349,578
350,571
351,562
351,553
352,544
353,533
352,524
352,514
352,505
actor_past_trajectory
99
218,386
218,386
218,386
218,386
218,386
218,386
218,386
218,386
218,386
218,386
104
244,481
244,481
244,481
244,481
244,481
244,481
244,481
244,481
244,481
244,481
109
135,284
135,284
135,284
135,284
135,284
135,284
135,284
135,284
135,284
135,284
116
656,640
656,640
656,640
656,640
656,640
656,640
656,640
656,640
656,640
656,640
131
159,380
159,380
159,380
159,380
159,380
159,380
159,380
159,380
159,380
159,380
159
593,287
599,276
603,270
607,262
612,254
616,247
619,241
626,229
631,221
636,213
173
188,492
188,492
188,492
188,492
188,492
188,492
188,492
188,492
188,492
188,492
174
629,705
640,702
647,701
656,698
664,696
673,694
679,692
693,689
702,687
711,685
