time
576.6955130319475
hero_global_pos
-84.25939178466797,14.360552787780762
road_id
471
is_junction
True
speed_limit
30.0
speed
20.703394708848595
traffic_light
None
translation_offset
1938.6721697449684,4524.69149518013
angle
-192.05514526367188
hero_past_trajectory
346,593
347,586
349,577
350,568
351,559
352,548
352,539
352,530
352,520
352,517
actor_past_trajectory
99
223,397
223,397
223,397
223,397
223,397
223,397
223,397
223,397
223,397
223,397
104
245,492
245,492
245,492
245,492
245,492
245,492
245,492
245,492
245,492
245,492
109
143,291
143,291
143,291
143,291
143,291
143,291
143,291
143,291
143,291
143,291
116
651,667
651,667
651,667
651,667
651,667
651,667
651,667
651,667
651,667
651,667
131
164,388
164,388
164,388
164,388
164,388
164,388
164,388
164,388
164,388
164,388
159
608,301
612,295
616,287
622,280
626,273
629,267
637,255
642,247
647,240
649,237
173
189,501
189,501
189,501
189,501
189,501
189,501
189,501
189,501
189,501
189,501
174
632,728
639,727
648,725
657,723
666,721
672,720
686,717
695,716
704,714
707,714
