time
576.8425762500046
hero_global_pos
-84.3883285522461,15.193243026733398
road_id
471
is_junction
True
speed_limit
30.0
speed
20.590294426320266
traffic_light
None
translation_offset
1940.922706604004,4538.535389661789
angle
-190.3998031616211
hero_past_trajectory
347,590
348,581
350,573
351,561
351,552
351,543
352,534
352,530
352,515
352,509
actor_past_trajectory
99
227,406
227,406
227,406
227,406
227,406
227,406
227,406
227,406
227,406
227,406
104
245,502
245,502
245,502
245,502
245,502
245,502
245,502
245,502
245,502
245,502
109
150,298
150,298
150,298
150,298
150,298
150,298
150,298
150,298
150,298
150,298
116
647,689
647,689
647,689
647,689
647,689
647,689
647,689
647,689
647,689
647,689
131
168,396
168,396
168,396
168,396
168,396
168,396
168,396
168,396
168,396
168,396
159
622,308
628,301
633,294
636,288
644,277
650,268
655,261
657,259
665,246
669,240
173
190,509
190,509
190,509
190,509
190,509
190,509
190,509
190,509
190,509
190,509
174
642,747
651,745
660,743
666,742
680,740
689,739
698,737
701,737
716,734
722,733
