time
576.9683612115114
hero_global_pos
-84.4732666015625,15.897309303283691
road_id
471
is_junction
True
speed_limit
30.0
speed
20.451231775652367
traffic_light
None
translation_offset
1943.95934176445,4550.219540715218
angle
-188.83588409423828
hero_past_trajectory
347,592
348,584
350,572
350,563
351,554
352,545
352,541
353,526
353,520
352,508
actor_past_trajectory
99
230,414
230,414
230,414
230,414
230,414
230,414
230,414
230,414
230,414
230,414
104
246,510
246,510
246,510
246,510
246,510
246,510
246,510
246,510
246,510
246,510
109
156,304
156,304
156,304
156,304
156,304
156,304
156,304
156,304
156,304
156,304
116
642,708
642,708
642,708
642,708
642,708
642,708
642,708
642,708
642,708
642,708
131
171,402
171,402
171,402
171,402
171,402
171,402
171,402
171,402
171,402
171,402
159
634,319
639,313
643,307
651,296
657,288
662,281
664,278
673,266
677,260
681,255
173
190,516
190,516
190,516
190,516
190,516
190,516
190,516
190,516
190,516
190,516
174
645,764
654,763
660,762
674,760
683,759
692,758
695,757
710,755
716,754
723,753
