time
577.1759410887389
hero_global_pos
-84.58242797851562,17.04006004333496
road_id
471
is_junction
True
speed_limit
30.0
speed
20.209101479963543
traffic_light
None
translation_offset
1947.5211133807898,4568.977917432785
angle
-186.69165802001953
hero_past_trajectory
347,590
348,581
349,572
350,563
351,560
352,544
352,538
352,526
352,520
352,509
actor_past_trajectory
99
233,427
233,427
233,427
233,427
233,427
233,427
233,427
233,427
233,427
233,427
104
246,525
246,525
246,525
246,525
246,525
246,525
246,525
246,525
246,525
246,525
109
164,315
164,315
164,315
164,315
164,315
164,315
164,315
164,315
164,315
164,315
116
634,737
634,737
634,737
634,737
634,737
634,737
634,737
634,737
634,737
634,737
131
175,413
175,413
175,413
175,413
175,413
175,413
175,413
175,413
175,413
175,413
134
753,724
753,724
753,724
753,724
753,724
753,724
753,724
753,724
753,724
753,724
159
650,336
658,325
665,317
670,311
673,308
681,296
686,291
690,285
697,276
701,272
173
190,528
190,528
190,528
190,528
190,528
190,528
190,528
190,528
190,528
190,528
