time
577.2784667401938
hero_global_pos
-84.62637329101562,17.640151977539062
road_id
471
is_junction
True
speed_limit
30.0
speed
20.071084353172804
traffic_light
None
translation_offset
1949.0678596645594,4579.254721403122
angle
-185.71312713623047
hero_past_trajectory
347,591
348,582
349,573
350,570
351,554
352,548
351,536
352,530
352,519
352,512
actor_past_trajectory
99
235,435
235,435
235,435
235,435
235,435
235,435
235,435
235,435
235,435
235,435
104
246,533
246,533
246,533
246,533
246,533
246,533
246,533
246,533
246,533
246,533
109
167,322
167,322
167,322
167,322
167,322
167,322
167,322
167,322
167,322
167,322
116
630,752
630,752
630,752
630,752
630,752
630,752
630,752
630,752
630,752
630,752
131
177,420
177,420
177,420
177,420
177,420
177,420
177,420
177,420
177,420
177,420
134
749,741
749,741
749,741
749,741
749,741
749,741
749,741
749,741
749,741
749,741
159
661,340
668,333
673,326
676,324
685,312
689,306
694,301
701,292
704,288
711,278
173
190,535
190,535
190,535
190,535
190,535
190,535
190,535
190,535
190,535
190,535
