time
177.1119125872283
hero_global_pos
233.4993133544922,66.5937728881836
road_id
724
is_junction
True
speed_limit
30.0
speed
20.613503771881625
traffic_light
None
translation_offset
7050.350291650742,5362.955055117607
angle
-181.39422607421875
hero_past_trajectory
352,609
351,599
351,590
352,573
352,565
351,550
352,542
352,533
351,520
351,513
actor_past_trajectory
104
183,186
183,186
183,186
183,186
183,186
183,186
183,186
183,186
183,186
183,186
108
184,291
184,291
184,291
184,291
184,291
184,291
184,291
184,291
184,291
184,291
116
183,72
183,72
183,72
183,72
183,72
183,72
183,72
183,72
183,72
183,72
134
184,-44
184,-44
184,-44
184,-44
184,-44
184,-44
184,-44
184,-44
184,-44
184,-44
163
352,813
351,806
351,799
352,787
352,780
351,768
351,762
351,753
352,741
352,735
174
417,689
419,682
422,676
429,666
433,661
441,651
446,646
452,640
461,632
467,629
