time
577.4877560376553
hero_global_pos
-84.70537567138672,18.806856155395508
road_id
431
is_junction
True
speed_limit
30.0
speed
20.13755767052029
traffic_light
None
translation_offset
1951.0613032728434,4598.523425102234
angle
-184.56509399414062
hero_past_trajectory
348,592
349,589
351,573
351,567
351,555
352,549
352,538
352,531
353,521
352,511
actor_past_trajectory
99
237,452
237,452
237,452
237,452
237,452
237,452
237,452
237,452
237,452
237,452
104
245,550
245,550
245,550
245,550
245,550
245,550
245,550
245,550
245,550
245,550
109
171,337
171,337
171,337
171,337
171,337
171,337
171,337
171,337
171,337
171,337
131
179,436
179,436
179,436
179,436
179,436
179,436
179,436
179,436
179,436
179,436
159
677,352
680,349
689,338
694,332
698,327
705,318
709,314
716,304
723,298
730,289
173
189,551
189,551
189,551
189,551
189,551
189,551
189,551
189,551
189,551
189,551
