time
577.8758789762287
hero_global_pos
-84.77323913574219,21.043676376342773
road_id
431
is_junction
True
speed_limit
30.0
speed
20.532542558572064
traffic_light
None
translation_offset
1956.8790293186903,4634.90456700325
angle
-181.95655059814453
hero_past_trajectory
349,591
350,585
350,574
351,567
352,557
352,547
352,538
352,529
353,522
352,510
actor_past_trajectory
99
239,483
239,483
239,483
239,483
239,483
239,483
239,483
239,483
239,483
239,483
104
244,581
244,581
244,581
244,581
244,581
244,581
244,581
244,581
244,581
244,581
109
179,365
179,365
179,365
179,365
179,365
179,365
179,365
179,365
179,365
179,365
131
183,464
183,464
183,464
183,464
183,464
183,464
183,464
183,464
183,464
183,464
173
188,580
188,580
188,580
188,580
188,580
188,580
188,580
188,580
188,580
188,580
