time
577.9879693980693
hero_global_pos
-84.78010559082031,21.514184951782227
road_id
471
is_junction
True
speed_limit
30.0
speed
20.471477321574508
traffic_light
None
translation_offset
1957.8272388204932,4641.933239817619
angle
-181.59417724609375
hero_past_trajectory
350,592
350,581
351,574
352,564
351,554
352,545
352,536
353,529
352,517
352,509
actor_past_trajectory
99
240,489
240,489
240,489
240,489
240,489
240,489
240,489
240,489
240,489
240,489
104
243,587
243,587
243,587
243,587
243,587
243,587
243,587
243,587
243,587
243,587
109
180,371
180,371
180,371
180,371
180,371
180,371
180,371
180,371
180,371
180,371
131
183,470
183,470
183,470
183,470
183,470
183,470
183,470
183,470
183,470
183,470
173
187,586
187,586
187,586
187,586
187,586
187,586
187,586
187,586
187,586
187,586
