time
578.2257924792721
hero_global_pos
-84.7925796508789,23.019447326660156
road_id
4
is_junction
False
speed_limit
30.0
speed
20.18426756793965
traffic_light
None
translation_offset
1960.022174835205,4665.981313943863
angle
-180.75552368164062
hero_past_trajectory
350,598
351,588
351,578
352,569
352,560
353,553
353,541
352,533
352,526
352,514
actor_past_trajectory
99
240,511
240,511
240,511
240,511
240,511
240,511
240,511
240,511
240,511
240,511
104
242,609
242,609
242,609
242,609
242,609
242,609
242,609
242,609
242,609
242,609
109
183,392
183,392
183,392
183,392
183,392
183,392
183,392
183,392
183,392
183,392
131
184,491
184,491
184,491
184,491
184,491
184,491
184,491
184,491
184,491
184,491
173
186,607
186,607
186,607
186,607
186,607
186,607
186,607
186,607
186,607
186,607
