time
578.3990765386625
hero_global_pos
-84.79556274414062,23.977157592773438
road_id
4
is_junction
False
speed_limit
30.0
speed
19.981392109505617
traffic_light
None
translation_offset
1960.8846567459404,4680.992775917053
angle
-180.42604064941406
hero_past_trajectory
351,593
352,584
352,575
352,568
352,556
352,548
352,541
352,529
352,517
352,509
actor_past_trajectory
99
240,526
240,526
240,526
240,526
240,526
240,526
240,526
240,526
240,526
240,526
104
242,624
242,624
242,624
242,624
242,624
242,624
242,624
242,624
242,624
242,624
109
183,406
183,406
183,406
183,406
183,406
183,406
183,406
183,406
183,406
183,406
131
184,505
184,505
184,505
184,505
184,505
184,505
184,505
184,505
184,505
184,505
173
186,621
186,621
186,621
186,621
186,621
186,621
186,621
186,621
186,621
186,621
