time
578.687492069359
hero_global_pos
-84.79541778564453,25.80689811706543
road_id
4
is_junction
False
speed_limit
30.0
speed
20.579063280122778
traffic_light
None
translation_offset
1961.8099532851484,4710.997326731682
angle
-180.07259368896484
hero_past_trajectory
352,598
352,586
352,578
352,571
352,559
352,547
352,539
352,532
352,520
352,511
actor_past_trajectory
99
240,555
240,555
240,555
240,555
240,555
240,555
240,555
240,555
240,555
240,555
104
241,653
241,653
241,653
241,653
241,653
241,653
241,653
241,653
241,653
241,653
109
184,435
184,435
184,435
184,435
184,435
184,435
184,435
184,435
184,435
184,435
131
184,534
184,534
184,534
184,534
184,534
184,534
184,534
184,534
184,534
184,534
173
185,650
185,650
185,650
185,650
185,650
185,650
185,650
185,650
185,650
185,650
