time
578.8221872751965
hero_global_pos
-84.79446411132812,26.369081497192383
road_id
4
is_junction
False
speed_limit
30.0
speed
20.630773714230834
traffic_light
None
translation_offset
1961.98254150305,4719.997425079346
angle
-180.0066680908203
hero_past_trajectory
352,595
352,587
352,580
352,568
352,556
352,548
352,541
352,529
352,520
352,511
actor_past_trajectory
99
240,564
240,564
240,564
240,564
240,564
240,564
240,564
240,564
240,564
240,564
104
241,662
241,662
241,662
241,662
241,662
241,662
241,662
241,662
241,662
241,662
109
184,444
184,444
184,444
184,444
184,444
184,444
184,444
184,444
184,444
184,444
131
184,543
184,543
184,543
184,543
184,543
184,543
184,543
184,543
184,543
184,543
173
185,659
185,659
185,659
185,659
185,659
185,659
185,659
185,659
185,659
185,659
