time
578.9157757568537
hero_global_pos
-84.79342651367188,26.9003849029541
road_id
4
is_junction
False
speed_limit
30.0
speed
20.61213556300947
traffic_light
None
translation_offset
1962.0954785122303,4727.997514486313
angle
-179.96353149414062
hero_past_trajectory
352,595
352,588
352,576
352,564
352,556
352,549
352,537
352,528
352,519
352,510
actor_past_trajectory
99
240,572
240,572
240,572
240,572
240,572
240,572
240,572
240,572
240,572
240,572
104
241,670
241,670
241,670
241,670
241,670
241,670
241,670
241,670
241,670
241,670
109
184,452
184,452
184,452
184,452
184,452
184,452
184,452
184,452
184,452
184,452
131
184,551
184,551
184,551
184,551
184,551
184,551
184,551
184,551
184,551
184,551
173
185,667
185,667
185,667
185,667
185,667
185,667
185,667
185,667
185,667
185,667
