time
579.2224133457421
hero_global_pos
-84.78885650634766,28.652482986450195
road_id
4
is_junction
False
speed_limit
30.0
speed
20.23933577901337
traffic_light
None
translation_offset
1962.3324254765175,4755.991264939308
angle
-179.87301635742188
hero_past_trajectory
352,592
352,584
352,577
352,565
352,556
352,547
352,538
352,530
352,520
352,512
actor_past_trajectory
99
240,600
240,600
240,600
240,600
240,600
240,600
240,600
240,600
240,600
240,600
104
241,698
241,698
241,698
241,698
241,698
241,698
241,698
241,698
241,698
241,698
109
184,480
184,480
184,480
184,480
184,480
184,480
184,480
184,480
184,480
184,480
131
184,579
184,579
184,579
184,579
184,579
184,579
184,579
184,579
184,579
184,579
147
183,-125
183,-120
184,-109
184,-102
184,-88
184,-79
184,-70
184,-62
184,-55
184,-44
173
185,695
185,695
185,695
185,695
185,695
185,695
185,695
185,695
185,695
185,695
