time
579.488192378114
hero_global_pos
-84.78446197509766,30.14421844482422
road_id
4
is_junction
False
speed_limit
30.0
speed
19.963788100155675
traffic_light
None
translation_offset
1962.413278117776,4779.97726380825
angle
-179.8421173095703
hero_past_trajectory
352,589
352,580
352,571
352,562
352,554
352,544
352,536
352,526
352,516
352,507
actor_past_trajectory
99
240,624
240,624
240,624
240,624
240,624
240,624
240,624
240,624
240,624
240,624
104
240,722
240,722
240,722
240,722
240,722
240,722
240,722
240,722
240,722
240,722
109
184,504
184,504
184,504
184,504
184,504
184,504
184,504
184,504
184,504
184,504
131
184,603
184,603
184,603
184,603
184,603
184,603
184,603
184,603
184,603
184,603
147
185,-78
185,-64
185,-55
185,-46
184,-38
184,-31
184,-20
184,-10
184,-2
184,7
173
184,719
184,719
184,719
184,719
184,719
184,719
184,719
184,719
184,719
184,719
