time
579.5897035249873
hero_global_pos
-84.78240966796875,30.82793426513672
road_id
4
is_junction
False
speed_limit
30.0
speed
20.358256342465943
traffic_light
None
translation_offset
1962.4285161732696,4790.972856044769
angle
-179.83628845214844
hero_past_trajectory
352,591
352,582
352,573
352,565
352,555
352,547
352,537
352,527
352,518
352,509
actor_past_trajectory
99
240,635
240,635
240,635
240,635
240,635
240,635
240,635
240,635
240,635
240,635
104
240,733
240,733
240,733
240,733
240,733
240,733
240,733
240,733
240,733
240,733
109
184,514
184,514
184,514
184,514
184,514
184,514
184,514
184,514
184,514
184,514
131
184,613
184,613
184,613
184,613
184,613
184,613
184,613
184,613
184,613
184,613
147
185,-54
185,-45
185,-36
185,-28
184,-21
184,-10
184,0
184,7
184,17
184,23
173
184,729
184,729
184,729
184,729
184,729
184,729
184,729
184,729
184,729
184,729
