time
579.8006928344621
hero_global_pos
-84.77919006347656,31.900941848754883
road_id
4
is_junction
False
speed_limit
30.0
speed
20.61611290889118
traffic_light
None
translation_offset
1962.4404916777276,4807.971854686737
angle
-179.8317108154297
hero_past_trajectory
352,590
352,582
352,572
352,564
352,554
352,544
352,535
352,526
352,519
352,507
actor_past_trajectory
99
240,652
240,652
240,652
240,652
240,652
240,652
240,652
240,652
240,652
240,652
104
240,750
240,750
240,750
240,750
240,750
240,750
240,750
240,750
240,750
240,750
109
184,531
184,531
184,531
184,531
184,531
184,531
184,531
184,531
184,531
184,531
131
184,630
184,630
184,630
184,630
184,630
184,630
184,630
184,630
184,630
184,630
147
185,-19
185,-11
184,-4
184,6
184,16
184,24
184,34
184,40
184,51
184,62
173
184,746
184,746
184,746
184,746
184,746
184,746
184,746
184,746
184,746
184,746
