time
177.54141040103423
hero_global_pos
233.4467315673828,68.75948333740234
road_id
724
is_junction
True
speed_limit
30.0
speed
20.06063620332202
traffic_light
None
translation_offset
7050.350243315101,5397.955573678017
angle
-181.3942413330078
hero_past_trajectory
352,600
352,585
353,577
353,568
352,555
352,548
353,537
353,530
352,519
352,510
actor_past_trajectory
104
184,221
184,221
184,221
184,221
184,221
184,221
184,221
184,221
184,221
184,221
108
185,326
185,326
185,326
185,326
185,326
185,326
185,326
185,326
185,326
185,326
116
184,107
184,107
184,107
184,107
184,107
184,107
184,107
184,107
184,107
184,107
134
184,-9
184,-9
184,-9
184,-9
184,-9
184,-9
184,-9
184,-9
184,-9
184,-9
158
241,-84
241,-73
240,-67
240,-60
241,-50
241,-44
241,-35
240,-29
240,-19
240,-12
163
353,815
352,803
352,797
352,788
353,776
353,770
352,759
352,751
353,741
353,732
174
434,696
442,686
446,681
453,675
462,667
468,664
478,661
486,659
497,657
507,655
