time
177.6360278795837
hero_global_pos
233.43069458007812,69.4096450805664
road_id
724
is_junction
True
speed_limit
30.0
speed
20.544439626983966
traffic_light
None
translation_offset
7049.352130360901,5407.955198168755
angle
-181.39352416992188
hero_past_trajectory
351,595
352,587
352,578
352,565
351,558
352,547
352,540
352,529
351,520
351,512
actor_past_trajectory
104
183,231
183,231
183,231
183,231
183,231
183,231
183,231
183,231
183,231
183,231
108
184,336
184,336
184,336
184,336
184,336
184,336
184,336
184,336
184,336
184,336
116
184,117
184,117
184,117
184,117
184,117
184,117
184,117
184,117
184,117
184,117
134
184,0
184,0
184,0
184,0
184,0
184,0
184,0
184,0
184,0
184,0
158
240,-63
239,-57
240,-50
240,-40
240,-34
240,-25
239,-19
240,-9
240,-2
240,4
163
352,813
351,807
351,798
352,786
352,780
351,769
351,761
352,751
352,742
352,734
174
441,696
446,691
452,685
461,677
467,674
477,671
485,669
496,667
506,665
515,665
