time
177.72983245508658
hero_global_pos
233.42027282714844,69.82929992675781
road_id
724
is_junction
True
speed_limit
30.0
speed
20.73115486869988
traffic_light
None
translation_offset
7049.348422486335,5414.954688549042
angle
-181.3949432373047
hero_past_trajectory
352,594
352,585
352,572
352,565
352,554
352,547
352,536
352,527
351,519
352,509
actor_past_trajectory
104
184,238
184,238
184,238
184,238
184,238
184,238
184,238
184,238
184,238
184,238
108
184,343
184,343
184,343
184,343
184,343
184,343
184,343
184,343
184,343
184,343
116
184,124
184,124
184,124
184,124
184,124
184,124
184,124
184,124
184,124
184,124
134
184,7
184,7
184,7
184,7
184,7
184,7
184,7
184,7
184,7
184,7
158
239,-50
240,-43
240,-33
240,-27
240,-18
239,-12
240,-2
240,4
240,11
240,20
163
352,814
351,805
352,793
352,787
352,776
351,768
352,758
352,749
352,741
352,730
174
446,698
453,692
461,684
467,681
477,678
485,676
496,674
506,672
515,672
526,672
