time
177.81680452966975
hero_global_pos
233.4084930419922,70.3156509399414
road_id
724
is_junction
True
speed_limit
30.0
speed
20.850926482638467
traffic_light
None
translation_offset
7049.343733370304,5422.954062700272
angle
-181.39674377441406
hero_past_trajectory
352,593
352,580
352,573
352,562
352,555
352,544
352,535
352,527
352,517
352,510
actor_past_trajectory
104
184,246
184,246
184,246
184,246
184,246
184,246
184,246
184,246
184,246
184,246
108
184,351
184,351
184,351
184,351
184,351
184,351
184,351
184,351
184,351
184,351
116
184,132
184,132
184,132
184,132
184,132
184,132
184,132
184,132
184,132
184,132
134
184,15
184,15
184,15
184,15
184,15
184,15
184,15
184,15
184,15
184,15
158
240,-35
240,-25
240,-19
240,-10
240,-4
240,5
240,12
240,19
240,28
240,34
163
352,813
352,801
352,795
352,784
352,776
352,766
352,757
352,749
352,738
352,732
174
453,700
462,692
468,689
478,686
485,684
496,682
506,680
515,680
526,680
534,680
