time
177.94842136049556
hero_global_pos
233.389404296875,71.11540985107422
road_id
724
is_junction
True
speed_limit
30.0
speed
20.898632887412862
traffic_light
None
translation_offset
7049.342686470598,5435.9537140131
angle
-181.39714813232422
hero_past_trajectory
352,593
352,586
353,575
353,568
352,557
352,548
352,540
353,530
353,523
352,515
actor_past_trajectory
104
184,259
184,259
184,259
184,259
184,259
184,259
184,259
184,259
184,259
184,259
108
185,364
185,364
185,364
185,364
185,364
185,364
185,364
185,364
185,364
185,364
116
184,145
184,145
184,145
184,145
184,145
184,145
184,145
184,145
184,145
184,145
134
184,28
184,28
184,28
184,28
184,28
184,28
184,28
184,28
184,28
184,28
158
240,-12
241,-6
241,2
240,8
240,18
240,25
240,32
241,41
240,47
240,53
163
353,814
352,808
352,797
352,789
353,779
353,770
352,762
352,751
352,745
353,737
174
462,705
468,702
478,699
486,697
497,695
507,693
516,693
527,693
535,693
543,692
