time
178.02108778761612
hero_global_pos
233.37962341308594,71.52169799804688
road_id
724
is_junction
True
speed_limit
30.0
speed
20.87195272854996
traffic_light
None
translation_offset
7048.346648875624,5441.954071640968
angle
-181.3956298828125
hero_past_trajectory
351,592
352,581
352,574
351,563
351,554
351,546
352,536
352,529
351,521
351,508
actor_past_trajectory
104
183,265
183,265
183,265
183,265
183,265
183,265
183,265
183,265
183,265
183,265
108
184,370
184,370
184,370
184,370
184,370
184,370
184,370
184,370
184,370
184,370
116
183,151
183,151
183,151
183,151
183,151
183,151
183,151
183,151
183,151
183,151
134
184,34
184,34
184,34
184,34
184,34
184,34
184,34
184,34
184,34
184,34
158
240,0
240,8
239,14
239,24
239,31
240,38
240,47
239,53
239,59
239,70
163
352,814
351,803
351,795
352,785
352,776
351,768
351,757
351,751
352,743
352,731
174
467,708
477,705
485,703
496,701
506,699
515,699
526,699
534,699
542,698
556,698
