time
178.24341854596423
hero_global_pos
233.34921264648438,72.76403045654297
road_id
76
is_junction
False
speed_limit
30.0
speed
20.66182262944045
traffic_light
None
translation_offset
7048.355855837464,5461.95499253273
angle
-181.39210510253906
hero_past_trajectory
352,594
352,583
352,574
352,566
352,556
352,549
352,541
352,528
352,518
352,510
actor_past_trajectory
104
184,285
184,285
184,285
184,285
184,285
184,285
184,285
184,285
184,285
184,285
108
184,390
184,390
184,390
184,390
184,390
184,390
184,390
184,390
184,390
184,390
116
184,171
184,171
184,171
184,171
184,171
184,171
184,171
184,171
184,171
184,171
130
240,-127
240,-117
240,-110
240,-104
240,-96
240,-90
240,-84
240,-72
240,-66
240,-56
134
184,54
184,54
184,54
184,54
184,54
184,54
184,54
184,54
184,54
184,54
158
240,34
240,44
240,51
240,58
240,67
240,73
240,79
240,90
240,95
240,106
163
352,815
352,805
352,796
352,788
352,777
352,771
352,763
352,751
352,745
352,733
174
485,723
496,721
506,719
515,719
526,719
534,719
542,718
556,718
562,719
575,719
