time
178.4553341954379
hero_global_pos
233.31845092773438,74.02345275878906
road_id
76
is_junction
False
speed_limit
30.0
speed
20.35195609252018
traffic_light
None
translation_offset
7048.353181451559,5481.954634904861
angle
-181.39312744140625
hero_past_trajectory
352,594
352,586
353,576
353,569
352,561
352,548
353,538
353,530
352,522
352,512
actor_past_trajectory
104
184,305
184,305
184,305
184,305
184,305
184,305
184,305
184,305
184,305
184,305
108
185,410
185,410
185,410
185,410
185,410
185,410
185,410
185,410
185,410
185,410
116
184,191
184,191
184,191
184,191
184,191
184,191
184,191
184,191
184,191
184,191
130
241,-90
241,-84
241,-76
240,-70
240,-64
240,-52
241,-46
241,-36
240,-30
240,-22
134
185,74
185,74
185,74
185,74
185,74
185,74
185,74
185,74
185,74
185,74
158
240,71
241,78
241,87
240,93
240,99
240,110
241,115
241,126
241,132
240,140
163
353,816
352,808
352,797
352,791
353,783
353,771
352,765
352,753
353,745
353,736
174
507,739
516,739
527,739
535,739
543,738
557,738
563,739
576,739
584,738
595,739
