time
178.6318703885554
hero_global_pos
233.2947998046875,75.00144958496094
road_id
76
is_junction
False
speed_limit
30.0
speed
20.102160150560046
traffic_light
None
translation_offset
7047.350078191608,5497.953526258469
angle
-181.39432525634766
hero_past_trajectory
352,592
352,585
352,577
352,564
352,554
352,546
352,538
352,528
351,518
352,510
actor_past_trajectory
104
184,321
184,321
184,321
184,321
184,321
184,321
184,321
184,321
184,321
184,321
108
184,426
184,426
184,426
184,426
184,426
184,426
184,426
184,426
184,426
184,426
116
184,207
184,207
184,207
184,207
184,207
184,207
184,207
184,207
184,207
184,207
130
240,-60
239,-54
240,-48
240,-36
240,-30
240,-20
239,-14
240,-6
240,2
240,9
134
184,90
184,90
184,90
184,90
184,90
184,90
184,90
184,90
184,90
184,90
158
240,103
239,109
240,115
240,126
240,131
240,142
240,148
240,156
240,165
240,172
163
352,813
351,807
352,799
352,787
352,781
351,769
352,761
352,752
352,741
352,734
