time
178.72527819456445
hero_global_pos
233.27951049804688,75.6324691772461
road_id
76
is_junction
False
speed_limit
30.0
speed
19.951845105803393
traffic_light
None
translation_offset
7047.351664327085,5507.9530255794525
angle
-181.3937225341797
hero_past_trajectory
352,595
352,587
352,574
353,564
352,556
352,548
352,538
352,528
352,520
352,512
actor_past_trajectory
104
184,331
184,331
184,331
184,331
184,331
184,331
184,331
184,331
184,331
184,331
108
184,436
184,436
184,436
184,436
184,436
184,436
184,436
184,436
184,436
184,436
116
184,217
184,217
184,217
184,217
184,217
184,217
184,217
184,217
184,217
184,217
130
240,-44
240,-38
240,-26
240,-20
240,-10
240,-4
240,3
240,12
240,19
240,27
134
184,100
184,100
184,100
184,100
184,100
184,100
184,100
184,100
184,100
184,100
158
240,119
240,125
240,136
240,141
240,152
241,158
240,166
240,175
240,182
240,189
163
352,817
352,809
352,797
352,791
352,779
353,771
352,762
352,751
352,744
352,736
