time
178.7978391847937
hero_global_pos
233.26712036132812,76.13707733154297
road_id
76
is_junction
False
speed_limit
30.0
speed
20.069614040970816
traffic_light
None
translation_offset
7047.352887805551,5515.952730536461
angle
-181.39325714111328
hero_past_trajectory
352,595
352,582
353,572
353,564
352,556
352,546
352,536
353,528
352,520
352,510
actor_past_trajectory
104
184,339
184,339
184,339
184,339
184,339
184,339
184,339
184,339
184,339
184,339
108
185,444
185,444
185,444
185,444
185,444
185,444
185,444
185,444
185,444
185,444
116
184,225
184,225
184,225
184,225
184,225
184,225
184,225
184,225
184,225
184,225
130
240,-30
240,-18
240,-12
241,-2
240,3
240,11
240,20
240,27
241,35
241,43
134
184,108
184,108
184,108
184,108
184,108
184,108
184,108
184,108
184,108
184,108
158
240,133
240,144
240,149
241,160
241,166
240,174
240,183
240,190
241,197
241,206
163
353,817
352,805
352,799
352,787
353,779
353,770
352,759
352,752
352,744
353,733
