time
178.94491613613354
hero_global_pos
233.25184631347656,76.76508331298828
road_id
76
is_junction
False
speed_limit
30.0
speed
20.39328189391488
traffic_light
None
translation_offset
7046.3541015051305,5525.952104687691
angle
-181.3927993774414
hero_past_trajectory
351,592
352,582
352,574
352,566
351,556
351,546
352,538
352,530
351,520
351,512
actor_past_trajectory
104
183,349
183,349
183,349
183,349
183,349
183,349
183,349
183,349
183,349
183,349
108
184,454
184,454
184,454
184,454
184,454
184,454
184,454
184,454
184,454
184,454
116
183,235
183,235
183,235
183,235
183,235
183,235
183,235
183,235
183,235
183,235
130
240,-8
240,-2
240,7
239,13
239,21
239,30
240,37
240,45
240,53
239,60
134
184,118
184,118
184,118
184,118
184,118
184,118
184,118
184,118
184,118
184,118
158
239,154
240,159
240,170
240,176
239,184
239,193
240,200
240,207
240,216
239,223
163
352,815
351,809
351,797
352,789
352,780
351,769
351,762
351,754
352,743
352,735
