time
179.15664225773799
hero_global_pos
233.2228240966797,77.95802307128906
road_id
76
is_junction
False
speed_limit
30.0
speed
20.57025030125954
traffic_light
None
translation_offset
7046.356666646898,5544.951800704002
angle
-181.3918228149414
hero_past_trajectory
352,593
352,585
352,575
352,565
352,557
352,549
352,539
352,531
352,521
352,514
actor_past_trajectory
104
184,368
184,368
184,368
184,368
184,368
184,368
184,368
184,368
184,368
184,368
108
184,473
184,473
184,473
184,473
184,473
184,473
184,473
184,473
184,473
184,473
116
184,254
184,254
184,254
184,254
184,254
184,254
184,254
184,254
184,254
184,254
130
240,26
240,32
240,40
240,49
240,56
240,64
241,72
240,79
240,87
240,93
134
184,137
184,137
184,137
184,137
184,137
184,137
184,137
184,137
184,137
184,137
158
240,189
241,195
240,203
240,212
240,219
240,226
240,235
240,242
240,250
240,256
163
352,816
352,808
352,799
352,788
352,781
352,773
352,762
352,754
352,744
352,738
