time
179.2263927865206
hero_global_pos
233.2137908935547,78.32884216308594
road_id
76
is_junction
False
speed_limit
30.0
speed
20.552766216353028
traffic_light
None
translation_offset
7046.357843466103,5550.951952695847
angle
-181.39137268066406
hero_past_trajectory
352,591
352,581
352,571
352,563
352,555
352,545
352,537
353,527
352,520
352,508
actor_past_trajectory
104
184,374
184,374
184,374
184,374
184,374
184,374
184,374
184,374
184,374
184,374
108
184,479
184,479
184,479
184,479
184,479
184,479
184,479
184,479
184,479
184,479
116
184,260
184,260
184,260
184,260
184,260
184,260
184,260
184,260
184,260
184,260
130
240,38
240,46
240,55
240,62
240,70
241,78
240,85
240,93
240,99
240,110
134
184,143
184,143
184,143
184,143
184,143
184,143
184,143
184,143
184,143
184,143
158
241,201
240,209
240,218
240,225
240,232
241,241
240,248
240,256
240,262
240,273
163
353,814
352,805
352,794
352,787
352,779
352,768
352,760
352,750
352,744
353,732
