time
179.82455627763557
hero_global_pos
233.125732421875,81.95023345947266
road_id
76
is_junction
False
speed_limit
30.0
speed
20.112297226436834
traffic_light
None
translation_offset
7045.36357948184,5604.948492646217
angle
-181.38921356201172
hero_past_trajectory
352,591
353,581
353,574
352,562
352,556
352,543
353,536
353,527
352,519
352,511
actor_past_trajectory
104
184,428
184,428
184,428
184,428
184,428
184,428
184,428
184,428
184,428
184,428
108
185,533
185,533
185,533
185,533
185,533
185,533
185,533
185,533
185,533
185,533
116
184,314
184,314
184,314
184,314
184,314
184,314
184,314
184,314
184,314
184,314
130
240,139
240,147
240,153
241,164
241,170
240,180
240,186
240,193
241,199
241,207
134
185,197
185,197
185,197
185,197
185,197
185,197
185,197
185,197
185,197
185,197
158
240,302
240,310
240,316
241,327
241,332
240,342
240,349
240,356
241,363
241,371
163
353,814
352,804
352,798
353,786
353,780
352,767
352,760
352,751
353,743
353,734
