time
180.23518966095435
hero_global_pos
233.07632446289062,83.98902893066406
road_id
76
is_junction
False
speed_limit
30.0
speed
20.65807304290033
traffic_light
None
translation_offset
7044.352468710393,5641.942761659622
angle
-181.3935089111328
hero_past_trajectory
352,593
352,580
353,573
353,564
352,556
352,548
353,535
353,528
352,521
352,508
actor_past_trajectory
104
184,465
184,465
184,465
184,465
184,465
184,465
184,465
184,465
184,465
184,465
108
185,570
185,570
185,570
185,570
185,570
185,570
185,570
185,570
185,570
185,570
116
184,351
184,351
184,351
184,351
184,351
184,351
184,351
184,351
184,351
184,351
130
241,207
240,217
240,223
240,230
240,236
241,244
240,253
240,263
240,268
240,275
134
184,234
184,234
184,234
184,234
184,234
184,234
184,234
184,234
184,234
184,234
158
241,369
240,379
240,386
240,393
240,400
241,408
241,415
240,425
240,431
240,439
163
353,817
352,804
352,797
352,788
353,780
353,771
352,762
352,751
352,744
353,735
