time
180.45553209775971
hero_global_pos
233.04405212402344,85.31317138671875
road_id
76
is_junction
False
speed_limit
30.0
speed
20.469420919961767
traffic_light
None
translation_offset
7043.355648525059,5662.944379925728
angle
-181.39228057861328
hero_past_trajectory
352,594
352,585
352,577
352,569
352,556
352,549
352,542
352,529
352,523
352,510
actor_past_trajectory
104
184,486
184,486
184,486
184,486
184,486
184,486
184,486
184,486
184,486
184,486
108
184,591
184,591
184,591
184,591
184,591
184,591
184,591
184,591
184,591
184,591
116
184,372
184,372
184,372
184,372
184,372
184,372
184,372
184,372
184,372
184,372
130
240,244
240,251
240,257
240,265
239,274
240,284
240,289
240,296
240,303
239,315
134
184,255
184,255
184,255
184,255
184,255
184,255
184,255
184,255
184,255
184,255
158
240,407
240,414
240,421
240,429
240,436
240,446
240,452
240,460
240,467
239,479
163
352,818
351,809
352,801
352,792
352,783
352,772
351,765
352,756
352,747
352,734
