time
180.61703371772455
hero_global_pos
233.01913452148438,86.3365707397461
road_id
76
is_junction
False
speed_limit
30.0
speed
20.233417300416093
traffic_light
None
translation_offset
7043.357488911599,5678.94592666626
angle
-181.39156341552734
hero_past_trajectory
352,593
352,585
353,572
353,565
352,558
352,545
352,539
353,526
352,518
352,511
actor_past_trajectory
104
184,502
184,502
184,502
184,502
184,502
184,502
184,502
184,502
184,502
184,502
108
185,607
185,607
185,607
185,607
185,607
185,607
185,607
185,607
185,607
185,607
116
184,388
184,388
184,388
184,388
184,388
184,388
184,388
184,388
184,388
184,388
130
240,273
241,281
240,290
240,300
240,305
240,312
241,319
240,331
240,339
240,345
134
184,271
184,271
184,271
184,271
184,271
184,271
184,271
184,271
184,271
184,271
158
240,437
241,445
241,452
240,462
240,468
240,476
240,483
240,495
240,501
240,507
163
353,817
352,808
352,799
352,788
352,781
353,772
352,763
352,750
352,743
353,735
