time
180.8452401603936
hero_global_pos
232.99118041992188,87.48928833007812
road_id
76
is_junction
False
speed_limit
90.0
speed
20.40910192238362
traffic_light
None
translation_offset
7042.355110686272,5697.945917725563
angle
-181.39247131347656
hero_past_trajectory
352,591
352,584
352,577
352,564
351,558
352,545
352,537
352,530
351,521
352,510
actor_past_trajectory
104
183,521
183,521
183,521
183,521
183,521
183,521
183,521
183,521
183,521
183,521
108
184,626
184,626
184,626
184,626
184,626
184,626
184,626
184,626
184,626
184,626
116
184,407
184,407
184,407
184,407
184,407
184,407
184,407
184,407
184,407
184,407
130
239,309
240,319
240,324
240,331
240,338
239,350
239,358
240,364
240,372
240,381
134
184,290
184,290
184,290
184,290
184,290
184,290
184,290
184,290
184,290
184,290
158
240,471
239,481
240,487
240,495
240,502
239,514
239,520
240,526
240,534
240,543
163
352,818
351,807
351,800
352,791
352,782
351,769
351,762
352,754
352,745
352,734
