time
181.0480995546459
hero_global_pos
232.96156311035156,88.70686340332031
road_id
76
is_junction
False
speed_limit
90.0
speed
21.964249631727412
traffic_light
None
translation_offset
7042.349069289863,5716.941331148148
angle
-181.3948211669922
hero_past_trajectory
352,596
352,583
352,577
353,564
352,556
352,549
352,540
353,529
352,521
352,510
actor_past_trajectory
104
184,540
184,540
184,540
184,540
184,540
184,540
184,540
184,540
184,540
184,540
108
184,645
184,645
184,645
184,645
184,645
184,645
184,645
184,645
184,645
184,645
116
184,426
184,426
184,426
184,426
184,426
184,426
184,426
184,426
184,426
184,426
130
240,343
240,350
240,357
240,369
240,377
240,383
240,391
240,400
241,405
240,415
134
184,309
184,309
184,309
184,309
184,309
184,309
184,309
184,309
184,309
184,309
158
240,506
240,514
240,521
240,533
240,539
240,545
240,553
240,562
241,569
240,578
163
352,819
352,810
352,801
352,788
352,781
353,773
352,764
352,753
352,745
353,734
