time
181.66457069436
hero_global_pos
232.8679962158203,92.54981994628906
road_id
76
is_junction
False
speed_limit
90.0
speed
22.8883117094755
traffic_light
None
translation_offset
7040.3498138822615,5778.944549798965
angle
-181.3945083618164
hero_past_trajectory
351,602
352,591
352,583
352,572
352,564
351,555
352,546
352,532
352,524
351,515
actor_past_trajectory
104
183,602
183,602
183,602
183,602
183,602
183,602
183,602
183,602
183,602
183,602
108
184,707
184,707
184,707
184,707
184,707
184,707
184,707
184,707
184,707
184,707
116
184,488
184,488
184,488
184,488
184,488
184,488
184,488
184,488
184,488
184,488
130
240,453
240,462
240,467
239,477
240,484
240,491
240,498
240,508
239,514
239,521
134
184,371
184,371
184,371
184,371
184,371
184,371
184,371
184,371
184,371
184,371
158
240,615
240,624
240,631
239,640
239,647
240,653
240,660
240,671
239,677
239,684
163
352,826
352,815
351,807
352,796
352,788
352,780
352,772
351,759
352,752
352,743
