time
181.8611996914624
hero_global_pos
232.83580017089844,93.87451934814453
road_id
76
is_junction
False
speed_limit
90.0
speed
26.200336023478414
traffic_light
None
translation_offset
7040.344139613211,5799.934473633766
angle
-181.39676666259766
hero_past_trajectory
352,604
352,593
352,585
352,576
353,567
352,553
352,545
352,536
353,523
352,515
actor_past_trajectory
104
184,623
184,623
184,623
184,623
184,623
184,623
184,623
184,623
184,623
184,623
108
184,728
184,728
184,728
184,728
184,728
184,728
184,728
184,728
184,728
184,728
116
184,509
184,509
184,509
184,509
184,509
184,509
184,509
184,509
184,509
184,509
130
241,488
240,498
240,505
240,512
240,519
241,529
240,535
240,542
240,552
240,559
134
184,392
184,392
184,392
184,392
184,392
184,392
184,392
184,392
184,392
184,392
158
241,652
240,661
240,668
240,674
240,681
241,692
240,698
240,705
240,715
240,720
163
352,828
353,817
352,809
352,801
352,793
352,780
353,773
352,764
352,754
352,747
