time
4960.88701898406
hero_global_pos
131.949462890625,-131.94464111328125
road_id
18
speed_limit
30.0
speed
12.772006604192027
traffic_light
None
translation_offset
5579.959847331047,2040.186615742743
angle
-91.21734023094177
hero_past_trajectory
352,526
352,526
352,526
352,526
351,525
351,523
351,520
351,517
352,513
352,507
actor_past_trajectory
301
109,207
109,207
109,207
109,207
109,207
109,207
109,207
109,207
109,207
109,207
315
352,405
352,401
352,397
352,392
352,385
351,376
352,368
352,360
352,350
352,339
388
12,208
12,208
12,208
12,208
12,208
12,208
12,208
12,208
12,208
12,208
