time
182.05371734457003
hero_global_pos
232.7991943359375,95.3790054321289
road_id
76
is_junction
False
speed_limit
90.0
speed
29.310314037896
traffic_light
None
translation_offset
7039.34061390534,5823.922117590904
angle
-181.39823150634766
hero_past_trajectory
352,609
351,600
352,591
352,577
352,569
351,560
352,547
352,539
352,526
352,513
actor_past_trajectory
104
183,647
183,647
183,647
183,647
183,647
183,647
183,647
183,647
183,647
183,647
108
184,752
184,752
184,752
184,752
184,752
184,752
184,752
184,752
184,752
184,752
116
184,533
184,533
184,533
184,533
184,533
184,533
184,533
184,533
184,533
184,533
130
240,529
240,536
240,543
240,553
239,559
240,566
240,576
240,583
240,592
239,600
134
184,416
184,416
184,416
184,416
184,416
184,416
184,416
184,416
184,416
184,416
158
240,692
240,698
240,705
240,716
239,722
240,729
240,739
240,744
240,749
240,749
163
352,833
352,825
352,817
351,804
352,797
352,788
352,778
352,771
352,760
352,751
