time
182.24172073932277
hero_global_pos
232.75997924804688,96.99065399169922
road_id
76
is_junction
False
speed_limit
90.0
speed
32.17550400163545
traffic_light
None
translation_offset
7039.340455207974,5849.9095648527145
angle
-181.39840698242188
hero_past_trajectory
353,617
352,603
352,595
352,586
353,573
353,565
352,552
353,539
353,528
352,517
actor_past_trajectory
104
184,673
184,673
184,673
184,673
184,673
184,673
184,673
184,673
184,673
184,673
116
184,559
184,559
184,559
184,559
184,559
184,559
184,559
184,559
184,559
184,559
130
241,569
241,579
240,585
240,592
240,602
241,609
241,618
240,626
240,631
240,636
134
184,442
184,442
184,442
184,442
184,442
184,442
184,442
184,442
184,442
184,442
163
352,843
352,830
353,823
353,814
352,804
352,797
353,786
353,777
353,769
352,761
