time
4916.322292265359
hero_global_pos
84.1828384399414,-105.1562271118164
road_id
50
speed_limit
30.0
speed
0.001435133706959137
traffic_light
None
translation_offset
4670.271647684276,2315.092661380768
angle
-2.0140380859375
hero_past_trajectory
352,502
352,502
352,502
352,502
352,502
352,502
352,502
352,502
352,502
352,502
actor_past_trajectory
304
352,385
352,385
352,385
352,385
352,385
352,385
352,385
352,385
352,385
352,385
315
353,270
353,270
353,270
353,270
353,270
353,270
353,270
353,270
353,270
353,270
