time
182.33073826463806
hero_global_pos
232.73960876464844,97.82687377929688
road_id
76
is_junction
False
speed_limit
90.0
speed
33.524829663394605
traffic_light
None
translation_offset
7038.340689621866,5862.905827641487
angle
-181.39835357666016
hero_past_trajectory
352,616
352,608
351,599
352,586
352,578
352,565
352,552
352,541
352,530
351,515
actor_past_trajectory
104
183,686
183,686
183,686
183,686
183,686
183,686
183,686
183,686
183,686
183,686
116
184,572
184,572
184,572
184,572
184,572
184,572
184,572
184,572
184,572
184,572
130
240,592
239,598
239,605
240,615
240,622
240,631
239,639
239,644
240,649
240,656
134
184,455
184,455
184,455
184,455
184,455
184,455
184,455
184,455
184,455
184,455
