time
4961.38943109649
hero_global_pos
134.27996826171875,-131.89480590820312
road_id
18
speed_limit
30.0
speed
19.521612447370803
traffic_light
None
translation_offset
5616.96035695076,2041.2122149132192
angle
-91.2271124124527
hero_past_trajectory
351,560
351,557
351,554
352,550
352,544
352,539
352,533
352,527
351,518
351,513
actor_past_trajectory
301
108,244
108,244
108,244
108,244
108,244
108,244
108,244
108,244
108,244
108,244
315
351,413
352,405
352,397
352,387
351,376
352,366
353,356
354,348
355,341
356,331
388
11,245
11,245
11,245
11,245
11,245
11,245
11,245
11,245
11,245
11,245
