time
4961.480027286212
hero_global_pos
134.76234436035156,-131.8844757080078
road_id
18
speed_limit
30.0
speed
19.48254247002791
traffic_light
Green
translation_offset
5624.962484836578,2041.2125415280461
angle
-91.22721982002258
hero_past_trajectory
351,565
351,562
352,558
352,552
352,547
352,541
352,535
352,526
351,521
352,510
actor_past_trajectory
301
109,252
109,252
109,252
109,252
109,252
109,252
109,252
109,252
109,252
109,252
315
352,413
352,405
352,395
351,384
352,374
353,364
354,356
355,349
357,339
360,328
388
12,253
12,253
12,253
12,253
12,253
12,253
12,253
12,253
12,253
12,253
