time
4961.585008560556
hero_global_pos
135.32696533203125,-131.87237548828125
road_id
18
speed_limit
30.0
speed
19.379351521357307
traffic_light
Green
translation_offset
5633.964272975922,2041.2124375924468
angle
-91.22716534137726
hero_past_trajectory
351,571
352,567
352,561
352,556
352,550
352,544
352,535
352,530
352,519
352,511
actor_past_trajectory
301
109,261
109,261
109,261
109,261
109,261
109,261
109,261
109,261
109,261
109,261
315
352,414
352,404
352,393
352,383
353,373
354,365
355,358
357,348
360,337
363,329
388
12,262
12,262
12,262
12,262
12,262
12,262
12,262
12,262
12,262
12,262
