time
4961.852130907464
hero_global_pos
136.9613494873047,-131.83738708496094
road_id
18
speed_limit
30.0
speed
20.13559868858516
traffic_light
Green
translation_offset
5659.965435266495,2041.2129930332303
angle
-91.22736811637878
hero_past_trajectory
353,582
353,576
352,570
352,561
352,556
353,545
353,537
353,528
352,520
352,512
actor_past_trajectory
301
109,287
109,287
109,287
109,287
109,287
109,287
109,287
109,287
109,287
109,287
315
353,409
354,399
355,391
355,384
357,374
361,363
364,355
368,347
373,339
378,331
388
12,288
12,288
12,288
12,288
12,288
12,288
12,288
12,288
12,288
12,288
