time
183.56668076248752
hero_global_pos
232.39694213867188,111.91371154785156
road_id
76
is_junction
False
speed_limit
90.0
speed
44.14591286829274
traffic_light
None
translation_offset
7033.356042474508,6087.919345974922
angle
-181.39236450195312
hero_past_trajectory
353,689
352,671
352,656
352,643
352,619
352,600
352,579
352,561
352,543
352,516
actor_past_trajectory
134
184,680
184,680
184,680
184,680
184,680
184,680
184,680
184,680
184,680
184,680
180
196,-74
194,-68
192,-43
190,-31
188,-10
187,6
186,20
186,38
185,53
185,76
