time
183.73165522845375
hero_global_pos
232.3418426513672,114.1806411743164
road_id
76
is_junction
False
speed_limit
90.0
speed
45.564339454248454
traffic_light
None
translation_offset
7032.354467794299,6124.915707111359
angle
-181.39299774169922
hero_past_trajectory
352,693
352,680
352,656
352,637
352,616
352,598
352,580
352,553
352,539
352,520
actor_past_trajectory
134
184,717
184,717
184,717
184,717
184,717
184,717
184,717
184,717
184,717
184,717
180
192,-6
190,5
188,26
187,43
186,57
186,75
185,90
184,113
184,125
184,140
