time
4962.890770202379
hero_global_pos
142.94610595703125,-131.6759490966797
road_id
18
speed_limit
30.0
speed
22.105734775977787
traffic_light
None
translation_offset
5755.886918067932,2046.8190759271383
angle
-92.2232837677002
hero_past_trajectory
353,598
353,588
353,581
353,569
352,561
352,555
353,544
352,534
352,526
351,513
actor_past_trajectory
301
106,387
106,387
106,387
106,387
106,387
106,387
106,387
106,387
106,387
106,387
315
383,420
389,414
395,408
400,404
411,397
417,394
427,391
437,388
445,385
457,384
388
9,390
9,390
9,390
9,390
9,390
9,390
9,390
9,390
9,390
9,390
