time
4962.970463569152
hero_global_pos
143.4326629638672,-131.6274871826172
road_id
18
speed_limit
30.0
speed
22.15033295910483
traffic_light
None
translation_offset
5762.759039282799,2050.4966028109193
angle
-93.24720406532288
hero_past_trajectory
354,595
354,588
353,576
353,568
352,562
353,551
352,541
352,533
351,520
351,509
actor_past_trajectory
301
104,399
104,399
104,399
104,399
104,399
104,399
104,399
104,399
104,399
104,399
315
386,420
393,415
398,410
408,403
414,400
424,397
434,393
442,391
455,389
465,387
388
7,403
7,403
7,403
7,403
7,403
7,403
7,403
7,403
7,403
7,403
