time
4963.198888080071
hero_global_pos
144.88487243652344,-131.3778533935547
road_id
747
speed_limit
30.0
speed
22.401970062504017
traffic_light
None
translation_offset
5785.455038666725,2067.4730858802795
angle
-98.23039245605469
hero_past_trajectory
359,600
358,592
357,586
357,575
355,565
354,557
352,544
351,533
351,526
351,516
actor_past_trajectory
301
95,445
95,445
95,445
95,445
95,445
95,445
95,445
95,445
95,445
95,445
315
389,431
399,422
405,420
414,415
424,411
431,408
444,405
454,402
461,400
469,399
388
0,458
0,458
0,458
0,458
0,458
0,458
0,458
0,458
0,458
0,458
