time
4963.339116024661
hero_global_pos
145.5952911376953,-131.17190551757812
road_id
747
speed_limit
30.0
speed
22.590805983219138
traffic_light
None
translation_offset
5794.744307875633,2080.082282960415
angle
-101.95920753479004
hero_past_trajectory
363,603
362,597
361,586
359,576
357,568
354,556
353,545
352,538
351,528
351,513
actor_past_trajectory
301
91,473
91,473
91,473
91,473
91,473
91,473
91,473
91,473
91,473
91,473
315
393,431
399,428
408,423
417,418
424,414
437,410
446,407
453,405
462,403
474,399
388
-3,492
-3,492
-3,492
-3,492
-3,492
-3,492
-3,492
-3,492
-3,492
-3,492
