time
4963.518399547662
hero_global_pos
146.59788513183594,-130.7329559326172
road_id
747
speed_limit
30.0
speed
22.021694312997806
traffic_light
None
translation_offset
5805.570085287094,2105.5767533779144
angle
-109.29986000061035
hero_past_trajectory
370,602
367,592
364,585
360,572
357,562
356,555
353,545
351,531
351,519
351,509
actor_past_trajectory
301
89,524
89,524
89,524
89,524
89,524
89,524
89,524
89,524
89,524
89,524
315
396,434
404,428
411,423
423,418
432,413
439,410
447,407
459,402
468,399
475,396
388
-2,555
-2,555
-2,555
-2,555
-2,555
-2,555
-2,555
-2,555
-2,555
-2,555
