time
4963.6121691678345
hero_global_pos
147.1221160888672,-130.4037628173828
road_id
747
speed_limit
30.0
speed
21.75010072947917
traffic_light
None
translation_offset
5808.443874239922,2123.3128160834312
angle
-114.54579544067383
hero_past_trajectory
374,600
370,593
365,581
361,570
359,564
356,554
353,540
351,529
351,518
351,511
actor_past_trajectory
301
90,558
90,558
90,558
90,558
90,558
90,558
90,558
90,558
90,558
90,558
315
396,432
403,427
414,421
423,416
429,412
437,408
448,402
457,398
464,395
472,391
388
2,597
2,597
2,597
2,597
2,597
2,597
2,597
2,597
2,597
2,597
