time
4963.91493921342
hero_global_pos
148.3778839111328,-129.28091430664062
road_id
747
speed_limit
30.0
speed
20.34825357429365
traffic_light
None
translation_offset
5808.701689362526,2173.2349433898926
angle
-128.92037963867188
hero_past_trajectory
376,593
373,587
367,578
361,566
356,555
353,545
352,538
351,529
350,517
351,507
actor_past_trajectory
301
111,648
111,648
111,648
111,648
111,648
111,648
111,648
111,648
111,648
111,648
315
398,428
402,423
409,417
419,408
427,402
432,397
439,392
447,386
455,379
463,372
388
35,708
35,708
35,708
35,708
35,708
35,708
35,708
35,708
35,708
35,708
