time
4964.035626441117
hero_global_pos
148.80653381347656,-128.71998596191406
road_id
747
speed_limit
30.0
speed
18.981810736928985
traffic_light
None
translation_offset
5804.88606595993,2194.240662932396
angle
-135.0957794189453
hero_past_trajectory
380,595
374,588
366,576
361,566
356,556
354,549
352,540
351,529
350,518
351,513
actor_past_trajectory
301
127,684
127,684
127,684
127,684
127,684
127,684
127,684
127,684
127,684
127,684
315
392,429
399,423
407,413
414,406
419,401
425,394
432,387
439,380
447,372
451,369
388
58,752
58,752
58,752
58,752
58,752
58,752
58,752
58,752
58,752
58,752
