time
4964.154478628996
hero_global_pos
149.0792694091797,-128.24996948242188
road_id
747
speed_limit
30.0
speed
18.84041413280741
traffic_light
None
translation_offset
5799.708441734314,2211.493506193161
angle
-140.3517608642578
hero_past_trajectory
381,594
372,583
365,574
360,564
357,558
354,549
352,538
350,528
350,523
351,510
actor_past_trajectory
301
143,713
143,713
143,713
143,713
143,713
143,713
143,713
143,713
143,713
143,713
315
390,428
397,417
404,410
408,404
414,397
420,390
427,382
434,374
437,370
445,361
