time
4964.319368548568
hero_global_pos
149.43560791015625,-127.45438385009766
road_id
747
speed_limit
30.0
speed
19.945433884853024
traffic_light
None
translation_offset
5787.90163064003,2236.5703758001328
angle
-148.2634162902832
hero_past_trajectory
372,585
366,576
362,571
358,562
354,552
351,541
351,536
349,524
349,516
350,511
actor_past_trajectory
301
172,754
172,754
172,754
172,754
172,754
172,754
172,754
172,754
172,754
172,754
315
388,417
392,411
396,404
402,395
407,387
413,377
415,373
422,363
428,355
430,351
