time
187.73118312241422
hero_global_pos
213.9218292236328,176.762451171875
road_id
76
is_junction
False
speed_limit
90.0
speed
69.66108433176143
traffic_light
None
translation_offset
6625.63100194931,7071.777955651283
angle
-230.3009490966797
hero_past_trajectory
415,804
405,779
394,747
389,730
380,700
372,666
365,631
358,590
356,568
353,526
actor_past_trajectory
164
470,-279
453,-250
434,-214
424,-194
406,-159
388,-122
372,-83
355,-44
343,-13
331,18
176
365,-204
350,-174
333,-137
325,-116
311,-80
295,-40
279,0
264,40
254,72
245,105
