time
187.80623837517487
hero_global_pos
212.787109375,177.71478271484375
road_id
76
is_junction
False
speed_limit
90.0
speed
70.15649645942096
traffic_light
None
translation_offset
6604.790533661842,7083.246201634407
angle
-232.03286743164062
hero_past_trajectory
414,801
402,769
396,752
387,722
377,689
369,654
361,613
359,591
354,549
353,525
actor_past_trajectory
164
431,-229
413,-193
403,-172
387,-137
370,-99
355,-60
339,-21
328,10
317,42
306,82
176
330,-150
315,-112
307,-91
294,-55
279,-15
265,25
251,66
242,99
234,132
225,172
