time
188.20639641912567
hero_global_pos
205.63723754882812,182.62399291992188
road_id
76
is_junction
False
speed_limit
90.0
speed
71.512871171536
traffic_light
None
translation_offset
6477.477281928062,7142.0214158296585
angle
-241.29502868652344
hero_past_trajectory
422,821
408,787
394,748
387,727
376,686
371,663
367,640
359,597
357,573
355,549
actor_past_trajectory
164
288,43
279,84
270,125
264,159
258,192
253,232
250,259
246,308
244,335
243,362
176
211,141
204,184
196,226
193,260
190,294
188,335
187,362
186,408
185,434
184,458
