time
188.31851096967148
hero_global_pos
204.34088134765625,183.36251831054688
road_id
76
is_junction
False
speed_limit
90.0
speed
71.30413210893124
traffic_light
None
translation_offset
6455.135390639305,7151.5293217897415
angle
-242.3765106201172
hero_past_trajectory
414,810
399,772
393,750
381,710
375,687
370,664
362,621
359,597
356,573
353,526
actor_past_trajectory
164
272,110
264,151
259,184
253,218
249,259
246,285
243,334
242,361
241,389
240,441
176
199,211
192,253
189,287
187,321
186,362
185,389
185,435
185,461
185,485
186,535
