time
4912.109579922508
hero_global_pos
83.93962097167969,-98.33055114746094
road_id
50
speed_limit
30.0
speed
24.639044385325914
traffic_light
None
translation_offset
4666.555840022862,2425.1045793294907
angle
-2.1226806640625
hero_past_trajectory
352,633
352,620
352,607
352,594
352,581
352,568
352,554
352,540
353,526
352,515
actor_past_trajectory
304
352,275
352,275
352,275
352,275
352,275
352,275
352,275
352,275
352,275
352,275
315
352,160
352,160
352,160
352,160
352,160
352,160
352,160
352,160
352,160
352,160
