time
205.53235397072422
hero_global_pos
-9.00244140625,197.05352783203125
road_id
104
is_junction
True
speed_limit
30.0
speed
20.720208523883155
traffic_light
None
translation_offset
3024.000500679016,7301.372455839533
angle
-269.85772705078125
hero_past_trajectory
353,590
353,583
352,576
352,567
352,559
352,546
352,539
352,528
352,519
352,510
actor_past_trajectory
125
185,170
185,202
185,224
185,250
185,273
184,313
184,336
184,368
184,393
184,421
137
212,-218
203,-190
198,-170
193,-147
189,-128
185,-102
183,-90
183,-74
183,-61
183,-46
