time
205.67419397042977
hero_global_pos
-9.825674057006836,197.05560302734375
road_id
104
is_junction
True
speed_limit
30.0
speed
20.5987546936042
traffic_light
None
translation_offset
3011.000473856926,7301.373099639546
angle
-269.85748291015625
hero_past_trajectory
353,596
352,589
352,580
352,572
352,559
352,552
352,541
352,532
352,523
352,512
actor_past_trajectory
125
185,215
185,237
185,263
185,286
184,326
184,349
184,381
184,406
184,434
184,459
137
203,-177
198,-157
193,-134
189,-115
184,-89
183,-77
183,-61
183,-48
183,-33
183,-19
