time
4918.646952985662
hero_global_pos
84.18408203125,-105.19078063964844
road_id
50
speed_limit
30.0
speed
1.9751139963084894
traffic_light
None
translation_offset
4670.2682077512145,2315.0928044319153
angle
-2.012725830078125
hero_past_trajectory
352,502
352,502
352,502
352,502
352,502
352,502
352,502
352,502
352,502
352,502
actor_past_trajectory
304
352,385
352,385
352,385
352,385
352,385
352,384
353,383
353,381
353,378
352,373
315
353,269
353,266
353,263
352,260
352,255
352,249
353,241
353,234
352,226
353,216
