time
206.05253717819141
hero_global_pos
-11.968121528625488,197.0609893798828
road_id
104
is_junction
True
speed_limit
30.0
speed
20.141099888107224
traffic_light
None
translation_offset
2977.0004827976227,7301.373957911506
angle
-269.85716247558594
hero_past_trajectory
352,593
352,586
352,575
352,566
352,557
352,546
352,536
352,529
352,522
352,509
actor_past_trajectory
125
184,360
184,383
184,415
184,440
184,468
184,493
184,534
184,557
184,580
185,621
137
184,-55
183,-43
183,-27
183,-14
183,0
183,14
183,39
183,53
183,68
184,95
