time
206.27690945709037
hero_global_pos
-13.221620559692383,197.06407165527344
road_id
104
is_junction
True
speed_limit
30.0
speed
19.972184972639624
traffic_light
None
translation_offset
2957.0004827976227,7301.373779097572
angle
-269.8572235107422
hero_past_trajectory
352,595
352,586
352,577
352,566
352,556
352,549
352,542
352,529
352,522
352,514
actor_past_trajectory
125
184,435
184,460
184,488
184,513
184,554
184,577
184,600
185,641
185,665
185,691
137
183,-7
183,5
183,20
183,34
183,59
183,73
183,88
184,115
184,130
184,147
