time
4918.711915976244
hero_global_pos
84.18624114990234,-105.25227355957031
road_id
50
speed_limit
30.0
speed
3.386010048001769
traffic_light
None
translation_offset
4670.269691348076,2314.093850493431
angle
-2.0133056640625
hero_past_trajectory
352,503
352,503
352,503
352,503
352,503
352,503
352,503
352,503
352,503
352,503
actor_past_trajectory
304
352,386
352,386
352,386
352,386
352,385
353,384
353,382
353,379
353,374
352,369
315
353,267
353,264
353,261
352,256
352,250
353,242
353,235
352,227
353,217
354,208
