time
4918.840520621154
hero_global_pos
84.19123077392578,-105.39407348632812
road_id
50
speed_limit
30.0
speed
5.250694858755175
traffic_light
None
translation_offset
4670.272355116904,2312.0959426164627
angle
-2.0143508911132812
hero_past_trajectory
352,505
352,505
352,505
352,505
352,505
352,505
352,505
352,505
352,505
352,504
actor_past_trajectory
304
352,388
352,388
352,388
352,387
353,386
353,384
353,381
353,376
352,371
352,366
315
353,266
353,263
352,258
352,252
353,244
353,237
352,229
353,219
354,210
354,202
