time
4918.923415942925
hero_global_pos
84.19841003417969,-105.59819793701172
road_id
50
speed_limit
30.0
speed
7.089777663957812
traffic_light
None
translation_offset
4671.275641940534,2308.0976502895355
angle
-2.015625
hero_past_trajectory
351,509
351,509
351,509
351,509
351,509
351,509
351,509
351,509
351,508
351,506
actor_past_trajectory
304
351,392
351,392
351,391
352,390
352,388
352,385
352,380
352,375
351,370
352,363
315
352,267
352,262
351,256
352,248
352,241
352,233
352,223
353,214
354,206
355,195
