time
4987.755278959747
hero_global_pos
83.95006561279297,-98.63459777832031
road_id
50
speed_limit
30.0
speed
19.561869975901114
traffic_light
None
translation_offset
4667.559298954904,2420.105893611908
angle
-2.1240234375
hero_past_trajectory
351,608
352,598
351,585
352,572
351,561
352,550
351,539
351,533
352,522
351,513
actor_past_trajectory
315
352,381
351,374
352,364
352,354
351,345
352,336
352,327
351,322
351,312
352,302
338
99,-43
99,-43
99,-43
99,-43
99,-43
99,-43
99,-43
99,-43
99,-43
99,-43
