time
4987.946541712496
hero_global_pos
83.9898681640625,-99.73758697509766
road_id
50
speed_limit
30.0
speed
20.03141084157181
traffic_light
None
translation_offset
4667.469661764801,2402.1003235578537
angle
-2.0897293090820312
hero_past_trajectory
352,603
352,590
352,579
352,568
352,557
352,551
352,540
352,531
353,520
352,511
actor_past_trajectory
315
353,382
352,372
352,363
353,354
352,345
352,340
352,330
352,320
352,309
352,300
338
100,-25
100,-25
100,-25
100,-25
100,-25
100,-25
100,-25
100,-25
100,-25
100,-25
