time
4988.0620099398
hero_global_pos
84.0111083984375,-100.33033752441406
road_id
50
speed_limit
30.0
speed
20.693315485752457
traffic_light
None
translation_offset
4668.434371717274,2393.098490715027
angle
-2.07623291015625
hero_past_trajectory
352,599
351,588
352,577
351,566
351,560
352,549
351,540
352,529
352,520
351,511
actor_past_trajectory
315
352,381
351,372
352,363
352,354
351,349
351,339
352,329
351,318
351,309
352,300
338
99,-16
99,-16
99,-16
99,-16
99,-16
99,-16
99,-16
99,-16
99,-16
99,-16
