time
4988.137107885319
hero_global_pos
84.02620697021484,-100.7522964477539
road_id
50
speed_limit
30.0
speed
21.00748388740407
traffic_light
None
translation_offset
4668.414195917547,2386.0977754592896
angle
-2.0685195922851562
hero_past_trajectory
351,595
352,584
352,573
351,567
352,556
352,547
352,536
352,527
352,518
352,509
actor_past_trajectory
315
352,379
352,370
352,361
352,356
351,346
352,336
352,325
351,316
352,307
352,297
338
99,-9
99,-9
99,-9
99,-9
99,-9
99,-9
99,-9
99,-9
99,-9
99,-9
