time
4988.329765192109
hero_global_pos
84.06663513183594,-101.88644409179688
road_id
50
speed_limit
30.0
speed
21.38248695453414
traffic_light
None
translation_offset
4668.371070466936,2368.096380710602
angle
-2.0520401000976562
hero_past_trajectory
352,591
352,585
353,574
352,565
353,554
353,545
352,536
353,527
353,520
352,510
actor_past_trajectory
315
353,379
352,374
352,364
353,354
352,343
352,334
353,325
352,315
352,309
353,299
338
100,8
100,8
100,8
100,8
100,8
100,8
100,8
100,8
100,8
100,8
