time
4988.441414354245
hero_global_pos
84.09044647216797,-102.55584716796875
road_id
50
speed_limit
30.0
speed
21.404346378087634
traffic_light
None
translation_offset
4669.351969785988,2357.0956386327744
angle
-2.04473876953125
hero_past_trajectory
351,596
352,585
352,576
352,565
352,556
352,547
352,538
352,531
352,521
351,513
actor_past_trajectory
315
352,385
351,375
352,365
352,354
351,345
352,336
352,326
352,320
352,310
352,302
338
100,19
100,19
100,19
100,19
100,19
100,19
100,19
100,19
100,19
100,19
390
547,-42
547,-42
547,-42
547,-42
547,-42
547,-42
547,-42
547,-42
547,-42
547,-42
