time
4988.525062241468
hero_global_pos
84.11349487304688,-103.20557403564453
road_id
50
speed_limit
30.0
speed
21.331736366452972
traffic_light
None
translation_offset
4669.338159203529,2347.0950664281845
angle
-2.039459228515625
hero_past_trajectory
352,595
352,586
353,575
352,566
352,557
353,548
352,541
352,531
352,523
352,512
actor_past_trajectory
315
352,385
352,375
352,364
352,355
352,346
352,336
352,330
353,320
352,312
352,302
338
100,29
100,29
100,29
100,29
100,29
100,29
100,29
100,29
100,29
100,29
390
547,-32
547,-32
547,-32
547,-32
547,-32
547,-32
547,-32
547,-32
547,-32
547,-32
