time
4988.84654141857
hero_global_pos
84.17762756347656,-105.01604461669922
road_id
50
speed_limit
30.0
speed
20.93948167153673
traffic_light
None
translation_offset
4670.313196219504,2318.0941276550293
angle
-2.0299148559570312
hero_past_trajectory
352,595
352,586
353,577
352,570
352,560
352,552
352,541
352,531
353,521
352,511
actor_past_trajectory
315
352,384
352,375
352,365
352,359
353,349
352,341
352,331
353,321
352,312
352,303
338
100,58
100,58
100,58
100,58
100,58
100,58
100,58
100,58
100,58
100,58
390
547,-3
547,-3
547,-3
547,-3
547,-3
547,-3
547,-3
547,-3
547,-3
547,-3
