time
4988.965796075638
hero_global_pos
84.19957733154297,-105.6368408203125
road_id
50
speed_limit
30.0
speed
20.775696643298367
traffic_light
None
translation_offset
4671.30813857913,2308.0939667224884
angle
-2.027984619140625
hero_past_trajectory
351,596
352,587
352,580
351,570
351,562
352,551
351,541
352,531
352,521
351,512
actor_past_trajectory
315
352,385
352,375
351,369
352,359
352,351
351,341
352,331
352,322
351,313
352,304
338
99,68
99,68
99,68
99,68
99,68
99,68
99,68
99,68
99,68
99,68
390
547,6
547,6
547,6
547,6
547,6
547,6
547,6
547,6
547,6
547,6
