time
4989.358867782976
hero_global_pos
84.27879333496094,-107.87818908691406
road_id
50
speed_limit
30.0
speed
20.190168206463884
traffic_light
None
translation_offset
4672.298665910959,2272.0936627388
angle
-2.0243606567382812
hero_past_trajectory
351,598
352,587
352,577
352,567
352,557
352,548
352,538
352,528
352,520
352,511
actor_past_trajectory
315
352,387
352,377
352,367
352,358
352,349
352,340
352,331
352,323
351,318
351,314
338
100,104
100,104
100,104
100,104
100,104
100,104
100,104
100,104
100,104
100,104
390
547,42
547,42
547,42
547,42
547,42
547,42
547,42
547,42
547,42
547,42
