time
4989.552827452186
hero_global_pos
84.31645202636719,-108.9435043334961
road_id
50
speed_limit
30.0
speed
19.878473094155407
traffic_light
None
translation_offset
4672.296825245023,2255.0935912132263
angle
-2.0236587524414062
hero_past_trajectory
352,594
353,584
353,574
352,565
353,555
353,545
352,537
353,528
353,519
352,510
actor_past_trajectory
315
353,384
353,375
352,366
353,357
353,348
352,340
352,335
352,331
353,329
353,328
338
100,121
100,121
100,121
100,121
100,121
100,121
100,121
100,121
100,121
100,121
390
547,59
547,59
547,59
547,59
547,59
547,59
547,59
547,59
547,59
547,59
