time
4989.863473697442
hero_global_pos
84.3685302734375,-110.41755676269531
road_id
50
speed_limit
30.0
speed
15.346907655669524
traffic_light
None
translation_offset
4673.287690088153,2231.0964164733887
angle
-2.0202102661132812
hero_past_trajectory
352,589
353,579
352,569
352,561
353,552
352,543
352,534
352,526
353,517
352,509
actor_past_trajectory
315
353,381
352,372
352,364
352,359
352,355
353,353
353,352
353,352
353,352
353,352
338
100,145
100,145
100,145
100,145
100,145
100,145
100,145
100,145
100,145
100,145
390
547,83
547,83
547,83
547,83
547,83
547,83
547,83
547,83
547,83
547,83
