time
4989.955283201176
hero_global_pos
84.38235473632812,-110.80854034423828
road_id
50
speed_limit
30.0
speed
14.86774231557312
traffic_light
None
translation_offset
4674.288410373032,2225.095781683922
angle
-2.020477294921875
hero_past_trajectory
352,585
352,575
351,567
352,558
352,549
351,540
351,532
352,523
351,515
351,508
actor_past_trajectory
315
352,378
351,370
351,365
351,361
352,359
352,358
352,358
352,358
352,358
352,358
338
99,151
99,151
99,151
99,151
99,151
99,151
99,151
99,151
99,151
99,151
390
547,89
547,89
547,89
547,89
547,89
547,89
547,89
547,89
547,89
547,89
