time
4990.08852720807
hero_global_pos
84.4001235961914,-111.31133270263672
road_id
50
speed_limit
30.0
speed
11.78730102572308
traffic_light
None
translation_offset
4674.285453796387,2217.0969260931015
angle
-2.0193634033203125
hero_past_trajectory
352,583
352,575
352,566
352,557
352,548
351,540
352,531
352,523
351,516
352,510
actor_past_trajectory
315
352,378
351,373
351,369
352,367
352,366
352,366
352,366
352,366
352,366
352,366
338
100,159
100,159
100,159
100,159
100,159
100,159
100,159
100,159
100,159
100,159
390
547,97
547,97
547,97
547,97
547,97
547,97
547,97
547,97
547,97
547,97
