time
4990.253161400433
hero_global_pos
84.41716003417969,-111.7928466796875
road_id
50
speed_limit
30.0
speed
10.19512279268517
traffic_light
None
translation_offset
4674.2837846800685,2209.0980883836746
angle
-2.01873779296875
hero_past_trajectory
353,574
352,565
352,556
352,548
352,539
352,531
352,524
353,518
352,510
352,505
actor_past_trajectory
315
352,377
353,375
352,374
352,374
352,374
352,374
352,374
352,374
352,374
352,374
338
100,167
100,167
100,167
100,167
100,167
100,167
100,167
100,167
100,167
100,167
390
547,105
547,105
547,105
547,105
547,105
547,105
547,105
547,105
547,105
547,105
