time
4919.25014525919
hero_global_pos
84.22604370117188,-106.3824462890625
road_id
50
speed_limit
30.0
speed
11.727983663649962
traffic_light
None
translation_offset
4671.285989679396,2296.099492073059
angle
-2.0195999145507812
hero_past_trajectory
352,521
352,521
352,521
352,521
352,521
352,520
352,518
352,514
352,511
352,507
actor_past_trajectory
304
352,402
352,400
352,397
352,392
352,387
352,382
353,375
352,367
352,358
352,349
315
352,260
352,253
352,245
353,235
353,226
354,218
356,207
357,197
360,187
363,177
