time
4990.541965296368
hero_global_pos
84.43921661376953,-112.4156723022461
road_id
50
speed_limit
30.0
speed
3.3233685797448644
traffic_light
None
translation_offset
4674.278807505965,2199.1012176275253
angle
-2.0168838500976562
hero_past_trajectory
352,558
353,549
352,541
352,534
353,528
353,520
352,515
352,512
352,506
352,504
actor_past_trajectory
315
353,384
353,384
353,384
353,384
353,384
353,384
353,384
353,384
353,384
353,384
338
100,177
100,177
100,177
100,177
100,177
100,177
100,177
100,177
100,177
100,177
390
547,115
547,115
547,115
547,115
547,115
547,115
547,115
547,115
547,115
547,115
