time
4990.679078149486
hero_global_pos
84.44039916992188,-112.45006561279297
road_id
50
speed_limit
30.0
speed
0.010171473929960958
traffic_light
None
translation_offset
4674.284144543111,2199.106143951416
angle
-2.0189895629882812
hero_past_trajectory
353,549
352,541
352,534
353,528
353,520
352,515
352,512
352,506
352,504
352,502
actor_past_trajectory
315
353,384
353,384
353,384
353,384
353,384
353,384
353,384
353,384
353,384
353,384
338
100,177
100,177
100,177
100,177
100,177
100,177
100,177
100,177
100,177
100,177
390
547,115
547,115
547,115
547,115
547,115
547,115
547,115
547,115
547,115
547,115
