time
4990.781984929803
hero_global_pos
84.44041442871094,-112.45048522949219
road_id
50
speed_limit
30.0
speed
0.016959666630108415
traffic_light
None
translation_offset
4674.284057930112,2199.1035153865814
angle
-2.0189208984375
hero_past_trajectory
352,541
352,534
353,528
353,520
352,515
352,512
352,506
352,504
352,502
352,502
actor_past_trajectory
315
353,384
353,384
353,384
353,384
353,384
353,384
353,384
353,384
353,384
353,384
338
100,177
100,177
100,177
100,177
100,177
100,177
100,177
100,177
100,177
100,177
390
547,115
547,115
547,115
547,115
547,115
547,115
547,115
547,115
547,115
547,115
