time
4990.965797862846
hero_global_pos
84.44051361083984,-112.45211791992188
road_id
50
speed_limit
30.0
speed
0.017490910337670338
traffic_light
None
translation_offset
4674.284304916859,2199.0960141420364
angle
-2.0189132690429688
hero_past_trajectory
353,528
353,520
352,515
352,512
352,506
352,504
352,502
352,502
352,502
352,502
actor_past_trajectory
315
353,384
353,384
353,384
353,384
353,384
353,384
353,384
353,384
353,384
353,384
338
100,177
100,177
100,177
100,177
100,177
100,177
100,177
100,177
100,177
100,177
390
547,115
547,115
547,115
547,115
547,115
547,115
547,115
547,115
547,115
547,115
