time
4991.08953510585
hero_global_pos
84.44056701660156,-112.45293426513672
road_id
50
speed_limit
30.0
speed
0.016646434256386868
traffic_light
None
translation_offset
4674.284304358065,2199.0939935445786
angle
-2.0188827514648438
hero_past_trajectory
353,520
352,515
352,512
352,506
352,504
352,502
352,502
352,502
352,502
352,502
actor_past_trajectory
315
353,384
353,384
353,384
353,384
353,384
353,384
353,384
353,384
353,384
353,384
338
100,177
100,177
100,177
100,177
100,177
100,177
100,177
100,177
100,177
100,177
390
547,115
547,115
547,115
547,115
547,115
547,115
547,115
547,115
547,115
547,115
