time
4991.490114346954
hero_global_pos
84.44062042236328,-112.45380401611328
road_id
50
speed_limit
30.0
speed
0.0023555080924626093
traffic_light
None
translation_offset
4674.2843529731035,2199.0931173563004
angle
-2.018890380859375
hero_past_trajectory
352,504
352,502
352,502
352,502
352,502
352,502
352,502
352,502
352,502
352,502
actor_past_trajectory
315
353,384
353,384
353,384
353,384
353,384
353,384
353,384
353,384
353,384
353,384
338
100,177
100,177
100,177
100,177
100,177
100,177
100,177
100,177
100,177
100,177
390
547,115
547,115
547,115
547,115
547,115
547,115
547,115
547,115
547,115
547,115
