time
4912.2113923540965
hero_global_pos
83.96430206298828,-99.01210021972656
road_id
50
speed_limit
30.0
speed
23.508618137504264
traffic_light
None
translation_offset
4667.488117039204,2414.103059411049
angle
-2.0968093872070312
hero_past_trajectory
352,631
351,618
352,605
351,592
352,579
351,565
352,551
352,537
352,526
351,513
actor_past_trajectory
304
351,286
351,286
351,286
351,286
351,286
351,286
351,286
351,286
351,286
351,286
315
352,171
352,171
352,171
352,171
352,171
352,171
352,171
352,171
352,171
352,171
335
579,-44
588,-44
597,-44
606,-45
616,-45
625,-44
635,-45
644,-45
652,-45
662,-46
