time
4919.518736152786
hero_global_pos
84.26190948486328,-107.39969635009766
road_id
50
speed_limit
30.0
speed
15.782182369925454
traffic_light
None
translation_offset
4672.294902436435,2279.0999122858047
angle
-2.02301025390625
hero_past_trajectory
351,538
351,538
351,537
351,535
352,531
352,528
352,524
352,519
351,513
351,507
actor_past_trajectory
304
352,409
352,404
351,399
352,392
352,384
352,375
351,366
352,358
352,353
351,344
315
352,252
353,243
354,235
355,224
357,214
359,204
362,194
366,186
368,180
373,170
