time
4919.627277705695
hero_global_pos
84.28028869628906,-107.92037963867188
road_id
50
speed_limit
30.0
speed
17.462645271837477
traffic_light
None
translation_offset
4672.2981758490205,2271.099939107895
angle
-2.024261474609375
hero_past_trajectory
352,546
352,545
351,543
352,539
352,536
352,532
352,527
352,521
351,515
352,510
actor_past_trajectory
304
352,412
352,407
352,400
352,392
352,383
351,374
352,366
352,361
352,352
352,347
315
353,251
354,243
355,232
357,222
360,212
362,202
366,194
368,188
374,178
376,173
