time
4919.728121053304
hero_global_pos
84.2980728149414,-108.42379760742188
road_id
50
speed_limit
30.0
speed
18.61963185508462
traffic_light
None
translation_offset
4672.300495401025,2263.099617242813
angle
-2.0251388549804688
hero_past_trajectory
352,553
352,551
353,547
352,544
352,540
352,535
352,529
352,523
353,518
352,510
actor_past_trajectory
304
352,415
353,408
352,400
352,391
352,382
352,374
352,369
352,360
352,355
352,345
315
354,251
356,240
357,230
360,220
363,210
366,202
368,196
374,186
377,181
382,173
