time
4919.947673065464
hero_global_pos
84.33654022216797,-109.51252746582031
road_id
50
speed_limit
30.0
speed
17.469915129825008
traffic_light
None
translation_offset
4673.297524295747,2246.0940650701523
angle
-2.0239334106445312
hero_past_trajectory
352,564
352,561
352,557
352,552
352,546
351,540
352,535
352,527
352,519
351,511
actor_past_trajectory
304
352,417
352,408
351,399
352,391
352,386
352,377
351,372
352,362
352,354
351,344
315
357,247
360,237
362,227
366,219
368,213
373,203
376,198
382,190
388,183
394,175
