time
219.7722687195419
hero_global_pos
-76.35393524169922,168.8615264892578
road_id
78
is_junction
False
speed_limit
30.0
speed
20.49017966882793
traffic_light
None
translation_offset
2051.7303289175034,6706.994217634201
angle
17.56562042236328
hero_past_trajectory
355,591
355,584
353,572
353,564
353,557
352,549
352,538
352,529
352,519
352,509
actor_past_trajectory
166
348,49
345,58
342,68
336,86
333,96
329,107
326,117
320,134
316,149
312,161
186
750,7
750,7
750,7
750,7
750,7
750,7
750,7
750,7
750,7
750,7
