time
219.95187810392963
hero_global_pos
-76.61994171142578,167.87551879882812
road_id
78
is_junction
False
speed_limit
30.0
speed
20.325299572565783
traffic_light
None
translation_offset
2050.3307653665543,6689.903935432434
angle
16.128639221191406
hero_past_trajectory
355,588
355,581
354,573
353,566
353,554
353,546
353,536
352,526
352,519
352,511
actor_past_trajectory
166
331,85
326,103
323,114
320,124
317,135
312,152
307,166
304,179
301,190
298,200
186
738,14
738,14
738,14
738,14
738,14
738,14
738,14
738,14
738,14
738,14
