time
220.36069484384643
hero_global_pos
-77.15380096435547,165.54507446289062
road_id
78
is_junction
False
speed_limit
30.0
speed
20.2348672549448
traffic_light
None
translation_offset
2050.3077734410763,6650.832858800888
angle
12.980232238769531
hero_past_trajectory
356,592
355,584
354,573
353,564
353,557
352,549
352,537
352,529
351,518
352,510
actor_past_trajectory
123
132,-30
132,-30
132,-30
132,-30
132,-30
132,-30
132,-30
132,-30
132,-30
132,-30
166
296,175
292,193
289,207
286,220
283,232
281,241
278,254
274,271
272,280
269,298
186
710,31
710,31
710,31
710,31
710,31
710,31
710,31
710,31
710,31
710,31
