time
220.58037655012595
hero_global_pos
-77.3780517578125,164.31759643554688
road_id
78
is_junction
False
speed_limit
30.0
speed
20.569005478906675
traffic_light
None
translation_offset
2050.7719191908836,6629.875193953514
angle
11.236190795898438
hero_past_trajectory
356,594
355,584
354,577
354,570
353,557
353,549
352,539
352,531
352,518
352,507
actor_past_trajectory
123
116,-3
116,-3
116,-3
116,-3
116,-3
116,-3
116,-3
116,-3
116,-3
116,-3
166
280,230
277,242
275,254
273,264
270,277
267,293
265,303
263,321
260,333
257,351
186
695,41
695,41
695,41
695,41
695,41
695,41
695,41
695,41
695,41
695,41
190
13,-21
13,-21
13,-21
13,-21
13,-21
13,-21
13,-21
13,-21
13,-21
13,-21
