time
220.6832311558901
hero_global_pos
-77.4567642211914,163.8483123779297
road_id
78
is_junction
False
speed_limit
30.0
speed
20.577980215525418
traffic_light
None
translation_offset
2051.222024202347,6621.594527602196
angle
10.672012329101562
hero_past_trajectory
355,592
355,585
354,578
353,565
353,557
352,547
352,539
351,526
352,515
352,510
actor_past_trajectory
123
111,7
111,7
111,7
111,7
111,7
111,7
111,7
111,7
111,7
111,7
166
274,251
272,263
270,273
268,286
264,302
263,312
260,330
258,342
255,360
253,370
186
690,46
690,46
690,46
690,46
690,46
690,46
690,46
690,46
690,46
690,46
190
7,-10
7,-10
7,-10
7,-10
7,-10
7,-10
7,-10
7,-10
7,-10
7,-10
