time
221.2192177097677
hero_global_pos
-77.81649017333984,160.8935089111328
road_id
78
is_junction
False
speed_limit
30.0
speed
20.08028267430867
traffic_light
None
translation_offset
2055.7390003949404,6572.996467471123
angle
6.607856750488281
hero_past_trajectory
355,594
355,586
354,574
353,563
353,557
353,549
352,538
352,530
352,521
352,511
actor_past_trajectory
123
77,72
77,72
77,72
77,72
77,72
77,72
77,72
77,72
77,72
77,72
166
250,366
249,384
247,396
245,414
244,425
243,436
242,452
241,464
240,477
240,488
186
658,70
658,70
658,70
658,70
658,70
658,70
658,70
658,70
658,70
658,70
190
-27,62
-27,62
-27,62
-27,62
-27,62
-27,62
-27,62
-27,62
-27,62
-27,62
