time
221.39186000222253
hero_global_pos
-77.89506530761719,159.88731384277344
road_id
78
is_junction
False
speed_limit
30.0
speed
20.099319886298883
traffic_light
None
translation_offset
2057.9493788331747,6556.659528374672
angle
5.374824523925781
hero_past_trajectory
355,590
354,579
353,573
353,565
352,554
352,546
352,537
352,527
351,518
352,511
actor_past_trajectory
123
67,95
67,95
67,95
67,95
67,95
67,95
67,95
67,95
67,95
67,95
166
245,415
243,432
242,443
241,454
240,470
239,482
239,495
239,506
238,523
238,535
186
648,80
648,80
648,80
648,80
648,80
648,80
648,80
648,80
648,80
648,80
190
-37,87
-37,87
-37,87
-37,87
-37,87
-37,87
-37,87
-37,87
-37,87
-37,87
