time
221.51610196152615
hero_global_pos
-77.9373779296875,159.1845703125
road_id
78
is_junction
False
speed_limit
30.0
speed
20.455703525158217
traffic_light
None
translation_offset
2059.1788063794374,6545.466534495354
angle
4.520050048828125
hero_past_trajectory
355,590
355,584
354,576
353,565
353,557
352,548
352,538
352,529
352,522
352,513
actor_past_trajectory
123
61,110
61,110
61,110
61,110
61,110
61,110
61,110
61,110
61,110
61,110
166
242,445
241,456
240,467
240,483
239,495
239,508
239,519
239,536
239,547
240,560
186
642,87
642,87
642,87
642,87
642,87
642,87
642,87
642,87
642,87
642,87
190
-43,104
-43,104
-43,104
-43,104
-43,104
-43,104
-43,104
-43,104
-43,104
-43,104
