time
221.59183437148022
hero_global_pos
-77.96541595458984,158.6433868408203
road_id
78
is_junction
False
speed_limit
30.0
speed
20.581213115785495
traffic_light
None
translation_offset
2060.6646093577147,6536.356528162956
angle
3.950958251953125
hero_past_trajectory
355,593
354,585
353,574
353,566
352,557
352,547
352,538
352,531
352,522
352,509
actor_past_trajectory
123
56,122
56,122
56,122
56,122
56,122
56,122
56,122
56,122
56,122
56,122
166
240,466
239,477
239,493
239,505
239,518
239,529
239,546
239,557
240,570
241,587
186
637,93
637,93
637,93
637,93
637,93
637,93
637,93
637,93
637,93
637,93
190
-47,116
-47,116
-47,116
-47,116
-47,116
-47,116
-47,116
-47,116
-47,116
-47,116
