time
221.71102441618132
hero_global_pos
-77.9910888671875,158.07017517089844
road_id
78
is_junction
False
speed_limit
30.0
speed
20.61833251653071
traffic_light
None
translation_offset
2062.046475060284,6527.267505645752
angle
3.422027587890625
hero_past_trajectory
354,594
353,583
353,575
352,566
352,556
351,547
352,540
351,531
351,518
351,511
actor_past_trajectory
123
52,133
52,133
52,133
52,133
52,133
52,133
52,133
52,133
52,133
52,133
166
239,487
239,503
238,515
238,528
239,539
239,556
239,567
240,580
241,597
242,610
186
633,99
633,99
633,99
633,99
633,99
633,99
633,99
633,99
633,99
633,99
