time
221.79413988025772
hero_global_pos
-78.016845703125,157.36346435546875
road_id
78
is_junction
False
speed_limit
30.0
speed
20.577478125911497
traffic_light
None
translation_offset
2062.613622173667,6516.1819878816605
angle
2.8225326538085938
hero_past_trajectory
354,594
354,586
353,577
353,567
352,558
353,551
352,542
352,529
352,522
352,513
actor_past_trajectory
123
49,148
49,148
49,148
49,148
49,148
49,148
49,148
49,148
49,148
49,148
166
239,515
239,527
239,540
239,552
240,569
240,580
241,593
243,609
244,622
245,635
186
629,107
629,107
629,107
629,107
629,107
629,107
629,107
629,107
629,107
629,107
