time
4920.240212394732
hero_global_pos
84.3892593383789,-111.00492095947266
road_id
50
speed_limit
30.0
speed
18.28362765216084
traffic_light
None
translation_offset
4674.298874340951,2222.0938415527344
angle
-2.024444580078125
hero_past_trajectory
352,576
351,570
351,564
352,559
352,551
351,543
351,535
352,526
352,517
351,510
actor_past_trajectory
304
352,415
352,410
351,401
351,396
352,386
352,378
351,368
352,358
352,353
351,342
315
366,243
368,237
373,227
376,222
382,214
388,207
394,199
402,192
407,188
416,181
