time
221.97701538870024
hero_global_pos
-78.04356384277344,156.44505310058594
road_id
78
is_junction
False
speed_limit
30.0
speed
20.442080037107992
traffic_light
None
translation_offset
2064.2690966650844,6501.109514594078
angle
2.1895751953125
hero_past_trajectory
354,592
353,582
352,573
353,566
352,557
351,544
352,537
352,528
351,517
352,510
actor_past_trajectory
123
45,166
45,166
45,166
45,166
45,166
45,166
45,166
45,166
45,166
45,166
166
239,557
239,568
240,585
240,596
242,609
243,625
245,638
246,651
249,667
250,677
186
624,119
624,119
624,119
624,119
624,119
624,119
624,119
624,119
624,119
624,119
