time
222.32191783891903
hero_global_pos
-78.0791015625,154.63845825195312
road_id
78
is_junction
False
speed_limit
30.0
speed
20.07083679474662
traffic_light
None
translation_offset
2065.5657968074083,6472.039330124855
angle
1.3118820190429688
hero_past_trajectory
354,595
353,586
352,573
353,566
353,557
352,546
352,539
352,531
352,518
352,511
actor_past_trajectory
123
40,200
40,200
40,200
40,200
40,200
40,200
40,200
40,200
40,200
40,200
186
618,144
618,144
618,144
618,144
618,144
618,144
618,144
618,144
618,144
618,144
