time
222.4109598729192
hero_global_pos
-78.08614349365234,154.13551330566406
road_id
78
is_junction
False
speed_limit
30.0
speed
19.963437185819956
traffic_light
None
translation_offset
2066.0224546268582,6464.029575824738
angle
1.1374130249023438
hero_past_trajectory
353,594
352,581
353,574
353,565
352,554
352,547
352,539
352,526
352,519
352,510
actor_past_trajectory
123
39,209
39,209
39,209
39,209
39,209
39,209
39,209
39,209
39,209
39,209
186
617,151
617,151
617,151
617,151
617,151
617,151
617,151
617,151
617,151
617,151
