time
222.5021197493552
hero_global_pos
-78.09209442138672,153.6527862548828
road_id
78
is_junction
False
speed_limit
30.0
speed
20.02445662920531
traffic_light
None
translation_offset
2066.3960572853684,6456.0226110219955
angle
0.9946823120117188
hero_past_trajectory
352,589
353,582
353,573
352,562
352,555
352,547
351,534
352,527
352,518
352,510
actor_past_trajectory
123
38,218
38,218
38,218
38,218
38,218
38,218
38,218
38,218
38,218
38,218
186
616,159
616,159
616,159
616,159
616,159
616,159
616,159
616,159
616,159
616,159
