time
222.58699571298348
hero_global_pos
-78.09749603271484,153.15379333496094
road_id
78
is_junction
False
speed_limit
30.0
speed
20.318852784292144
traffic_light
None
translation_offset
2066.7281956467777,6448.017201900482
angle
0.8677978515625
hero_past_trajectory
353,590
353,581
352,570
352,563
352,555
351,542
352,535
352,526
352,518
352,510
actor_past_trajectory
123
37,226
37,226
37,226
37,226
37,226
37,226
37,226
37,226
37,226
37,226
186
615,166
615,166
615,166
615,166
615,166
615,166
615,166
615,166
615,166
615,166
