time
222.72429927581834
hero_global_pos
-78.10452270507812,152.39463806152344
road_id
78
is_junction
False
speed_limit
30.0
speed
20.560521596029382
traffic_light
None
translation_offset
2067.147761169821,6436.011479854584
angle
0.70751953125
hero_past_trajectory
353,593
352,582
352,575
352,567
351,554
351,547
352,538
352,530
352,522
352,510
actor_past_trajectory
123
36,239
36,239
36,239
36,239
36,239
36,239
36,239
36,239
36,239
36,239
186
614,177
614,177
614,177
614,177
614,177
614,177
614,177
614,177
614,177
614,177
