time
222.8141970686047
hero_global_pos
-78.10881805419922,151.8578643798828
road_id
78
is_junction
False
speed_limit
30.0
speed
20.61324630574305
traffic_light
Red
translation_offset
2067.3867121860385,6428.008726119995
angle
0.616241455078125
hero_past_trajectory
352,590
352,583
352,575
351,562
351,555
352,546
352,538
352,530
352,518
352,510
actor_past_trajectory
123
36,248
36,248
36,248
36,248
36,248
36,248
36,248
36,248
36,248
36,248
186
613,185
613,185
613,185
613,185
613,185
613,185
613,185
613,185
613,185
613,185
