time
222.9013573094635
hero_global_pos
-78.11233520507812,151.37277221679688
road_id
78
is_junction
False
speed_limit
30.0
speed
20.60528546579049
traffic_light
Red
translation_offset
2067.5637821257114,6420.006911158562
angle
0.5486068725585938
hero_past_trajectory
352,591
352,583
351,570
351,563
352,554
352,546
352,538
352,526
352,518
352,510
actor_past_trajectory
123
35,256
35,256
35,256
35,256
35,256
35,256
35,256
35,256
35,256
35,256
186
613,192
613,192
613,192
613,192
613,192
613,192
613,192
613,192
613,192
613,192
