time
4920.293044098529
hero_global_pos
84.40309143066406,-111.39625549316406
road_id
50
speed_limit
30.0
speed
18.07502852841116
traffic_light
None
translation_offset
4674.297951772809,2216.0936180353165
angle
-2.0240859985351562
hero_past_trajectory
352,576
351,570
352,565
352,557
352,549
351,541
352,532
352,523
351,516
352,508
actor_past_trajectory
304
352,416
352,407
351,402
352,392
352,384
351,374
352,364
352,359
352,348
352,339
315
368,243
374,233
376,228
382,220
388,213
395,205
402,198
407,194
416,187
424,181
