time
222.98412486495363
hero_global_pos
-78.11552429199219,150.88912963867188
road_id
78
is_junction
False
speed_limit
30.0
speed
20.56123111952699
traffic_light
Red
translation_offset
2067.7146947998554,6412.005525350571
angle
0.49095916748046875
hero_past_trajectory
352,591
351,578
351,571
351,562
352,554
352,546
352,534
352,526
352,518
352,510
actor_past_trajectory
123
35,264
35,264
35,264
35,264
35,264
35,264
35,264
35,264
35,264
35,264
186
613,200
613,200
613,200
613,200
613,200
613,200
613,200
613,200
613,200
613,200
