time
223.22253374339925
hero_global_pos
-78.12303161621094,149.55307006835938
road_id
78
is_junction
False
speed_limit
30.0
speed
19.045429544980795
traffic_light
Red
translation_offset
2067.022353743203,6391.003290176392
angle
0.37343597412109375
hero_past_trajectory
352,592
352,583
353,575
353,567
353,555
353,547
353,539
353,531
353,523
352,509
actor_past_trajectory
123
35,286
35,286
35,286
35,286
35,286
35,286
35,286
35,286
35,286
35,286
186
613,221
613,221
613,221
613,221
613,221
613,221
613,221
613,221
613,221
613,221
