time
223.31668896557676
hero_global_pos
-78.12530517578125,149.09364318847656
road_id
78
is_junction
False
speed_limit
30.0
speed
16.369268747446334
traffic_light
Red
translation_offset
2067.0951204672456,6383.004291534424
angle
0.34564208984375
hero_past_trajectory
352,591
353,583
353,575
353,563
353,555
353,547
353,539
353,531
352,517
352,510
actor_past_trajectory
123
35,294
35,294
35,294
35,294
35,294
35,294
35,294
35,294
35,294
35,294
186
613,229
613,229
613,229
613,229
613,229
613,229
613,229
613,229
613,229
613,229
