time
223.4005648657112
hero_global_pos
-78.12754821777344,148.60110473632812
road_id
78
is_junction
False
speed_limit
30.0
speed
12.369904673589483
traffic_light
Red
translation_offset
2067.1438309894875,6378.007653236389
angle
0.32704925537109375
hero_past_trajectory
353,588
353,580
353,568
353,560
353,552
353,544
353,536
352,522
352,515
352,507
actor_past_trajectory
123
35,299
35,299
35,299
35,299
35,299
35,299
35,299
35,299
35,299
35,299
186
613,233
613,233
613,233
613,233
613,233
613,233
613,233
613,233
613,233
613,233
