time
223.83855472834694
hero_global_pos
-78.13024139404297,147.9520263671875
road_id
78
is_junction
False
speed_limit
30.0
speed
0.0032622103174865637
traffic_light
Red
translation_offset
2067.1877458058298,6365.02398788929
angle
0.310302734375
hero_past_trajectory
353,565
353,557
353,549
352,535
352,528
352,520
352,512
352,508
352,504
352,502
actor_past_trajectory
123
35,312
35,312
35,312
35,312
35,312
35,312
35,312
35,312
35,312
35,312
186
612,246
612,246
612,246
612,246
612,246
612,246
612,246
612,246
612,246
612,246
