time
223.91673917466687
hero_global_pos
-78.1302490234375,147.95147705078125
road_id
78
is_junction
False
speed_limit
30.0
speed
0.021816221679823423
traffic_light
Red
translation_offset
2067.187703966163,6365.019562244415
angle
0.31031036376953125
hero_past_trajectory
353,557
353,549
352,535
352,528
352,520
352,512
352,508
352,504
352,502
352,502
actor_past_trajectory
123
35,312
35,312
35,312
35,312
35,312
35,312
35,312
35,312
35,312
35,312
186
612,246
612,246
612,246
612,246
612,246
612,246
612,246
612,246
612,246
612,246
