time
4912.318708516534
hero_global_pos
83.9881362915039,-99.67456817626953
road_id
50
speed_limit
30.0
speed
22.61394853039016
traffic_light
None
translation_offset
4667.437734536827,2403.1014590263367
angle
-2.0775527954101562
hero_past_trajectory
352,629
352,616
352,603
352,590
352,576
352,562
353,548
352,537
352,524
352,513
actor_past_trajectory
304
352,297
352,297
352,297
352,297
352,297
352,297
352,297
352,297
352,297
352,297
315
352,182
352,182
352,182
352,182
352,182
352,182
352,182
352,182
352,182
352,182
335
589,-33
598,-33
607,-34
617,-34
626,-33
636,-34
645,-34
653,-34
663,-35
672,-34
