time
4920.459555489819
hero_global_pos
84.42808532714844,-112.10374450683594
road_id
50
speed_limit
30.0
speed
18.55957115034102
traffic_light
None
translation_offset
4674.298362486064,2204.09363591671
angle
-2.0242462158203125
hero_past_trajectory
352,582
353,577
352,569
352,561
352,553
352,544
352,535
352,528
353,520
352,509
actor_past_trajectory
304
352,419
352,414
353,404
352,396
352,386
353,376
352,371
352,360
353,351
352,344
315
374,245
377,240
382,232
388,225
395,217
403,210
408,206
416,199
424,193
430,190
