time
223.99616561042058
hero_global_pos
-78.1302490234375,147.95053100585938
road_id
78
is_junction
False
speed_limit
30.0
speed
0.026302591926802156
traffic_light
Red
translation_offset
2067.187382380478,6365.0129997730255
angle
0.3104248046875
hero_past_trajectory
353,549
352,535
352,528
352,520
352,512
352,508
352,504
352,502
352,502
352,502
actor_past_trajectory
123
35,312
35,312
35,312
35,312
35,312
35,312
35,312
35,312
35,312
35,312
186
612,246
612,246
612,246
612,246
612,246
612,246
612,246
612,246
612,246
612,246
