time
224.36763539308595
hero_global_pos
-78.13026428222656,147.947509765625
road_id
78
is_junction
False
speed_limit
30.0
speed
0.008450098735624483
traffic_light
Red
translation_offset
2067.187342845835,6365.002405047417
angle
0.31041717529296875
hero_past_trajectory
352,512
352,508
352,504
352,502
352,502
352,502
352,502
352,502
352,502
352,502
actor_past_trajectory
123
35,312
35,312
35,312
35,312
35,312
35,312
35,312
35,312
35,312
35,312
163
373,818
371,807
368,797
367,792
365,780
365,773
363,766
361,754
360,746
359,737
186
612,246
612,246
612,246
612,246
612,246
612,246
612,246
612,246
612,246
612,246
