time
5003.082924478564
hero_global_pos
84.44063568115234,-112.4539794921875
road_id
50
speed_limit
30.0
speed
0.012388950772937357
traffic_light
None
translation_offset
4674.284425057471,2199.0931084156036
angle
-2.0189208984375
hero_past_trajectory
352,502
352,502
352,502
352,502
352,502
352,502
352,502
352,502
352,502
352,502
actor_past_trajectory
301
668,113
668,113
667,113
665,113
663,113
660,113
655,113
650,113
644,113
637,114
315
353,384
353,384
353,384
353,384
353,384
353,384
353,384
353,384
353,384
353,384
338
100,177
100,177
100,177
100,177
100,177
100,177
100,177
100,177
100,177
100,177
387
-63,179
-57,179
-49,179
-40,179
-33,178
-29,179
-23,179
-19,179
-17,179
-16,179
390
537,115
533,115
528,115
522,115
516,115
511,114
503,113
494,113
485,112
476,110
