time
5003.515298262115
hero_global_pos
84.44063568115234,-112.4539794921875
road_id
50
speed_limit
30.0
speed
0.005879139631286022
traffic_light
None
translation_offset
4674.284425057471,2199.0931084156036
angle
-2.0189208984375
hero_past_trajectory
352,502
352,502
352,502
352,502
352,502
352,502
352,502
352,502
352,502
352,502
actor_past_trajectory
301
663,113
660,113
655,113
650,113
644,113
637,114
634,114
625,114
616,113
607,114
315
353,384
353,384
353,384
353,384
353,384
353,384
353,384
353,384
353,384
353,384
338
100,177
100,177
100,177
100,177
100,177
100,177
100,177
100,177
100,177
100,177
387
-33,178
-29,179
-23,179
-19,179
-17,179
-16,179
-16,179
-16,179
-16,179
-16,179
388
780,111
780,111
780,111
779,111
778,111
775,111
772,111
767,111
762,111
756,111
390
516,115
511,114
503,113
494,113
485,112
476,110
470,110
460,107
452,104
443,101
