time
5004.01954156148
hero_global_pos
84.44063568115234,-112.4539794921875
road_id
50
speed_limit
30.0
speed
0.0016524703143220131
traffic_light
None
translation_offset
4674.284425057471,2199.0931084156036
angle
-2.0189208984375
hero_past_trajectory
352,502
352,502
352,502
352,502
352,502
352,502
352,502
352,502
352,502
352,502
actor_past_trajectory
301
637,114
634,114
625,114
616,113
607,114
601,114
596,114
588,114
581,115
573,114
315
353,384
353,384
353,384
353,384
353,384
353,384
353,384
353,384
353,384
353,384
338
100,177
100,177
100,177
100,177
100,177
100,177
100,177
100,177
100,177
100,177
387
-16,179
-16,179
-16,179
-16,179
-16,179
-16,179
-16,179
-16,179
-16,179
-16,179
388
775,111
772,111
767,111
762,111
756,111
750,111
744,111
736,111
730,111
723,112
390
476,110
470,110
460,107
452,104
443,101
436,97
430,94
419,88
411,82
402,74
