time
225.64766308063554
hero_global_pos
-78.13026428222656,147.94700622558594
road_id
78
is_junction
False
speed_limit
30.0
speed
0.0
traffic_light
Red
translation_offset
2067.187359609641,6365.002199411392
angle
0.3104095458984375
hero_past_trajectory
352,502
352,502
352,502
352,502
352,502
352,502
352,502
352,502
352,502
352,502
actor_past_trajectory
123
35,312
35,312
35,312
35,312
35,312
35,312
35,312
35,312
35,312
35,312
163
356,710
355,702
355,689
354,681
354,672
353,663
353,657
353,647
353,642
352,634
186
612,246
612,246
612,246
612,246
612,246
612,246
612,246
612,246
612,246
612,246
