time
5004.611038327093
hero_global_pos
84.44063568115234,-112.4539794921875
road_id
50
speed_limit
30.0
speed
0.004623239860128951
traffic_light
None
translation_offset
4674.284425057471,2199.0931084156036
angle
-2.0189208984375
hero_past_trajectory
352,502
352,502
352,502
352,502
352,502
352,502
352,502
352,502
352,502
352,502
actor_past_trajectory
301
596,114
588,114
581,115
573,114
564,114
557,115
547,115
538,115
527,116
516,116
315
353,384
353,384
353,384
353,384
353,384
353,384
353,384
353,384
353,384
353,384
338
100,177
100,177
100,177
100,177
100,177
100,177
100,177
100,177
100,177
100,177
387
-16,179
-16,179
-16,179
-16,179
-16,179
-16,179
-16,179
-16,179
-16,179
-16,179
388
744,111
736,111
730,111
723,112
716,112
710,111
702,111
695,112
687,112
677,112
390
430,94
419,88
411,82
402,74
394,65
387,58
380,48
375,39
368,27
364,14
