time
226.44130260081874
hero_global_pos
-78.13026428222656,147.94700622558594
road_id
78
is_junction
False
speed_limit
30.0
speed
0.0
traffic_light
Red
translation_offset
2067.187359609641,6365.002199411392
angle
0.3104095458984375
hero_past_trajectory
352,502
352,502
352,502
352,502
352,502
352,502
352,502
352,502
352,502
352,502
actor_past_trajectory
109
808,242
796,243
789,243
778,243
771,243
759,243
753,244
748,244
738,244
732,244
122
423,782
422,770
420,763
418,752
417,745
416,733
415,727
414,720
413,707
412,700
123
35,312
35,312
35,312
35,312
35,312
35,312
35,312
35,312
35,312
35,312
163
353,642
352,634
352,630
352,624
352,621
352,616
352,614
352,612
352,611
352,611
186
612,246
612,246
612,246
612,246
612,246
612,246
612,246
612,246
612,246
612,246
