time
226.9702485888629
hero_global_pos
-78.13026428222656,147.94700622558594
road_id
78
is_junction
False
speed_limit
30.0
speed
0.0
traffic_light
Red
translation_offset
2067.187359609641,6365.002199411392
angle
0.3104095458984375
hero_past_trajectory
352,502
352,502
352,502
352,502
352,502
352,502
352,502
352,502
352,502
352,502
actor_past_trajectory
109
759,243
753,244
748,244
738,244
732,244
726,244
722,244
715,244
712,245
709,245
122
416,733
415,727
414,720
413,707
412,700
411,690
411,683
410,669
410,662
409,653
123
35,312
35,312
35,312
35,312
35,312
35,312
35,312
35,312
35,312
35,312
152
371,809
370,802
368,795
366,783
365,775
363,766
363,760
361,750
360,744
359,738
163
352,616
352,614
352,612
352,611
352,611
352,611
352,611
352,611
352,611
352,611
186
612,246
612,246
612,246
612,246
612,246
612,246
612,246
612,246
612,246
612,246
