time
227.25543363721954
hero_global_pos
-78.13026428222656,147.94700622558594
road_id
78
is_junction
False
speed_limit
30.0
speed
0.0
traffic_light
Red
translation_offset
2067.187359609641,6365.002199411392
angle
0.3104095458984375
hero_past_trajectory
352,502
352,502
352,502
352,502
352,502
352,502
352,502
352,502
352,502
352,502
actor_past_trajectory
109
738,244
732,244
726,244
722,244
715,244
712,245
709,245
707,245
707,245
707,245
122
413,707
412,700
411,690
411,683
410,669
410,662
409,653
409,644
409,635
409,628
123
35,312
35,312
35,312
35,312
35,312
35,312
35,312
35,312
35,312
35,312
152
366,783
365,775
363,766
363,760
361,750
360,744
359,738
359,734
358,729
358,725
163
352,611
352,611
352,611
352,611
352,611
352,611
352,611
352,611
352,611
352,611
186
612,246
612,246
612,246
612,246
612,246
612,246
612,246
612,246
612,246
612,246
