time
5006.03892769559
hero_global_pos
84.44063568115234,-112.4539794921875
road_id
50
speed_limit
30.0
speed
0.0065442304134828745
traffic_light
None
translation_offset
4674.284425057471,2199.0931084156036
angle
-2.0189208984375
hero_past_trajectory
352,502
352,502
352,502
352,502
352,502
352,502
352,502
352,502
352,502
352,502
actor_past_trajectory
301
466,121
457,123
446,126
441,128
431,131
421,134
415,138
406,142
396,148
390,151
315
353,384
353,384
353,384
353,384
353,384
353,384
353,384
353,384
353,384
353,384
338
100,177
100,177
100,177
100,177
100,177
100,177
100,177
100,177
100,177
100,177
374
352,842
353,833
352,823
352,818
353,808
352,798
352,791
353,782
352,769
352,763
387
-16,179
-16,179
-16,179
-16,179
-16,179
-16,179
-16,179
-16,179
-16,179
-16,179
388
635,113
627,113
617,112
612,113
602,113
593,113
586,113
577,114
565,113
558,113
