time
5006.548157906967
hero_global_pos
84.44063568115234,-112.4539794921875
road_id
50
speed_limit
30.0
speed
0.001210030610758402
traffic_light
None
translation_offset
4674.284425057471,2199.0931084156036
angle
-2.0189208984375
hero_past_trajectory
352,502
352,502
352,502
352,502
352,502
352,502
352,502
352,502
352,502
352,502
actor_past_trajectory
301
421,134
415,138
406,142
396,148
390,151
382,158
374,163
367,169
361,175
356,181
315
353,384
353,384
353,384
353,384
353,384
353,384
353,384
353,384
353,384
353,384
338
100,177
100,177
100,177
100,177
100,177
100,177
100,177
100,177
100,177
100,177
374
352,798
352,791
353,782
352,769
352,763
353,753
352,743
352,734
353,725
353,718
387
-16,179
-16,179
-16,179
-16,179
-16,179
-16,179
-16,179
-16,179
-16,179
-16,179
388
593,113
586,113
577,114
565,113
558,113
548,114
538,114
530,114
521,114
514,114
