time
4920.8400822494805
hero_global_pos
84.50178527832031,-114.18956756591797
road_id
50
speed_limit
30.0
speed
19.355753055039376
traffic_light
None
translation_offset
4675.299040861428,2171.09368956089
angle
-2.024505615234375
hero_past_trajectory
352,586
353,577
352,568
352,561
353,553
352,542
352,535
353,527
353,518
352,510
actor_past_trajectory
304
352,419
353,409
353,404
352,393
353,384
353,377
352,363
352,354
350,345
350,335
315
395,250
403,243
408,239
416,232
424,226
430,223
442,218
450,213
459,210
468,208
