time
228.55349632123398
hero_global_pos
-78.13026428222656,147.94700622558594
road_id
78
is_junction
False
speed_limit
30.0
speed
0.0
traffic_light
Red
translation_offset
2067.187359609641,6365.002199411392
angle
0.3104095458984375
hero_past_trajectory
352,502
352,502
352,502
352,502
352,502
352,502
352,502
352,502
352,502
352,502
actor_past_trajectory
109
707,245
707,245
707,245
707,245
707,245
707,245
707,245
707,245
707,245
707,245
122
409,590
409,584
409,572
409,565
409,553
409,545
408,535
408,528
408,521
408,512
123
35,312
35,312
35,312
35,312
35,312
35,312
35,312
35,312
35,312
35,312
128
423,782
423,776
420,764
419,758
417,746
416,738
415,728
414,721
413,712
412,700
152
357,717
357,717
357,716
357,716
357,716
357,716
357,716
357,716
357,716
357,716
163
352,611
352,611
352,611
352,611
352,611
352,611
352,611
352,611
352,611
352,611
186
612,246
612,246
612,246
612,246
612,246
612,246
612,246
612,246
612,246
612,246
