time
5007.632523733999
hero_global_pos
84.44063568115234,-112.4539794921875
road_id
50
speed_limit
30.0
speed
0.005038219437685681
traffic_light
None
translation_offset
4674.284425057471,2199.0931084156036
angle
-2.0189208984375
hero_past_trajectory
352,502
352,502
352,502
352,502
352,502
352,502
352,502
352,502
352,502
352,502
actor_past_trajectory
301
342,197
338,201
332,212
327,219
323,227
320,236
315,245
312,253
309,261
308,270
315
353,384
353,384
353,384
353,384
353,384
353,384
353,384
353,384
353,384
353,384
338
100,177
100,177
100,177
100,177
100,177
100,177
100,177
100,177
100,177
100,177
374
353,698
353,693
352,682
352,673
353,665
352,658
352,651
352,644
353,639
353,634
387
-16,179
-16,179
-16,179
-16,179
-16,179
-16,179
-16,179
-16,179
-16,179
-16,179
388
493,116
488,116
478,117
469,120
460,121
451,123
441,126
433,128
424,131
415,136
