time
5008.293787932831
hero_global_pos
84.44063568115234,-112.4539794921875
road_id
50
speed_limit
30.0
speed
0.0009326197982828454
traffic_light
None
translation_offset
4674.284425057471,2199.0931084156036
angle
-2.0189208984375
hero_past_trajectory
352,502
352,502
352,502
352,502
352,502
352,502
352,502
352,502
352,502
352,502
actor_past_trajectory
301
312,253
309,261
308,270
305,280
303,288
302,298
302,304
300,314
300,325
299,331
315
353,384
353,384
353,384
353,384
353,384
353,384
353,384
353,384
353,384
353,384
338
100,177
100,177
100,177
100,177
100,177
100,177
100,177
100,177
100,177
100,177
374
352,644
353,639
353,634
353,630
352,626
352,623
352,621
352,620
352,620
352,620
387
-16,179
-16,179
-16,179
-16,179
-16,179
-16,179
-16,179
-16,179
-16,179
-16,179
388
433,128
424,131
415,136
407,139
398,143
390,148
385,153
377,158
368,165
364,168
