time
4921.059033800724
hero_global_pos
84.54377746582031,-115.37771606445312
road_id
50
speed_limit
30.0
speed
18.817776386296654
traffic_light
None
translation_offset
4676.298952572048,2153.0936537981033
angle
-2.02447509765625
hero_past_trajectory
352,586
352,579
352,571
352,560
352,553
353,545
352,536
352,528
352,520
352,511
actor_past_trajectory
304
352,422
352,411
352,402
352,395
352,381
351,372
350,363
350,353
348,345
347,336
315
407,257
416,250
424,244
430,241
442,236
450,231
458,228
467,226
475,224
484,222
