time
5008.833595516968
hero_global_pos
84.44063568115234,-112.4539794921875
road_id
50
speed_limit
30.0
speed
0.003949409863331345
traffic_light
None
translation_offset
4674.284425057471,2199.0931084156036
angle
-2.0189208984375
hero_past_trajectory
352,502
352,502
352,502
352,502
352,502
352,502
352,502
352,502
352,502
352,502
actor_past_trajectory
301
302,298
302,304
300,314
300,325
299,331
298,340
298,349
298,359
297,370
297,375
315
353,384
353,384
353,384
353,384
353,384
353,384
353,384
353,384
353,384
353,384
338
100,177
100,177
100,177
100,177
100,177
100,177
100,177
100,177
100,177
100,177
374
352,623
352,621
352,620
352,620
352,620
352,620
352,620
352,620
352,620
352,620
387
-16,179
-16,179
-16,179
-16,179
-16,179
-16,179
-16,179
-16,179
-16,179
-16,179
388
390,148
385,153
377,158
368,165
364,168
358,176
351,183
344,190
337,199
335,204
