time
4921.151579717982
hero_global_pos
84.55813598632812,-115.78374481201172
road_id
50
speed_limit
30.0
speed
18.540586539339323
traffic_light
None
translation_offset
4676.297218635678,2145.0936180353165
angle
-2.0238113403320312
hero_past_trajectory
352,587
353,579
352,568
352,561
353,553
352,544
352,536
352,528
353,519
352,509
actor_past_trajectory
304
352,419
353,410
353,403
352,389
352,380
350,371
350,361
349,353
347,344
345,334
315
416,258
424,252
430,249
442,244
450,239
459,236
468,234
476,232
484,230
494,229
