time
231.99311359183775
hero_global_pos
-78.13026428222656,147.94700622558594
road_id
78
is_junction
False
speed_limit
30.0
speed
0.0
traffic_light
Red
translation_offset
2067.187359609641,6365.002199411392
angle
0.3104095458984375
hero_past_trajectory
352,502
352,502
352,502
352,502
352,502
352,502
352,502
352,502
352,502
352,502
actor_past_trajectory
109
592,246
585,246
576,247
568,247
559,247
551,247
539,248
532,249
523,249
512,250
122
408,501
408,501
408,501
408,501
408,501
408,501
408,501
408,501
408,501
408,501
123
35,312
35,312
35,312
35,312
35,312
35,312
35,312
35,312
35,312
35,312
128
408,622
408,622
408,622
408,622
408,622
408,622
408,622
408,622
408,622
408,622
152
357,716
357,716
357,716
357,716
357,716
357,716
357,716
357,716
357,716
357,716
163
352,611
352,611
352,611
352,611
352,611
352,611
352,611
352,611
352,611
352,611
186
436,261
429,262
420,265
412,267
403,269
396,271
383,275
376,278
368,281
358,285
