time
5011.409684456761
hero_global_pos
84.44063568115234,-112.4539794921875
road_id
50
speed_limit
30.0
speed
0.012283334602132242
traffic_light
None
translation_offset
4674.284425057471,2199.0931084156036
angle
-2.0189208984375
hero_past_trajectory
352,502
352,502
352,502
352,502
352,502
352,502
352,502
352,502
352,502
352,502
actor_past_trajectory
301
296,530
296,539
297,548
296,558
296,566
297,577
297,586
296,594
297,605
296,614
315
353,384
353,384
353,384
353,384
353,384
353,384
353,384
353,384
353,384
353,384
338
100,177
100,177
100,177
100,177
100,177
100,177
100,177
100,177
100,177
100,177
374
352,620
352,620
352,620
352,620
352,620
352,620
352,620
352,620
352,620
352,620
387
-16,179
-16,179
-16,179
-16,179
-16,179
-16,179
-16,179
-16,179
-16,179
-16,179
388
296,355
295,361
295,371
295,380
295,389
295,399
296,408
295,416
295,428
296,437
