time
5011.959591173443
hero_global_pos
84.44063568115234,-112.4539794921875
road_id
50
speed_limit
30.0
speed
0.0013488466639414937
traffic_light
None
translation_offset
4674.284425057471,2199.0931084156036
angle
-2.0189208984375
hero_past_trajectory
352,502
352,502
352,502
352,502
352,502
352,502
352,502
352,502
352,502
352,502
actor_past_trajectory
301
297,577
297,586
296,594
297,605
296,614
296,619
297,631
297,641
296,650
297,660
315
353,384
353,384
353,384
353,384
353,384
353,384
353,384
353,384
353,384
353,384
338
100,177
100,177
100,177
100,177
100,177
100,177
100,177
100,177
100,177
100,177
374
352,620
352,620
352,620
352,620
352,620
352,620
352,620
352,620
352,620
352,620
387
-16,179
-16,179
-16,179
-16,179
-16,179
-16,179
-16,179
-16,179
-16,179
-16,179
388
295,399
296,408
295,416
295,428
296,437
295,445
295,454
296,464
295,473
295,482
