time
393.58388620466576
hero_global_pos
5.0005269050598145,54.276859283447266
road_id
33
is_junction
False
speed_limit
30.0
speed
19.954400422217287
traffic_light
None
translation_offset
1061.3922385275364,1473.0019283294678
angle
0.36273193359375
hero_past_trajectory
191,373,-90.36235809326172
191,369,-90.3622055053711
191,367,-90.3622055053711
192,365,-90.36223602294922
192,361,-90.36235809326172
192,358,-90.36248016357422
192,355,-90.3625717163086
192,353,-90.36262512207031
192,351,-90.3626937866211
192,347,-90.36273193359375
192,344,-90.36248016357422
192,341,-90.36227416992188
192,338,-90.36214447021484
192,335,-90.36216735839844
192,333,-90.36229705810547
192,330,-90.36239624023438
192,328,-90.36244201660156
192,325,-90.36254119873047
192,321,-90.36266326904297
192,319,-90.36273193359375
192,316,-90.36273193359375
192,314,-90.36260223388672
192,311,-90.3623275756836
192,309,-90.3622055053711
192,305,-90.3622055053711
192,302,-90.36229705810547
192,299,-90.36239624023438
192,296,-90.36248016357422
192,294,-90.36260223388672
192,291,-90.36266326904297
192,288,-90.36273193359375
hero_past_corners
186,384,187,365,192,361,198,365,197,384,
186,381,186,362,192,358,198,362,197,381,
186,379,186,360,192,356,198,360,197,379,
186,376,186,357,192,353,198,357,197,376,
186,372,186,353,192,349,198,353,197,372,
186,369,186,350,192,346,198,350,197,369,
186,367,186,348,192,343,198,347,197,367,
187,364,186,345,192,341,198,345,198,364,
186,363,186,343,192,339,198,343,198,363,
186,358,186,339,192,335,198,339,198,358,
186,356,186,337,192,333,198,336,198,356,
186,353,186,334,192,330,198,334,198,353,
186,350,186,331,192,327,198,331,198,350,
186,347,186,328,192,324,198,328,198,347,
186,344,186,325,192,321,198,325,198,344,
186,341,186,322,192,318,198,322,198,341,
186,339,186,320,192,316,198,320,198,339,
186,337,186,317,192,313,198,317,198,336,
186,333,186,314,192,310,197,314,198,333,
186,331,186,312,192,308,197,312,198,331,
186,328,186,309,192,304,197,308,198,328,
186,326,186,307,192,303,197,307,198,326,
186,323,186,304,192,300,197,304,198,323,
186,320,186,301,192,297,197,301,198,320,
186,316,186,297,192,293,197,297,197,316,
186,314,186,295,192,291,197,295,197,314,
186,310,186,291,192,287,197,291,197,310,
186,308,186,288,192,284,197,288,197,307,
186,305,186,286,192,282,197,286,197,305,
186,302,186,283,192,279,197,283,197,302,
186,300,186,281,192,277,197,281,197,300,
actor_past_trajectory_corners
Vehicle ID:128
329,-6,-178.5391845703125
326,-6,-178.4615936279297
324,-6,-178.42822265625
321,-6,-178.35093688964844
318,-6,-178.21888732910156
315,-6,-178.1211395263672
312,-6,-177.9267578125
310,-7,-177.64588928222656
308,-7,-177.41415405273438
303,-7,-177.0934295654297
301,-7,-176.19581604003906
298,-8,-174.51658630371094
295,-8,-172.18057250976562
293,-9,-169.64443969726562
290,-9,-167.01844787597656
287,-10,-164.696044921875
285,-11,-163.1823272705078
283,-12,-160.9442138671875
280,-13,-158.08370971679688
278,-14,-156.58309936523438
275,-15,-154.3146514892578
273,-16,-152.75531005859375
271,-19,-150.3738555908203
268,-20,-148.32496643066406
265,-23,-145.49472045898438
263,-24,-143.4518585205078
261,-26,-140.67276000976562
259,-28,-138.73924255371094
257,-30,-137.09181213378906
255,-32,-135.5546112060547
253,-33,-134.44183349609375
335,-2,328,-2,324,-6,328,-10,335,-9,
331,-2,324,-2,320,-6,324,-10,331,-10,
329,-2,322,-2,318,-6,323,-10,330,-10,
327,-2,320,-2,316,-6,320,-10,327,-10,
323,-2,316,-3,312,-6,316,-10,323,-10,
320,-2,313,-3,309,-6,313,-10,320,-10,
317,-3,310,-3,306,-7,310,-10,317,-10,
315,-3,308,-3,304,-7,308,-10,315,-10,
313,-3,306,-3,302,-7,306,-10,313,-10,
309,-3,302,-3,298,-7,302,-11,309,-10,
306,-3,299,-4,295,-7,300,-11,307,-10,
303,-3,296,-4,293,-8,297,-11,304,-11,
300,-4,293,-5,290,-9,294,-12,301,-11,
297,-4,290,-5,287,-10,292,-13,299,-11,
294,-4,288,-6,285,-11,289,-13,296,-12,
291,-5,285,-7,282,-12,287,-14,293,-12,
289,-6,283,-8,280,-12,285,-15,292,-13,
287,-6,280,-9,278,-14,282,-16,289,-13,
283,-8,277,-10,274,-15,280,-17,286,-14,
281,-8,275,-11,273,-16,278,-18,284,-15,
278,-10,272,-14,270,-19,275,-19,281,-16,
276,-11,270,-15,268,-20,273,-20,280,-17,
274,-12,268,-16,266,-22,271,-23,277,-18,
271,-14,265,-18,264,-23,269,-24,275,-20,
268,-16,262,-20,261,-26,266,-26,272,-21,
266,-18,260,-22,259,-27,264,-28,270,-24,
263,-20,257,-24,256,-30,262,-30,267,-26,
260,-22,255,-26,255,-32,260,-32,265,-27,
259,-23,253,-28,253,-34,258,-34,264,-29,
257,-25,252,-30,251,-35,257,-35,262,-30,
255,-27,250,-32,250,-37,255,-37,260,-32,
Vehicle ID:156
244,100,-41.53361892700195
247,98,-43.236026763916016
248,97,-44.07184600830078
250,95,-45.20375442504883
253,92,-46.12982177734375
255,90,-46.323795318603516
256,87,-47.56705856323242
258,86,-48.90337371826172
259,84,-49.979984283447266
261,81,-52.79438400268555
263,78,-54.366268157958984
264,76,-55.84415817260742
266,73,-57.377662658691406
267,71,-58.89274215698242
269,69,-60.34284591674805
270,66,-61.65751266479492
271,64,-62.5712776184082
272,63,-64.02967071533203
273,59,-65.82661437988281
274,57,-66.78144073486328
275,54,-68.20405578613281
276,53,-69.21392059326172
277,50,-70.74545288085938
278,47,-72.0881576538086
279,43,-73.76372528076172
280,41,-74.6448974609375
281,38,-75.9915542602539
281,35,-77.26652526855469
281,33,-78.03897857666016
282,30,-79.7104721069336
282,27,-81.38401794433594
231,105,248,90,254,92,255,98,238,113,
233,103,250,88,257,89,257,95,241,111,
235,102,251,86,258,87,258,94,242,110,
237,100,253,84,259,85,260,91,244,108,
240,98,255,81,262,82,263,89,247,105,
242,96,258,79,264,80,265,86,249,103,
244,94,259,77,265,78,267,84,251,101,
245,92,260,75,267,76,268,82,253,99,
246,91,261,74,268,74,269,80,254,98,
249,88,263,70,270,70,271,76,257,94,
251,86,264,68,271,68,273,75,259,92,
253,84,265,65,272,66,274,72,261,90,
254,82,267,63,273,63,275,69,263,87,
256,80,268,60,274,61,277,67,265,85,
257,78,269,58,275,58,278,64,266,83,
259,75,270,55,276,55,279,61,268,80,
260,74,271,53,277,53,280,59,269,78,
261,71,271,51,279,51,281,56,271,76,
263,69,273,49,280,47,282,53,272,74,
264,67,274,47,280,45,283,51,273,72,
265,64,275,44,281,42,284,48,275,69,
266,62,275,42,281,40,285,46,276,67,
267,60,276,39,282,37,285,43,277,64,
268,57,276,37,282,34,286,40,278,62,
270,54,277,33,283,30,287,36,279,58,
270,52,277,31,283,28,287,33,280,55,
272,48,278,27,284,24,288,30,281,52,
273,47,278,25,284,22,288,27,283,49,
274,45,278,22,284,19,288,24,284,47,
274,42,278,20,284,17,289,22,284,44,
275,40,278,17,284,14,289,19,285,42,
Vehicle ID:169
66,-46,146.20474243164062
63,-44,145.77000427246094
62,-43,145.54998779296875
59,-41,145.2623291015625
56,-39,144.92457580566406
54,-37,144.65367126464844
52,-35,144.45382690429688
50,-34,144.40614318847656
48,-33,144.3994598388672
45,-31,144.2395782470703
43,-29,144.081787109375
41,-27,144.16029357910156
38,-26,144.32275390625
36,-24,144.45187377929688
34,-22,144.95228576660156
31,-21,145.57028198242188
29,-20,145.97486877441406
27,-18,146.52023315429688
24,-17,147.74191284179688
22,-15,148.44085693359375
19,-14,149.40296936035156
18,-13,150.10987854003906
15,-12,151.42002868652344
13,-10,152.55654907226562
9,-9,154.0198974609375
7,-8,155.28150939941406
4,-7,157.01473999023438
1,-6,158.20001220703125
0,-5,159.57054138183594
-2,-4,160.91590881347656
-4,-4,161.90933227539062
77,-47,64,-38,58,-40,59,-47,71,-55,
74,-45,61,-36,55,-38,56,-45,68,-53,
72,-44,60,-35,54,-37,54,-43,67,-52,
70,-42,58,-34,52,-36,52,-42,64,-50,
67,-40,55,-32,49,-33,49,-40,61,-48,
65,-39,52,-30,46,-32,47,-38,59,-47,
62,-37,50,-28,44,-30,44,-36,57,-45,
61,-36,48,-27,42,-29,43,-35,55,-44,
59,-35,47,-26,41,-28,41,-34,53,-43,
55,-32,43,-23,37,-25,38,-31,50,-40,
53,-31,41,-22,35,-23,35,-30,48,-39,
51,-29,39,-20,33,-22,33,-28,45,-37,
49,-27,36,-18,30,-20,31,-26,43,-35,
46,-26,34,-17,28,-19,29,-25,41,-34,
44,-24,32,-15,26,-17,26,-23,39,-32,
42,-22,29,-14,23,-16,24,-22,36,-30,
40,-21,28,-13,22,-14,22,-21,35,-29,
38,-19,25,-11,19,-13,20,-19,32,-28,
35,-17,22,-9,16,-11,17,-18,30,-26,
33,-16,20,-8,14,-11,15,-17,28,-25,
30,-14,17,-7,11,-9,12,-15,25,-23,
28,-13,15,-6,9,-8,10,-14,24,-22,
26,-12,13,-5,7,-7,8,-13,21,-21,
23,-10,10,-4,4,-6,6,-12,19,-19,
20,-9,6,-2,1,-5,2,-11,16,-17,
18,-7,4,-1,-1,-4,0,-10,14,-16,
14,-6,1,0,-4,-3,-2,-9,11,-15,
12,-5,-1,0,-7,-2,-5,-8,8,-14,
10,-4,-3,0,-9,-2,-7,-8,6,-13,
7,-3,-6,1,-11,-1,-9,-7,4,-12,
5,-2,-8,1,-13,-1,-11,-7,2,-12,
Vehicle ID:186
160,116,8.88812255859375
164,116,5.989523887634277
166,116,4.318114280700684
169,116,1.8739252090454102
173,115,-1.062561273574829
176,115,-3.280578851699829
179,115,-5.243868350982666
181,114,-6.711065292358398
183,114,-7.822120666503906
187,113,-10.710801124572754
190,112,-12.261188507080078
192,111,-13.873251914978027
195,110,-15.84623908996582
198,109,-17.38409996032715
201,108,-18.914859771728516
203,107,-20.72307777404785
205,106,-21.952442169189453
208,105,-23.343883514404297
211,104,-23.652137756347656
213,103,-23.883344650268555
216,101,-26.250682830810547
217,100,-27.911945343017578
219,98,-30.2125301361084
222,97,-32.19447708129883
225,95,-34.90009307861328
227,93,-36.434165954589844
229,91,-38.42051696777344
231,89,-39.9828987121582
233,87,-41.34367370605469
235,85,-42.69325637817383
236,83,-43.641414642333984
149,108,170,112,173,118,168,122,147,119,
152,109,173,111,177,117,172,122,151,120,
154,110,175,111,178,117,174,122,153,120,
156,110,178,111,181,116,177,121,156,121,
160,110,181,110,185,115,181,121,160,121,
163,110,184,109,188,114,185,120,163,121,
165,110,187,109,191,114,188,119,166,121,
168,110,189,108,193,113,190,119,169,121,
169,110,190,107,195,112,192,118,171,121,
174,110,195,106,199,111,197,117,176,121,
176,110,197,105,202,109,199,116,178,120,
179,109,199,104,205,108,202,115,181,120,
182,109,202,103,207,107,205,113,185,119,
184,108,205,102,210,106,208,112,187,118,
187,107,207,100,212,104,210,111,190,118,
189,107,209,99,215,103,213,109,193,117,
191,106,211,98,217,102,215,108,195,116,
194,105,213,97,219,100,218,107,198,115,
197,104,216,95,222,99,221,105,201,114,
199,103,218,94,224,98,223,104,203,113,
202,102,221,92,227,96,226,102,207,112,
203,101,222,91,228,94,227,101,209,111,
206,100,224,89,230,92,230,99,211,110,
208,99,226,88,232,90,232,97,214,108,
211,97,229,85,235,87,235,94,217,106,
213,96,230,84,237,85,237,92,220,105,
216,94,233,81,239,83,239,90,223,103,
218,93,234,79,241,81,241,87,225,101,
220,91,236,77,242,79,243,86,227,100,
222,90,237,75,244,77,245,83,229,98,
224,88,239,74,246,75,246,81,231,96,
