time
396.3128068781516
hero_global_pos
5.09187650680542,39.07017517089844
road_id
79
is_junction
False
speed_limit
30.0
speed
20.577691550694038
traffic_light
None
translation_offset
1066.4156044721603,1397.1016235351562
angle
-2.6362991333007812
hero_past_trajectory
196,372,-90.36248016357422
196,370,-90.36260223388672
196,367,-90.36266326904297
195,364,-90.36273193359375
195,361,-90.36266326904297
195,358,-90.3624267578125
195,355,-90.36223602294922
195,353,-90.3622055053711
195,350,-90.3622055053711
195,347,-90.36229705810547
195,344,-90.3624267578125
194,342,-90.36248016357422
194,339,-90.36260223388672
193,335,-90.3626937866211
193,332,-90.36273193359375
193,330,-90.36254119873047
193,327,-90.36229705810547
193,324,-90.36214447021484
193,321,-90.36214447021484
192,319,-90.36214447021484
192,315,-90.33944702148438
192,313,-90.31334686279297
192,310,-90.2967529296875
192,307,-90.19268798828125
192,304,-89.9367904663086
192,301,-89.68841552734375
192,299,-89.2990493774414
192,296,-88.79766845703125
192,293,-88.33834838867188
192,290,-87.85945892333984
192,288,-87.36370086669922
hero_past_corners
190,384,190,364,195,360,200,364,201,383,
190,381,189,362,195,358,200,362,201,381,
190,378,189,359,195,355,200,359,201,378,
190,376,189,357,195,353,200,357,201,376,
190,372,189,353,195,349,200,353,201,372,
190,370,189,351,195,347,200,351,201,370,
190,367,189,347,195,343,200,347,201,367,
190,364,189,345,194,341,200,345,200,364,
189,362,188,342,194,338,199,342,200,362,
189,358,188,339,193,335,199,339,200,358,
189,355,188,336,193,332,199,336,200,355,
189,353,188,334,193,330,199,334,200,353,
189,351,188,331,193,327,199,331,200,350,
189,347,188,328,193,324,199,328,200,347,
189,344,188,325,193,321,199,325,200,344,
188,341,188,322,192,318,199,322,199,341,
188,339,187,320,192,316,198,320,199,339,
188,336,187,316,192,312,198,316,199,336,
188,333,187,313,192,309,198,313,199,333,
188,330,187,311,192,307,198,311,199,330,
188,327,187,308,192,304,198,308,199,327,
188,324,187,305,192,301,198,305,199,324,
188,322,187,303,192,299,198,303,199,322,
187,319,187,300,191,296,198,299,198,319,
187,316,186,297,191,293,197,297,198,316,
187,313,186,294,191,290,197,294,198,313,
187,310,186,291,192,287,197,291,198,310,
187,307,186,288,192,284,197,288,198,308,
187,304,186,285,192,281,198,285,198,305,
187,301,186,282,192,278,198,283,198,302,
187,299,187,280,192,276,198,281,198,300,
actor_past_trajectory_corners
Vehicle ID:128
246,44,-138.73924255371094
244,42,-137.09181213378906
242,40,-135.5546112060547
240,40,-134.44183349609375
237,37,-133.3621063232422
235,35,-132.93072509765625
233,33,-132.6878662109375
231,31,-132.62351989746094
230,29,-132.62152099609375
227,27,-132.6690673828125
226,25,-132.67791748046875
224,23,-132.5386199951172
222,21,-132.19619750976562
220,18,-131.71743774414062
218,17,-131.2969207763672
215,15,-130.61602783203125
214,13,-129.95489501953125
212,11,-129.13697814941406
211,9,-128.69537353515625
209,7,-127.7142562866211
207,4,-126.55289459228516
205,2,-125.6567153930664
204,0,-125.04630279541016
202,-2,-123.85401153564453
201,-4,-122.72168731689453
198,-6,-121.71778869628906
197,-9,-120.89204406738281
196,-11,-119.76468658447266
194,-13,-118.55387115478516
193,-15,-117.5566177368164
192,-17,-116.92354583740234
247,50,242,46,242,40,247,40,252,45,
246,49,240,45,240,39,245,38,251,43,
244,47,239,43,238,38,244,37,249,42,
242,45,237,41,236,36,241,35,247,40,
239,44,234,38,233,33,239,33,244,37,
237,42,231,37,231,31,237,31,242,36,
235,39,229,34,229,29,235,29,240,34,
233,38,228,32,228,27,233,27,238,33,
231,36,226,31,226,25,231,26,236,31,
228,33,224,28,224,23,229,23,234,28,
227,31,222,26,222,21,227,21,232,26,
225,30,221,25,221,19,226,20,231,25,
223,28,219,23,219,17,224,18,229,23,
221,25,216,21,215,15,221,15,226,20,
219,23,214,18,213,13,219,13,224,18,
217,22,212,16,212,11,217,11,223,16,
215,20,210,14,210,9,216,10,220,14,
213,17,208,12,208,7,214,7,218,12,
212,16,207,10,207,5,213,6,217,11,
209,13,205,8,205,2,211,3,215,9,
207,11,203,5,204,0,209,1,213,6,
205,8,201,3,202,-2,207,-1,211,4,
204,7,200,1,201,-3,206,-2,210,2,
202,4,198,-1,198,-6,203,-5,208,0,
201,2,197,-3,197,-9,202,-7,207,-1,
199,0,194,-5,195,-10,201,-10,205,-4,
198,-2,193,-7,194,-13,199,-12,203,-6,
196,-4,192,-10,193,-15,198,-15,201,-8,
194,-6,190,-12,192,-18,197,-17,200,-11,
192,-9,189,-15,190,-20,196,-19,199,-13,
191,-11,188,-17,189,-22,195,-20,198,-15,
Vehicle ID:156
271,106,-77.26652526855469
271,104,-78.03897857666016
271,101,-79.7104721069336
271,98,-81.38401794433594
271,95,-83.72532653808594
271,92,-85.02759552001953
271,89,-86.67141723632812
271,87,-88.20795440673828
271,84,-89.66643524169922
271,81,-91.4683837890625
270,78,-93.17284393310547
270,76,-94.24848175048828
269,73,-95.67566680908203
269,70,-97.43817138671875
268,67,-99.1098403930664
267,64,-100.50470733642578
267,62,-101.56226348876953
266,59,-103.18074798583984
264,57,-104.29285430908203
263,53,-105.92521667480469
262,51,-107.36932373046875
261,49,-108.8798599243164
261,47,-110.05101013183594
259,44,-111.61325073242188
258,41,-113.00801086425781
257,39,-114.62577056884766
254,36,-116.03887176513672
253,34,-117.3415756225586
252,31,-118.94585418701172
250,29,-120.44391632080078
249,27,-121.48413848876953
263,119,267,96,273,93,277,98,273,120,
264,116,267,93,273,90,277,95,274,118,
264,114,267,91,273,88,278,93,274,115,
265,111,267,88,273,85,278,90,275,113,
266,107,267,85,273,81,277,86,276,109,
266,105,267,82,272,79,277,83,276,106,
267,102,267,80,271,76,277,80,277,103,
266,100,266,77,271,73,276,77,276,100,
266,98,265,75,270,71,276,75,276,98,
266,94,265,71,270,67,275,71,277,94,
266,92,264,69,269,64,274,68,277,91,
267,90,264,67,269,63,274,66,277,89,
266,87,263,65,268,60,273,63,277,86,
266,84,262,62,266,56,273,60,277,82,
266,81,262,59,265,53,271,57,275,79,
265,78,260,57,264,51,270,54,275,76,
265,76,259,54,263,48,269,51,275,74,
264,73,258,52,262,46,268,48,274,70,
264,71,257,50,261,45,267,46,274,68,
263,69,256,47,260,42,266,43,273,65,
263,66,255,44,258,39,265,40,272,62,
262,63,254,42,256,36,263,37,272,59,
261,61,253,40,255,34,261,36,270,57,
259,58,251,37,253,31,260,33,269,53,
259,56,249,35,252,29,258,30,268,51,
258,53,247,32,250,26,256,28,267,48,
257,50,246,30,249,24,255,25,266,45,
256,48,244,28,247,22,253,23,265,42,
255,45,242,25,245,19,251,20,264,39,
253,43,241,23,243,17,250,18,262,38,
252,41,240,23,242,16,248,16,260,36,
Vehicle ID:164
186,-16,-155.93096923828125
184,-17,-157.52206420898438
181,-18,-159.4234161376953
179,-19,-161.12063598632812
175,-20,-163.84661865234375
173,-19,-165.2754669189453
170,-20,-166.93943786621094
167,-20,-168.1208953857422
165,-21,-168.38661193847656
162,-21,-169.95204162597656
159,-21,-171.96160888671875
157,-22,-173.1964111328125
154,-22,-174.7806854248047
150,-21,-175.454833984375
147,-21,-177.58016967773438
145,-21,-179.58096313476562
142,-21,178.82778930664062
139,-20,176.7176971435547
137,-20,175.32501220703125
134,-20,173.73268127441406
131,-19,171.92259216308594
128,-17,170.35369873046875
126,-17,169.2594757080078
123,-16,167.8499298095703
120,-15,166.29403686523438
117,-14,164.77859497070312
114,-14,163.50808715820312
112,-13,162.2052001953125
109,-12,160.57168579101562
106,-9,159.21189880371094
105,-9,158.3017578125
195,-7,177,-15,176,-21,181,-24,199,-17,
193,-8,175,-16,173,-21,179,-25,197,-18,
191,-10,173,-15,171,-21,176,-25,194,-18,
189,-11,170,-16,168,-22,173,-25,192,-19,
185,-12,167,-16,164,-22,169,-25,188,-21,
183,-13,164,-17,162,-22,166,-26,186,-22,
180,-14,161,-17,159,-22,163,-26,182,-23,
178,-14,159,-17,156,-23,160,-26,180,-23,
175,-15,156,-18,153,-23,157,-27,177,-24,
172,-15,153,-18,150,-22,154,-27,174,-24,
170,-15,150,-17,147,-22,151,-26,171,-24,
168,-16,149,-17,145,-22,149,-26,169,-25,
165,-16,146,-17,142,-22,146,-26,166,-25,
162,-16,142,-17,139,-22,142,-26,161,-26,
159,-17,139,-17,136,-21,139,-26,158,-26,
156,-17,137,-16,133,-21,136,-26,155,-26,
154,-17,135,-16,131,-20,134,-25,153,-27,
151,-16,132,-15,127,-19,131,-25,150,-26,
149,-16,130,-14,125,-18,129,-23,147,-26,
146,-16,127,-13,122,-17,126,-22,144,-26,
143,-16,124,-12,119,-16,122,-22,142,-25,
140,-16,121,-11,116,-15,120,-21,139,-25,
138,-15,119,-11,114,-15,117,-20,136,-25,
135,-15,116,-10,111,-14,114,-19,133,-24,
132,-15,114,-9,109,-13,111,-18,130,-23,
130,-13,111,-8,106,-10,108,-16,127,-22,
127,-12,108,-6,103,-9,106,-15,124,-21,
124,-12,106,-5,101,-8,103,-14,121,-21,
122,-11,103,-4,98,-7,100,-12,118,-20,
119,-10,102,-2,95,-5,98,-11,116,-19,
117,-10,100,-1,94,-4,96,-10,114,-18,
Vehicle ID:169
-10,79,158.20001220703125
-12,80,159.57054138183594
-14,81,160.91590881347656
-16,81,161.90933227539062
-19,83,163.35333251953125
-21,83,164.36758422851562
-22,83,165.39797973632812
-23,84,166.0971221923828
-25,84,166.74887084960938
-26,84,167.4144287109375
-27,84,167.77821350097656
-27,84,167.92697143554688
-27,84,167.95379638671875
-27,84,167.95382690429688
-27,84,167.9537353515625
-27,84,167.95372009277344
-27,84,167.9536590576172
-27,84,167.9536590576172
-27,84,167.9536895751953
-27,84,167.95372009277344
-27,84,167.95372009277344
-27,84,167.95372009277344
-27,84,167.9537353515625
-27,84,167.9537353515625
-27,84,167.9537353515625
-27,84,167.9537353515625
-27,84,167.9537353515625
-27,84,167.9537353515625
-27,84,167.9537353515625
-27,84,167.9537353515625
-27,84,167.9537353515625
0,80,-12,86,-19,84,-17,77,-3,71,
-1,81,-14,86,-21,84,-19,78,-5,72,
-4,82,-17,87,-23,85,-21,79,-7,73,
-6,83,-19,88,-25,85,-23,79,-9,73,
-8,84,-22,89,-28,86,-26,80,-11,74,
-10,84,-23,89,-30,86,-27,80,-13,75,
-12,85,-25,90,-31,86,-29,80,-14,75,
-13,85,-27,90,-33,86,-30,80,-15,76,
-13,86,-28,90,-34,86,-31,80,-17,76,
-15,86,-30,90,-35,86,-33,81,-18,76,
-16,86,-30,90,-36,86,-33,81,-19,77,
-16,86,-31,90,-37,86,-34,81,-19,78,
-16,86,-31,90,-37,86,-34,81,-19,78,
-16,86,-31,90,-37,86,-34,81,-19,78,
-16,86,-31,90,-37,86,-34,81,-19,78,
-16,86,-31,90,-37,86,-34,81,-19,78,
-16,86,-31,90,-37,86,-34,81,-19,78,
-16,86,-31,90,-37,86,-34,81,-19,78,
-16,86,-31,90,-37,86,-34,81,-19,78,
-16,86,-31,90,-37,86,-34,81,-19,78,
-16,86,-31,90,-37,86,-34,81,-19,78,
-16,86,-31,90,-37,86,-34,81,-19,78,
-16,86,-31,90,-37,86,-34,81,-19,78,
-16,86,-31,90,-37,86,-34,81,-19,78,
-16,86,-31,90,-37,86,-34,81,-19,78,
-16,86,-31,90,-37,86,-34,81,-19,78,
-16,86,-31,90,-37,86,-34,81,-19,78,
-16,86,-31,90,-37,86,-34,81,-19,78,
-16,86,-31,90,-37,86,-34,81,-19,78,
-16,86,-31,90,-37,86,-34,81,-19,78,
-16,86,-31,90,-37,86,-34,81,-19,78,
Vehicle ID:186
224,163,-39.9828987121582
226,161,-41.34367370605469
228,159,-42.69325637817383
229,157,-43.641414642333984
232,155,-43.742794036865234
234,153,-44.09299850463867
236,151,-46.276153564453125
237,149,-48.3176383972168
239,147,-50.37327575683594
240,144,-52.843544006347656
241,141,-54.79216766357422
242,140,-56.17058181762695
244,136,-58.06328582763672
246,133,-60.2042350769043
247,130,-62.223388671875
248,127,-63.91289138793945
249,125,-65.1985092163086
249,122,-67.18550109863281
250,119,-69.01582336425781
251,117,-70.23785400390625
252,113,-71.90764617919922
252,111,-72.22297668457031
253,108,-73.03065490722656
254,105,-74.05821228027344
254,103,-75.45137023925781
254,100,-78.1038589477539
254,97,-80.59654235839844
254,94,-81.88522338867188
255,91,-83.20995330810547
254,88,-85.72799682617188
254,86,-87.64311981201172
212,168,227,153,234,155,234,161,219,176,
213,166,229,151,235,153,236,160,221,175,
215,165,230,149,237,151,238,157,223,172,
217,163,232,148,239,149,239,155,225,170,
219,161,234,145,241,146,242,153,227,167,
221,159,235,143,242,144,244,150,229,166,
223,156,237,141,244,141,246,147,231,164,
225,155,238,139,245,138,246,145,233,162,
227,153,239,137,246,136,248,143,235,160,
229,151,241,134,247,133,249,139,238,157,
231,148,242,131,249,130,251,136,240,155,
232,147,243,128,249,128,252,134,241,153,
233,145,244,126,251,125,253,132,243,151,
235,142,244,122,251,122,255,128,245,146,
236,139,245,120,252,119,256,125,246,143,
238,137,246,117,253,116,256,122,247,141,
239,135,247,115,253,113,256,119,249,139,
240,132,247,112,254,110,257,116,250,135,
241,130,248,109,255,107,258,113,252,133,
242,128,248,107,255,105,259,110,252,130,
244,124,249,104,254,101,259,107,254,127,
243,121,249,101,255,99,260,104,255,124,
244,119,249,99,256,96,261,102,254,122,
245,116,250,96,256,93,260,98,256,119,
246,113,250,93,257,90,261,96,256,116,
247,111,250,90,256,87,261,92,257,113,
248,109,250,88,256,85,261,89,258,110,
248,106,250,85,256,82,261,86,259,107,
249,103,250,82,255,79,261,83,259,104,
248,101,249,79,254,76,260,80,259,101,
248,99,248,77,254,74,259,78,259,99,
