time
398.51119113797904
hero_global_pos
7.861331462860107,26.979711532592773
road_id
590
is_junction
True
speed_limit
30.0
speed
20.70326740594057
traffic_light
None
translation_offset
1108.5372714996338,1342.0486373901367
angle
-20.447357177734375
hero_past_trajectory
208,371,-90.2967529296875
207,368,-90.19268798828125
206,365,-89.9367904663086
205,362,-89.68841552734375
204,360,-89.2990493774414
204,357,-88.79766845703125
203,354,-88.33834838867188
202,352,-87.85945892333984
201,350,-87.36370086669922
200,347,-86.77698516845703
199,344,-86.09366607666016
199,341,-85.36205291748047
198,339,-84.671142578125
197,336,-84.0504150390625
197,333,-83.19664001464844
196,330,-82.23568725585938
196,327,-81.56511688232422
195,324,-80.70561981201172
195,321,-79.8504409790039
194,319,-79.17212677001953
194,316,-78.40105438232422
194,313,-77.72611236572266
193,311,-77.31527709960938
193,308,-76.76477813720703
193,306,-76.51832580566406
192,303,-75.67047882080078
192,300,-74.49114990234375
192,297,-73.7664794921875
192,293,-71.89649963378906
192,291,-70.88778686523438
192,288,-69.55264282226562
hero_past_corners
207,384,201,366,204,360,211,362,218,380,
206,381,200,363,203,358,210,358,217,377,
205,378,199,360,202,355,209,356,216,374,
204,375,198,357,201,352,208,354,215,371,
203,372,197,355,201,349,207,351,213,369,
202,370,196,352,200,346,206,348,213,367,
201,367,194,349,199,343,206,345,212,364,
200,364,193,346,198,340,205,343,211,361,
199,362,194,344,198,338,204,341,210,359,
199,360,193,341,197,336,203,338,209,356,
197,356,192,338,196,332,203,335,208,354,
196,354,191,335,196,330,202,332,207,351,
196,352,190,332,195,327,201,330,207,349,
195,349,191,330,195,324,201,327,206,346,
194,346,190,327,194,321,200,324,205,343,
193,342,189,323,194,318,200,321,204,340,
192,340,188,321,193,316,199,318,204,337,
192,336,188,317,193,312,199,315,203,334,
191,334,188,315,193,310,199,313,202,332,
191,331,187,312,193,307,198,310,202,329,
190,328,187,309,192,304,198,307,201,326,
190,325,187,306,192,302,198,305,201,323,
189,323,187,305,192,300,198,303,200,322,
189,320,186,301,192,297,197,300,200,319,
188,317,186,299,191,294,197,297,199,316,
188,315,186,295,191,292,198,294,200,314,
188,311,186,292,191,288,197,291,199,310,
187,310,186,290,191,286,197,289,199,309,
187,305,186,286,192,282,198,286,198,305,
187,303,186,284,192,279,198,283,198,302,
187,300,187,280,192,276,198,281,198,299,
actor_past_trajectory_corners
Vehicle ID:128
124,72,-125.04630279541016
121,70,-123.85401153564453
120,68,-122.72168731689453
117,67,-121.71778869628906
115,65,-120.89204406738281
114,63,-119.76468658447266
111,61,-118.55387115478516
109,60,-117.5566177368164
107,58,-116.92354583740234
105,56,-116.09867858886719
102,54,-115.11460876464844
101,52,-114.69727325439453
99,50,-114.40777587890625
97,48,-113.50434112548828
95,46,-111.71977233886719
93,43,-109.64273834228516
93,41,-108.09882354736328
91,39,-106.4193344116211
89,36,-105.25517272949219
87,35,-104.34459686279297
86,32,-103.3947525024414
84,29,-102.8155517578125
83,28,-102.495849609375
81,25,-101.82270050048828
80,23,-101.31463623046875
79,21,-100.89258575439453
77,18,-100.30397033691406
76,16,-99.95606994628906
74,13,-99.138427734375
72,10,-98.72086334228516
72,8,-98.15922546386719
127,79,121,74,120,69,125,69,131,72,
124,76,118,72,117,67,122,66,128,71,
122,75,116,71,115,65,121,65,126,69,
119,73,113,69,113,64,119,62,123,67,
118,71,112,67,111,61,116,61,122,65,
115,69,110,65,109,60,114,59,119,64,
113,68,107,63,107,57,112,57,117,62,
110,66,105,61,104,56,111,56,116,60,
109,64,104,59,103,54,109,54,114,59,
107,63,102,58,101,52,107,52,112,57,
104,60,99,56,99,50,104,50,109,55,
102,59,97,53,97,48,103,48,107,53,
100,56,95,52,96,46,101,47,106,51,
99,55,93,49,94,44,99,44,104,50,
97,52,91,47,92,42,97,42,102,47,
95,50,89,44,90,39,95,39,100,45,
93,48,88,42,89,37,94,37,99,43,
91,45,86,39,87,34,92,35,97,41,
89,43,85,38,85,32,91,33,95,38,
87,41,83,35,84,29,90,31,93,37,
85,39,82,32,82,27,88,28,92,34,
84,36,80,30,81,25,86,27,90,32,
82,34,79,29,80,24,85,25,89,31,
81,31,77,26,79,21,83,22,88,28,
80,30,76,24,77,18,82,19,86,26,
78,27,74,21,76,16,81,18,85,24,
77,25,73,18,73,13,79,14,83,20,
75,23,72,17,73,12,79,13,82,19,
74,19,70,13,71,7,77,10,80,16,
72,17,68,11,70,6,75,7,79,13,
71,15,68,9,69,3,74,5,77,11,
Vehicle ID:156
193,99,-110.05101013183594
190,97,-111.61325073242188
188,94,-113.00801086425781
186,93,-114.62577056884766
183,91,-116.03887176513672
182,89,-117.3415756225586
180,87,-118.94585418701172
177,85,-120.44391632080078
176,84,-121.48413848876953
173,83,-122.68230438232422
170,81,-124.44892120361328
169,79,-125.7362060546875
166,78,-126.801513671875
163,77,-128.04673767089844
161,76,-129.65000915527344
158,73,-131.00843811035156
155,72,-131.97552490234375
153,71,-133.58001708984375
150,70,-134.88404846191406
148,69,-135.87266540527344
145,68,-137.0735321044922
143,67,-138.44383239746094
141,67,-139.3263397216797
138,66,-140.81529235839844
134,65,-141.84837341308594
132,64,-143.1410675048828
129,64,-144.92420959472656
127,63,-145.72137451171875
123,63,-147.4541778564453
120,62,-148.785888671875
118,62,-150.2928924560547
197,112,183,95,184,88,190,88,205,106,
195,110,180,93,181,86,188,86,203,103,
194,108,178,91,179,85,185,84,201,101,
192,105,176,89,176,83,183,82,199,99,
190,103,174,88,175,81,181,80,197,96,
189,101,171,87,172,80,178,79,195,94,
187,99,168,84,169,78,175,77,193,91,
184,98,167,83,167,77,173,75,191,90,
182,96,165,82,165,76,171,74,189,88,
181,95,163,81,163,75,169,72,187,86,
179,92,160,79,160,73,165,71,184,84,
176,91,157,78,157,72,163,69,183,82,
175,90,155,77,155,70,161,68,180,81,
173,88,154,76,152,69,159,67,178,79,
170,86,150,75,149,68,155,66,175,78,
167,85,147,73,146,67,153,65,173,75,
165,84,145,73,143,66,150,64,170,74,
162,81,142,72,141,65,146,63,167,72,
160,80,140,71,138,65,144,62,164,71,
158,80,138,70,135,64,141,60,162,70,
155,78,134,69,133,63,138,60,159,69,
153,76,131,68,130,62,136,59,157,67,
151,76,130,68,128,62,134,59,155,67,
149,75,127,68,125,61,131,58,152,65,
146,73,124,67,122,61,127,57,149,64,
144,73,122,66,120,60,125,57,146,63,
140,72,119,66,116,60,122,56,143,62,
139,72,117,66,114,60,119,56,142,61,
135,70,113,65,110,59,115,55,137,60,
133,70,110,66,108,59,113,55,135,60,
131,69,108,65,105,59,109,55,132,58,
Vehicle ID:164
44,78,169.2594757080078
42,80,167.8499298095703
40,82,166.29403686523438
37,84,164.77859497070312
34,85,163.50808715820312
33,87,162.2052001953125
30,89,160.57168579101562
28,92,159.21189880371094
27,92,158.3017578125
25,94,157.150390625
23,97,155.24258422851562
21,99,153.89158630371094
19,102,152.781494140625
17,103,151.3988494873047
15,106,149.59010314941406
14,108,148.07171630859375
13,110,146.8773651123047
11,113,145.30421447753906
9,116,144.14491271972656
8,118,143.2545623779297
7,120,142.19564819335938
5,123,141.3982391357422
4,124,140.9368438720703
3,127,140.22886657714844
2,130,139.77699279785156
0,132,139.39019775390625
-1,135,139.025634765625
-1,136,138.9253387451172
-3,140,138.7213592529297
-4,143,138.62393188476562
-7,145,138.66986083984375
57,77,40,86,34,84,35,79,51,68,
54,78,38,88,31,86,33,81,49,70,
51,79,36,90,30,88,30,83,46,71,
50,81,34,92,28,91,28,85,44,73,
47,83,31,94,25,93,26,86,41,75,
44,84,30,96,24,95,24,88,38,76,
43,85,27,98,21,97,21,91,36,78,
40,87,26,100,19,99,20,93,34,80,
38,88,24,102,19,101,18,94,33,82,
37,90,23,103,16,103,16,96,30,84,
34,92,21,106,14,106,14,99,28,86,
32,94,19,108,13,107,12,101,25,88,
30,95,18,110,11,110,10,104,24,89,
29,97,17,112,10,112,9,106,21,91,
27,100,14,115,8,115,7,109,19,94,
24,102,13,118,7,118,6,112,17,96,
23,103,12,119,5,120,4,114,16,99,
21,106,10,122,4,123,2,117,13,101,
20,109,8,125,2,125,1,119,12,103,
18,111,8,126,2,127,0,122,11,105,
17,113,6,129,0,130,0,124,8,108,
15,115,5,132,0,133,-2,127,7,110,
14,116,4,133,-1,134,-3,128,6,112,
13,119,3,136,-2,138,-4,131,5,115,
11,122,2,138,-3,139,-5,134,2,117,
10,124,0,141,-5,142,-7,136,1,119,
8,127,-1,144,-6,146,-9,139,0,123,
8,128,-1,146,-7,147,-9,140,0,124,
5,133,-3,149,-9,151,-11,144,-2,128,
3,134,-4,151,-10,152,-12,147,-4,130,
2,137,-5,154,-11,155,-13,149,-5,132,
Vehicle ID:171
389,48,-179.1740264892578
385,48,-179.18186950683594
384,49,-179.17127990722656
381,50,-179.18690490722656
379,51,-179.19332885742188
376,52,-179.1848907470703
374,53,-179.14950561523438
371,54,-179.14967346191406
370,54,-179.1604766845703
368,55,-179.1487579345703
365,56,-179.1734161376953
363,57,-179.19786071777344
361,57,-179.1830291748047
359,58,-179.19354248046875
356,59,-179.17434692382812
354,60,-179.17672729492188
352,61,-179.17807006835938
349,62,-179.18093872070312
347,63,-179.18121337890625
345,63,-179.1737518310547
342,64,-179.18353271484375
340,65,-179.1835479736328
339,66,-179.18202209472656
336,67,-179.1573486328125
334,68,-179.1577911376953
332,68,-179.17257690429688
329,69,-179.1701202392578
328,70,-179.17547607421875
325,71,-179.1962127685547
322,71,-179.1740264892578
320,72,-179.16790771484375
392,49,389,50,385,49,388,45,391,44,
390,50,387,51,382,50,385,46,389,45,
387,51,385,52,380,50,383,47,386,46,
386,51,382,53,377,51,380,48,384,47,
383,53,380,54,375,52,378,49,382,47,
381,53,377,55,372,53,375,50,379,49,
378,54,375,54,370,54,374,51,377,49,
376,54,373,55,369,55,372,51,374,50,
374,55,371,56,367,55,370,52,373,51,
372,55,369,56,365,56,368,53,371,52,
369,56,366,58,362,57,365,54,368,53,
367,57,364,59,359,58,362,55,366,53,
366,58,362,59,357,59,360,56,364,54,
363,59,360,60,355,59,359,56,362,55,
361,60,357,61,353,61,356,57,359,56,
358,61,354,62,350,62,353,58,357,57,
356,61,352,63,348,62,351,59,355,58,
353,62,350,64,345,63,348,60,352,59,
351,63,348,65,343,64,346,61,350,59,
349,64,346,65,341,65,344,61,348,60,
347,65,343,66,339,66,342,63,345,61,
344,66,341,67,337,66,340,63,344,62,
343,66,339,68,335,67,338,64,342,63,
340,67,337,68,333,68,336,65,339,64,
338,68,335,69,330,69,333,66,337,64,
336,69,333,70,328,70,331,65,335,65,
334,70,330,71,325,71,328,66,332,65,
332,70,329,71,325,71,327,67,330,66,
329,71,325,73,320,71,324,68,327,67,
326,73,323,74,319,72,322,69,324,68,
324,73,321,75,316,73,319,70,323,69,
Vehicle ID:186
204,160,-73.03065490722656
204,157,-74.05821228027344
203,155,-75.45137023925781
203,152,-78.1038589477539
202,149,-80.59654235839844
201,146,-81.88522338867188
201,143,-83.20995330810547
199,140,-85.72799682617188
198,138,-87.64311981201172
197,137,-89.87226104736328
196,133,-92.47151184082031
194,131,-94.37692260742188
193,128,-96.20777893066406
192,127,-97.8971939086914
190,123,-99.85633850097656
188,121,-101.87568664550781
187,119,-103.28902435302734
185,117,-105.00466918945312
183,114,-106.76869201660156
181,113,-108.2318115234375
179,110,-109.89922332763672
177,109,-111.45714569091797
177,107,-112.39801025390625
174,106,-114.0021743774414
173,104,-115.36376190185547
171,102,-117.01150512695312
168,100,-119.00618743896484
166,99,-119.98809814453125
162,96,-122.59259796142578
161,95,-123.9490737915039
158,94,-125.48578643798828
199,173,198,152,204,147,209,151,210,173,
199,170,198,149,202,144,208,148,211,169,
199,167,197,146,202,141,208,145,210,166,
199,165,196,144,200,139,207,142,209,163,
200,162,195,142,200,137,206,139,209,160,
199,160,194,139,199,134,205,136,209,157,
198,156,193,136,198,131,204,133,208,154,
198,155,192,133,196,129,203,130,208,151,
197,153,190,132,195,127,201,129,207,149,
197,150,190,130,193,124,200,126,207,146,
196,147,188,127,191,122,198,124,206,143,
195,145,186,125,189,119,196,121,205,140,
194,142,185,123,188,118,194,119,204,137,
193,140,183,122,186,115,193,116,203,134,
192,137,181,119,184,113,191,113,201,132,
190,135,179,117,181,111,188,111,200,129,
190,133,178,115,180,109,187,108,198,127,
188,131,176,113,178,107,184,106,197,124,
187,128,174,111,176,104,182,104,195,121,
185,126,172,109,173,103,180,102,193,119,
183,124,170,107,171,100,177,100,192,116,
182,122,168,106,170,99,176,99,190,115,
181,120,167,105,168,98,174,97,189,113,
179,119,165,103,165,96,173,96,187,111,
178,116,162,102,164,95,170,94,185,109,
176,115,160,100,161,94,168,92,183,107,
173,112,158,99,158,91,164,90,181,104,
172,112,156,98,157,91,163,90,179,103,
170,108,152,96,152,89,159,87,176,100,
167,107,150,95,150,88,156,86,174,98,
165,105,148,93,148,87,154,85,172,96,
