time
397.22138109701336
hero_global_pos
5.78440523147583,33.99900436401367
road_id
79
is_junction
False
speed_limit
30.0
speed
20.601428976797994
traffic_light
None
translation_offset
1080.5046730041504,1372.2603549957275
angle
-9.294380187988281
hero_past_trajectory
203,372,-90.36229705810547
202,369,-90.3624267578125
202,367,-90.36248016357422
201,364,-90.36260223388672
200,361,-90.3626937866211
199,358,-90.36273193359375
199,356,-90.36254119873047
199,353,-90.36229705810547
198,350,-90.36214447021484
198,347,-90.36214447021484
197,345,-90.36214447021484
197,341,-90.33944702148438
196,339,-90.31334686279297
196,336,-90.2967529296875
195,333,-90.19268798828125
195,330,-89.9367904663086
194,327,-89.68841552734375
194,325,-89.2990493774414
195,322,-88.79766845703125
194,319,-88.33834838867188
194,316,-87.85945892333984
193,314,-87.36370086669922
193,311,-86.77698516845703
192,308,-86.09366607666016
193,305,-85.36205291748047
192,303,-84.671142578125
192,300,-84.0504150390625
192,297,-83.19664001464844
192,294,-82.23568725585938
192,291,-81.56511688232422
192,288,-80.70561981201172
hero_past_corners
199,384,196,365,200,361,206,364,209,382,
198,381,195,362,199,358,206,361,209,379,
198,379,195,361,199,356,206,359,209,377,
197,377,194,358,199,353,205,356,208,375,
197,373,194,355,198,350,205,353,208,372,
196,370,193,352,198,347,204,350,207,369,
196,367,193,349,197,344,204,347,207,366,
196,365,192,347,197,342,203,345,206,364,
195,362,192,343,196,338,203,341,206,361,
195,360,191,340,196,335,202,338,205,358,
194,357,191,338,195,333,202,336,205,355,
194,354,191,335,195,330,201,333,204,352,
193,351,190,332,194,327,201,330,204,349,
193,349,190,330,194,325,201,328,204,347,
192,346,189,327,194,322,200,324,203,344,
192,343,189,324,193,319,200,322,203,341,
191,340,188,321,193,316,199,319,202,338,
191,337,188,318,193,313,199,316,202,335,
190,334,187,315,193,310,198,313,201,333,
190,331,187,312,192,307,199,310,201,330,
189,328,186,309,192,304,198,308,200,327,
189,326,187,307,192,302,198,306,200,325,
189,324,187,304,192,300,198,303,200,322,
188,320,186,301,191,296,198,300,199,319,
188,317,187,298,192,294,198,297,199,316,
187,315,186,295,191,291,197,295,199,314,
188,312,187,293,192,288,198,292,199,311,
187,309,186,290,192,285,197,289,198,308,
187,305,187,286,192,282,198,286,198,305,
186,303,186,284,192,280,197,283,198,302,
187,299,187,280,192,276,198,280,198,299,
actor_past_trajectory_corners
Vehicle ID:128
198,51,-132.6690673828125
196,49,-132.67791748046875
194,47,-132.5386199951172
192,46,-132.19619750976562
189,43,-131.71743774414062
187,42,-131.2969207763672
185,40,-130.61602783203125
184,38,-129.95489501953125
181,36,-129.13697814941406
180,35,-128.69537353515625
178,33,-127.7142562866211
175,30,-126.55289459228516
173,29,-125.6567153930664
172,27,-125.04630279541016
169,24,-123.85401153564453
168,22,-122.72168731689453
165,21,-121.71778869628906
164,18,-120.89204406738281
163,16,-119.76468658447266
160,14,-118.55387115478516
159,12,-117.5566177368164
158,10,-116.92354583740234
156,7,-116.09867858886719
154,4,-115.11460876464844
152,3,-114.69727325439453
151,1,-114.40777587890625
150,-1,-113.50434112548828
148,-4,-111.71977233886719
147,-7,-109.64273834228516
146,-9,-108.09882354736328
145,-11,-106.4193344116211
200,57,195,52,194,47,199,47,205,51,
198,55,193,51,192,46,197,45,203,49,
196,54,192,50,191,44,196,44,201,48,
194,53,189,48,188,42,193,43,199,47,
192,50,186,46,185,40,191,40,196,44,
189,48,183,43,183,38,189,38,193,43,
187,47,181,42,181,36,186,36,192,41,
185,45,180,40,179,35,185,35,190,39,
182,42,177,38,177,33,183,32,187,37,
181,42,176,36,175,31,181,31,186,36,
179,39,174,35,173,29,179,29,184,34,
176,37,171,32,172,27,177,27,181,31,
174,35,169,30,169,24,174,24,179,30,
173,34,168,29,168,23,173,24,178,28,
170,31,165,26,165,21,171,21,176,26,
169,29,164,24,164,18,169,19,174,24,
166,27,162,21,162,16,168,16,172,22,
165,25,160,20,160,14,166,15,170,20,
163,22,159,17,159,12,164,12,168,18,
161,20,156,15,157,9,163,10,167,16,
159,18,155,12,155,7,161,8,165,14,
158,16,154,11,154,5,160,6,164,12,
156,14,152,9,152,3,159,4,163,10,
154,12,150,6,151,0,156,1,160,7,
153,10,148,3,150,-1,155,0,159,5,
151,7,147,1,148,-3,154,-2,157,3,
150,5,146,0,147,-6,152,-4,156,1,
148,2,144,-3,145,-8,151,-7,155,-1,
147,0,143,-6,144,-11,149,-10,153,-4,
145,-2,142,-9,144,-13,149,-12,152,-5,
144,-5,141,-12,142,-17,147,-15,150,-8,
Vehicle ID:156
247,100,-91.4683837890625
247,97,-93.17284393310547
246,95,-94.24848175048828
245,92,-95.67566680908203
245,89,-97.43817138671875
243,86,-99.1098403930664
242,83,-100.50470733642578
241,81,-101.56226348876953
240,79,-103.18074798583984
238,77,-104.29285430908203
237,73,-105.92521667480469
235,70,-107.36932373046875
234,68,-108.8798599243164
234,66,-110.05101013183594
231,64,-111.61325073242188
230,61,-113.00801086425781
229,59,-114.62577056884766
226,56,-116.03887176513672
225,55,-117.3415756225586
223,52,-118.94585418701172
221,50,-120.44391632080078
220,48,-121.48413848876953
217,47,-122.68230438232422
215,44,-124.44892120361328
214,42,-125.7362060546875
211,41,-126.801513671875
209,39,-128.04673767089844
207,37,-129.65000915527344
204,35,-131.00843811035156
202,33,-131.97552490234375
200,31,-133.58001708984375
244,113,241,91,245,86,251,89,255,111,
244,111,239,89,244,83,249,86,255,108,
245,109,239,87,243,82,249,84,255,107,
243,106,238,84,242,79,247,81,254,104,
243,103,236,81,240,75,247,78,253,100,
242,100,236,78,239,73,245,76,252,97,
242,97,234,76,238,71,244,73,251,94,
242,95,233,74,236,68,242,70,251,92,
240,93,232,72,235,65,241,67,249,88,
240,91,230,70,233,64,240,65,249,86,
238,88,229,67,232,62,238,63,248,83,
238,85,227,64,229,59,237,60,246,81,
236,82,226,63,228,56,234,57,246,78,
235,80,225,61,227,54,233,55,244,76,
234,78,222,58,224,52,231,53,243,72,
233,76,221,56,223,50,229,50,241,70,
232,73,218,54,220,47,227,48,240,67,
230,70,217,52,219,45,225,45,239,65,
229,68,215,50,217,44,223,44,237,62,
228,65,212,48,214,41,221,41,236,59,
225,64,211,46,212,39,219,39,233,57,
224,62,210,45,211,39,217,38,232,55,
223,60,208,43,209,37,216,36,231,53,
221,57,205,41,206,34,212,33,228,50,
219,56,203,39,204,33,210,32,227,48,
218,54,201,37,202,31,209,30,224,47,
216,52,199,36,199,29,206,28,223,44,
214,49,196,35,197,28,203,27,221,42,
211,48,194,32,194,26,201,25,218,40,
209,46,192,32,191,25,198,23,216,38,
207,43,189,30,189,23,195,22,213,35,
Vehicle ID:164
127,10,-169.95204162597656
124,10,-171.96160888671875
122,10,-173.1964111328125
119,10,-174.7806854248047
115,11,-175.454833984375
112,11,-177.58016967773438
110,12,-179.58096313476562
107,12,178.82778930664062
105,14,176.7176971435547
103,14,175.32501220703125
100,14,173.73268127441406
97,16,171.92259216308594
94,17,170.35369873046875
92,18,169.2594757080078
89,19,167.8499298095703
86,21,166.29403686523438
84,22,164.77859497070312
81,22,163.50808715820312
79,24,162.2052001953125
76,25,160.57168579101562
73,28,159.21189880371094
72,28,158.3017578125
70,29,157.150390625
67,32,155.24258422851562
65,33,153.89158630371094
63,36,152.781494140625
61,37,151.3988494873047
58,39,149.59010314941406
56,41,148.07171630859375
55,43,146.8773651123047
52,45,145.30421447753906
138,14,119,14,115,10,119,5,139,5,
136,14,116,15,112,10,116,6,136,5,
134,14,115,15,110,11,114,6,133,5,
131,14,112,15,107,11,111,6,131,5,
128,15,108,16,104,12,108,7,126,5,
125,14,105,16,101,13,105,7,123,5,
122,15,103,18,98,14,102,8,120,6,
120,15,101,18,97,15,99,9,118,5,
117,16,98,20,93,15,96,10,115,6,
115,16,96,20,91,17,94,11,112,6,
112,16,94,21,88,18,91,13,109,7,
109,17,91,23,85,20,87,13,107,8,
106,17,88,24,82,21,85,15,104,9,
104,19,86,25,80,22,83,16,101,9,
101,19,83,26,78,23,80,18,98,11,
98,20,81,27,76,24,77,19,95,11,
97,21,79,29,73,27,74,21,92,13,
94,22,76,30,70,28,72,22,89,14,
91,23,74,32,69,30,70,23,86,14,
89,24,71,33,66,31,67,26,84,16,
86,26,70,35,63,33,65,27,82,17,
84,26,68,37,62,35,63,28,80,19,
82,27,66,38,60,36,61,30,77,20,
80,29,63,41,57,39,58,32,74,21,
77,30,62,42,55,40,56,34,72,23,
75,32,60,43,53,42,53,36,70,24,
73,33,58,45,52,43,52,37,67,26,
71,35,55,48,49,47,49,41,64,28,
68,37,54,50,48,49,48,43,62,30,
66,38,52,52,46,51,46,44,60,32,
63,41,49,54,43,54,43,47,57,33,
Vehicle ID:169
-47,137,167.4144287109375
-48,137,167.77821350097656
-48,137,167.92697143554688
-48,137,167.95379638671875
-48,137,167.95382690429688
-48,137,167.9537353515625
-48,137,167.95372009277344
-48,137,167.9536590576172
-48,137,167.9536590576172
-48,137,167.9536895751953
-48,137,167.95372009277344
-48,137,167.95372009277344
-48,137,167.95372009277344
-48,137,167.9537353515625
-48,137,167.9537353515625
-48,137,167.9537353515625
-48,137,167.9537353515625
-48,137,167.9537353515625
-48,137,167.9537353515625
-48,137,167.9537353515625
-48,137,167.9537353515625
-48,137,167.9537353515625
-48,137,167.9537353515625
-48,137,167.9537353515625
-48,137,167.9537353515625
-48,137,167.9537353515625
-48,137,167.9537353515625
-48,137,167.9537353515625
-48,137,167.9537353515625
-48,137,167.9537353515625
-48,137,167.9537353515625
-36,138,-51,143,-55,140,-54,135,-40,129,
-37,138,-51,143,-56,140,-54,135,-41,129,
-37,138,-52,144,-57,140,-55,135,-41,130,
-37,138,-52,144,-57,140,-55,135,-41,130,
-37,138,-52,144,-57,140,-55,135,-41,130,
-37,138,-52,144,-57,140,-55,135,-41,130,
-37,138,-52,144,-57,140,-55,135,-41,130,
-37,138,-52,144,-57,140,-55,135,-41,130,
-37,138,-52,144,-57,140,-55,135,-41,130,
-37,138,-52,144,-57,140,-55,135,-41,130,
-37,138,-52,144,-57,140,-55,135,-41,130,
-37,138,-52,144,-57,140,-55,135,-41,130,
-37,138,-52,144,-57,140,-55,135,-41,130,
-37,138,-52,144,-57,140,-55,135,-41,130,
-37,138,-52,144,-57,140,-55,135,-41,130,
-37,138,-52,144,-57,140,-55,135,-41,130,
-37,138,-52,144,-57,140,-55,135,-41,130,
-37,138,-52,144,-57,140,-55,135,-41,130,
-37,138,-52,144,-57,140,-55,135,-41,130,
-37,138,-52,144,-57,140,-55,135,-41,130,
-37,138,-52,144,-57,140,-55,135,-41,130,
-37,138,-52,144,-57,140,-55,135,-41,130,
-37,138,-52,144,-57,140,-55,135,-41,130,
-37,138,-52,144,-57,140,-55,135,-41,130,
-37,138,-52,144,-57,140,-55,135,-41,130,
-37,138,-52,144,-57,140,-55,135,-41,130,
-37,138,-52,144,-57,140,-55,135,-41,130,
-37,138,-52,144,-57,140,-55,135,-41,130,
-37,138,-52,144,-57,140,-55,135,-41,130,
-37,138,-52,144,-57,140,-55,135,-41,130,
-37,138,-52,144,-57,140,-55,135,-41,130,
Vehicle ID:171
466,50,-179.18994140625
463,50,-179.18775939941406
462,50,-179.1797637939453
459,51,-179.1753387451172
456,51,-179.1791229248047
454,52,-179.17738342285156
451,52,-179.18707275390625
449,52,-179.21316528320312
446,53,-179.15487670898438
444,53,-179.14727783203125
442,53,-179.14108276367188
439,54,-179.1634521484375
437,54,-179.18629455566406
436,55,-179.1740264892578
432,54,-179.18186950683594
430,54,-179.17127990722656
427,55,-179.18690490722656
425,55,-179.19332885742188
423,56,-179.1848907470703
421,56,-179.14950561523438
418,57,-179.14967346191406
417,57,-179.1604766845703
414,57,-179.1487579345703
411,58,-179.1734161376953
409,58,-179.19786071777344
407,58,-179.1830291748047
405,59,-179.19354248046875
402,59,-179.17434692382812
399,60,-179.17672729492188
397,60,-179.17807006835938
394,60,-179.18093872070312
470,51,466,52,462,50,466,48,470,47,
467,51,464,52,460,51,464,48,467,47,
466,52,462,52,458,51,462,48,466,48,
463,52,460,53,456,51,460,49,463,48,
460,53,457,53,452,52,456,49,460,49,
458,53,455,54,450,52,454,50,457,49,
456,53,452,54,447,53,451,50,455,49,
454,54,450,54,445,53,449,50,453,50,
451,54,448,55,443,53,447,51,450,50,
449,54,445,55,440,54,444,51,448,51,
447,55,443,55,438,54,442,51,446,51,
444,55,440,56,436,55,439,51,443,50,
441,56,438,56,433,54,437,51,440,51,
439,56,436,57,431,54,435,52,439,51,
437,56,433,57,428,55,432,52,436,51,
434,57,431,57,426,55,430,52,433,52,
432,57,428,58,423,56,427,53,431,52,
429,58,426,58,422,56,425,53,429,53,
427,58,423,59,419,56,422,54,426,53,
424,59,421,58,417,57,420,54,424,53,
422,58,419,58,415,57,418,54,421,54,
420,58,417,59,413,57,416,55,419,54,
418,59,415,59,411,58,414,55,417,55,
415,59,412,59,408,58,411,56,414,55,
413,59,409,60,405,59,408,56,412,55,
411,60,407,60,403,59,406,56,410,56,
408,60,405,61,401,59,404,57,408,56,
406,60,402,61,398,60,401,57,405,56,
403,61,399,62,395,60,399,58,402,57,
401,61,397,62,393,61,397,58,400,57,
398,62,394,62,390,61,394,58,398,58,
Vehicle ID:186
225,165,-52.843544006347656
225,162,-54.79216766357422
226,161,-56.17058181762695
227,158,-58.06328582763672
229,154,-60.2042350769043
229,151,-62.223388671875
230,148,-63.91289138793945
231,146,-65.1985092163086
231,143,-67.18550109863281
232,140,-69.01582336425781
232,138,-70.23785400390625
233,133,-71.90764617919922
232,131,-72.22297668457031
233,128,-73.03065490722656
233,125,-74.05821228027344
233,123,-75.45137023925781
233,120,-78.1038589477539
233,117,-80.59654235839844
232,114,-81.88522338867188
233,111,-83.20995330810547
231,108,-85.72799682617188
231,106,-87.64311981201172
231,104,-89.87226104736328
230,100,-92.47151184082031
229,99,-94.37692260742188
228,96,-96.20777893066406
227,94,-97.8971939086914
226,90,-99.85633850097656
225,87,-101.87568664550781
224,85,-103.28902435302734
222,82,-105.00466918945312
214,174,224,155,230,154,233,160,224,178,
215,171,224,152,231,151,234,156,225,176,
216,170,225,150,231,149,235,154,226,174,
218,167,226,148,233,146,236,152,228,172,
219,164,226,144,233,142,237,148,229,167,
220,161,227,141,234,139,237,145,231,164,
221,159,227,138,234,136,238,142,231,162,
222,156,228,136,234,133,237,139,233,160,
223,153,227,133,234,130,238,136,233,156,
223,151,228,130,235,127,238,132,235,153,
224,149,228,128,234,125,239,129,234,150,
225,146,228,125,234,121,239,126,236,147,
225,143,229,122,234,119,239,123,236,144,
226,141,228,120,235,116,240,121,236,142,
226,138,229,117,234,113,239,117,237,139,
227,134,228,114,235,110,240,115,237,136,
227,132,228,111,233,107,239,111,238,133,
228,130,228,109,233,105,239,108,238,129,
227,127,227,106,232,102,238,105,239,126,
228,124,227,103,232,99,238,102,238,123,
228,122,226,100,231,96,237,99,239,120,
227,120,225,98,230,94,236,97,238,118,
228,117,224,96,229,91,235,94,239,115,
227,114,223,93,227,89,234,92,238,112,
227,112,222,91,226,86,232,89,238,109,
227,109,221,89,225,84,231,86,237,106,
226,107,220,87,224,81,230,83,237,103,
226,104,218,84,223,78,229,80,235,101,
224,101,217,81,220,76,226,78,235,98,
224,99,216,79,219,74,226,75,233,95,
222,97,214,77,217,71,224,72,233,92,
