time
393.9115120576753
hero_global_pos
4.9901838302612305,52.64307403564453
road_id
33
is_junction
False
speed_limit
30.0
speed
20.526025195387927
traffic_light
None
translation_offset
1061.3930740356445,1464.0019397735596
angle
0.36223602294921875
hero_past_trajectory
191,374,-90.36223602294922
191,370,-90.36235809326172
192,367,-90.36248016357422
192,364,-90.3625717163086
192,362,-90.36262512207031
192,360,-90.3626937866211
192,356,-90.36273193359375
192,353,-90.36248016357422
192,350,-90.36227416992188
192,347,-90.36214447021484
192,344,-90.36216735839844
192,342,-90.36229705810547
192,339,-90.36239624023438
192,337,-90.36244201660156
192,334,-90.36254119873047
192,330,-90.36266326904297
192,328,-90.36273193359375
192,325,-90.36273193359375
192,323,-90.36260223388672
192,320,-90.3623275756836
192,318,-90.3622055053711
192,314,-90.3622055053711
192,311,-90.36229705810547
192,308,-90.36239624023438
192,305,-90.36248016357422
192,303,-90.36260223388672
192,300,-90.36266326904297
192,297,-90.36273193359375
192,294,-90.36266326904297
192,291,-90.3624267578125
192,288,-90.36223602294922
hero_past_corners
186,385,186,366,192,362,198,366,197,385,
186,381,186,362,192,358,198,362,197,381,
186,378,186,359,192,355,198,359,197,378,
186,376,186,357,192,352,198,356,197,376,
186,373,186,354,192,350,198,354,197,373,
185,372,186,352,192,348,198,352,197,372,
186,367,186,348,192,344,198,348,198,367,
186,365,186,346,192,342,198,345,198,365,
186,362,186,343,192,339,198,343,198,362,
186,359,186,340,192,336,198,340,198,359,
186,356,186,337,192,333,198,337,198,356,
186,353,186,334,192,330,198,334,198,353,
186,350,186,331,192,327,198,331,198,350,
186,348,186,329,192,325,198,329,198,348,
186,346,186,326,192,322,198,326,198,345,
186,342,186,323,192,319,197,323,198,342,
186,340,186,321,192,317,197,321,198,340,
186,337,186,318,192,313,197,317,198,337,
186,335,186,316,192,312,197,316,198,335,
186,332,186,313,192,309,197,313,198,332,
186,329,186,310,192,306,197,310,198,329,
186,325,186,306,192,302,197,306,197,325,
186,323,186,304,192,300,197,304,197,323,
186,319,186,300,192,296,197,300,197,319,
186,317,186,297,192,293,197,297,197,316,
186,314,186,295,192,291,197,295,197,314,
186,311,186,292,192,288,197,292,197,311,
186,309,186,290,192,286,197,290,197,309,
186,305,186,286,192,282,197,286,197,305,
186,303,186,284,192,280,197,284,197,303,
186,300,186,280,192,276,197,280,197,300,
actor_past_trajectory_corners
Vehicle ID:128
321,2,-178.35093688964844
318,2,-178.21888732910156
315,2,-178.1211395263672
312,2,-177.9267578125
310,1,-177.64588928222656
308,1,-177.41415405273438
303,1,-177.0934295654297
301,1,-176.19581604003906
298,0,-174.51658630371094
295,0,-172.18057250976562
293,0,-169.64443969726562
290,0,-167.01844787597656
287,-1,-164.696044921875
285,-2,-163.1823272705078
283,-3,-160.9442138671875
280,-4,-158.08370971679688
278,-5,-156.58309936523438
275,-6,-154.3146514892578
273,-7,-152.75531005859375
271,-10,-150.3738555908203
268,-11,-148.32496643066406
265,-14,-145.49472045898438
263,-15,-143.4518585205078
261,-17,-140.67276000976562
259,-19,-138.73924255371094
257,-21,-137.09181213378906
255,-23,-135.5546112060547
253,-24,-134.44183349609375
251,-27,-133.3621063232422
249,-29,-132.93072509765625
247,-31,-132.6878662109375
327,6,320,6,316,2,320,-1,327,-1,
323,6,316,5,312,2,316,-1,323,-1,
320,6,313,5,309,2,313,-1,320,-1,
317,5,310,5,306,1,310,-1,317,-1,
315,5,308,5,304,1,308,-1,315,-1,
313,5,306,5,302,1,306,-1,313,-1,
309,5,302,5,298,1,302,-2,309,-1,
306,5,299,4,295,1,300,-2,307,-1,
303,5,296,4,293,0,297,-2,304,-2,
300,4,293,3,290,0,294,-3,301,-2,
297,4,290,3,287,-1,292,-4,299,-2,
294,4,288,2,285,-2,289,-4,296,-3,
291,3,285,1,282,-3,287,-5,293,-3,
289,2,283,0,280,-3,285,-6,292,-4,
287,2,280,0,278,-5,282,-7,289,-4,
283,0,277,-1,274,-6,280,-8,286,-5,
281,0,275,-2,273,-7,278,-9,284,-6,
278,-1,272,-5,270,-10,275,-10,281,-7,
276,-2,270,-6,268,-11,273,-11,280,-8,
274,-3,268,-7,266,-13,271,-14,277,-9,
271,-5,265,-9,264,-14,269,-15,275,-11,
268,-7,262,-11,261,-17,266,-17,272,-13,
266,-9,260,-13,259,-18,264,-19,270,-15,
263,-11,257,-15,256,-21,262,-21,267,-17,
260,-13,255,-17,255,-23,260,-23,265,-18,
259,-14,253,-19,253,-25,258,-25,264,-20,
257,-16,252,-21,251,-26,257,-26,262,-21,
255,-18,250,-23,250,-28,255,-28,260,-23,
252,-20,247,-26,247,-31,253,-31,257,-26,
250,-22,245,-27,245,-33,251,-33,256,-27,
248,-25,243,-30,243,-35,249,-35,254,-30,
Vehicle ID:156
250,104,-45.20375442504883
253,101,-46.12982177734375
255,99,-46.323795318603516
256,96,-47.56705856323242
258,95,-48.90337371826172
259,93,-49.979984283447266
261,90,-52.79438400268555
263,87,-54.366268157958984
264,85,-55.84415817260742
266,82,-57.377662658691406
267,80,-58.89274215698242
269,78,-60.34284591674805
270,75,-61.65751266479492
271,73,-62.5712776184082
272,72,-64.02967071533203
273,68,-65.82661437988281
274,66,-66.78144073486328
275,63,-68.20405578613281
276,62,-69.21392059326172
276,59,-70.74545288085938
277,56,-72.0881576538086
278,52,-73.76372528076172
280,50,-74.6448974609375
281,47,-75.9915542602539
281,44,-77.26652526855469
281,42,-78.03897857666016
282,39,-79.7104721069336
282,36,-81.38401794433594
282,33,-83.72532653808594
282,30,-85.02759552001953
282,27,-86.67141723632812
237,109,253,93,259,94,260,100,244,117,
240,107,255,90,262,91,263,98,247,114,
242,105,258,88,264,89,265,95,249,112,
244,103,259,86,265,87,267,93,251,110,
245,101,260,84,267,85,268,91,253,108,
246,100,261,83,268,83,269,89,254,107,
249,97,263,79,270,79,271,85,257,103,
251,95,264,77,271,77,273,84,259,101,
253,93,265,74,272,75,274,81,261,99,
254,91,267,72,273,72,275,78,263,96,
256,89,268,69,274,70,277,76,265,94,
257,87,269,67,275,67,278,73,266,92,
259,84,270,64,276,64,279,70,268,89,
260,83,271,62,277,62,280,68,269,87,
261,80,271,60,278,60,281,65,271,85,
263,78,272,58,279,56,282,62,272,83,
264,76,273,56,279,54,282,60,273,81,
265,73,274,53,281,51,283,57,275,78,
266,71,275,51,281,49,284,55,276,76,
267,69,276,48,282,46,284,52,277,73,
268,66,276,46,282,43,286,49,278,71,
270,63,277,42,283,39,287,45,279,67,
270,61,277,40,283,37,287,42,280,64,
271,57,278,36,284,33,288,39,281,61,
272,56,278,34,284,31,288,36,282,58,
273,54,278,31,284,28,288,33,283,56,
274,51,278,29,284,26,289,31,283,53,
275,49,278,26,284,23,289,28,285,51,
276,45,278,23,284,19,288,24,286,47,
276,43,278,20,284,17,288,21,286,44,
277,40,278,18,283,14,288,18,287,41,
Vehicle ID:169
59,-32,145.2623291015625
56,-30,144.92457580566406
54,-28,144.65367126464844
52,-26,144.45382690429688
50,-25,144.40614318847656
48,-24,144.3994598388672
45,-22,144.2395782470703
43,-20,144.081787109375
41,-18,144.16029357910156
38,-17,144.32275390625
36,-15,144.45187377929688
34,-13,144.95228576660156
31,-12,145.57028198242188
29,-11,145.97486877441406
27,-9,146.52023315429688
24,-8,147.74191284179688
22,-6,148.44085693359375
19,-5,149.40296936035156
18,-4,150.10987854003906
15,-3,151.42002868652344
13,-1,152.55654907226562
9,0,154.0198974609375
7,0,155.28150939941406
4,1,157.01473999023438
1,2,158.20001220703125
0,3,159.57054138183594
-2,4,160.91590881347656
-4,4,161.90933227539062
-7,5,163.35333251953125
-9,5,164.36758422851562
-10,5,165.39797973632812
70,-33,58,-25,52,-27,52,-33,64,-41,
67,-31,55,-23,49,-24,49,-31,61,-39,
65,-30,52,-21,46,-23,47,-29,59,-38,
62,-28,50,-19,44,-21,44,-27,57,-36,
61,-27,48,-18,42,-20,43,-26,55,-35,
59,-26,47,-17,41,-19,41,-25,53,-34,
55,-23,43,-14,37,-16,38,-22,50,-31,
53,-22,41,-13,35,-14,35,-21,48,-30,
51,-20,39,-11,33,-13,33,-19,45,-28,
49,-18,36,-9,30,-11,31,-17,43,-26,
46,-17,34,-8,28,-10,29,-16,41,-25,
44,-15,32,-6,26,-8,26,-14,39,-23,
42,-13,29,-5,23,-7,24,-13,36,-21,
40,-12,28,-4,22,-5,22,-12,35,-20,
38,-10,25,-2,19,-4,20,-10,32,-19,
35,-8,22,0,16,-2,17,-9,30,-17,
33,-7,20,0,14,-2,15,-8,28,-16,
30,-5,17,1,11,0,12,-6,25,-14,
28,-4,15,2,9,0,10,-5,24,-13,
26,-3,13,3,7,1,8,-4,21,-12,
23,-1,10,4,4,2,6,-3,19,-10,
20,0,6,6,1,3,2,-2,16,-8,
18,1,4,7,-1,4,0,-1,14,-7,
14,2,1,8,-4,5,-2,0,11,-6,
12,3,-1,9,-7,6,-5,0,8,-5,
10,4,-3,9,-9,6,-7,0,6,-4,
7,5,-6,10,-11,7,-9,1,4,-3,
5,6,-8,10,-13,7,-11,1,2,-3,
3,7,-11,11,-16,8,-14,2,0,-2,
1,7,-12,11,-18,8,-15,2,-1,-1,
0,8,-14,12,-19,8,-17,2,-2,-1,
Vehicle ID:186
169,125,1.8739252090454102
173,124,-1.062561273574829
176,124,-3.280578851699829
179,124,-5.243868350982666
181,123,-6.711065292358398
183,123,-7.822120666503906
187,122,-10.710801124572754
190,121,-12.261188507080078
192,120,-13.873251914978027
195,119,-15.84623908996582
198,118,-17.38409996032715
201,117,-18.914859771728516
203,116,-20.72307777404785
205,115,-21.952442169189453
208,114,-23.343883514404297
211,113,-23.652137756347656
213,112,-23.883344650268555
216,110,-26.250682830810547
217,109,-27.911945343017578
219,107,-30.2125301361084
222,106,-32.19447708129883
225,104,-34.90009307861328
227,102,-36.434165954589844
229,100,-38.42051696777344
231,98,-39.9828987121582
233,96,-41.34367370605469
235,94,-42.69325637817383
236,92,-43.641414642333984
239,90,-43.742794036865234
241,88,-44.09299850463867
243,86,-46.276153564453125
156,119,178,120,181,125,177,130,156,130,
160,119,181,119,185,124,181,130,160,130,
163,119,184,118,188,123,185,129,163,130,
165,119,187,118,191,123,188,128,166,130,
168,119,189,117,193,122,190,128,169,130,
169,119,190,116,195,121,192,127,171,130,
174,119,195,115,199,120,197,126,176,130,
176,119,197,114,202,118,199,125,178,129,
179,118,199,113,205,117,202,124,181,129,
182,118,202,112,207,116,205,122,185,128,
184,117,205,111,210,115,208,121,187,127,
187,116,207,109,212,113,210,120,190,127,
189,116,209,108,215,112,213,118,193,126,
191,115,211,107,217,111,215,117,195,125,
194,114,213,106,219,109,218,116,198,124,
197,113,216,104,222,108,221,114,201,123,
199,112,218,103,224,107,223,113,203,122,
202,111,221,101,227,105,226,111,207,121,
203,110,222,100,228,103,227,110,209,120,
206,109,224,98,230,101,230,108,211,119,
208,108,226,97,232,99,232,106,214,117,
211,106,229,94,235,96,235,103,217,115,
213,105,230,93,237,94,237,101,220,114,
216,103,233,90,239,92,239,99,223,112,
218,102,234,88,241,90,241,96,225,110,
220,100,236,86,242,88,243,95,227,109,
222,99,237,84,244,86,245,92,229,107,
224,97,239,83,246,84,246,90,231,105,
226,95,242,80,248,81,249,88,234,102,
228,93,243,78,250,79,251,86,236,101,
230,91,245,76,252,77,253,83,238,99,
