time
398.0128526519111
hero_global_pos
6.851100444793701,29.66827392578125
road_id
79
is_junction
False
speed_limit
30.0
speed
20.020326281864044
traffic_light
None
translation_offset
1093.7598314285278,1352.9867362976074
angle
-14.329521179199219
hero_past_trajectory
204,371,-90.36214447021484
203,368,-90.36214447021484
203,366,-90.36214447021484
202,362,-90.33944702148438
201,360,-90.31334686279297
200,357,-90.2967529296875
200,354,-90.19268798828125
199,351,-89.9367904663086
198,348,-89.68841552734375
198,346,-89.2990493774414
198,343,-88.79766845703125
197,340,-88.33834838867188
196,337,-87.85945892333984
196,336,-87.36370086669922
195,333,-86.77698516845703
194,330,-86.09366607666016
195,327,-85.36205291748047
194,325,-84.671142578125
193,322,-84.0504150390625
194,319,-83.19664001464844
193,316,-82.23568725585938
193,312,-81.56511688232422
192,310,-80.70561981201172
193,306,-79.8504409790039
192,304,-79.17212677001953
192,301,-78.40105438232422
193,298,-77.72611236572266
192,296,-77.31527709960938
192,293,-76.76477813720703
193,291,-76.51832580566406
192,288,-75.67047882080078
hero_past_corners
202,384,197,364,201,359,208,361,213,381,
201,381,196,361,200,356,207,359,212,378,
200,378,196,359,200,354,206,357,211,375,
200,375,195,356,199,351,206,354,210,372,
199,372,194,353,198,348,205,351,210,369,
198,370,194,352,198,346,204,349,209,367,
198,367,193,349,197,344,203,345,208,364,
197,364,192,346,196,341,203,343,208,361,
196,361,192,343,195,338,202,340,207,359,
196,358,191,340,196,335,201,337,206,356,
195,355,190,337,195,332,201,334,206,354,
194,353,189,334,194,329,201,331,205,351,
193,350,189,331,193,326,200,329,204,348,
193,348,189,329,194,324,200,327,204,346,
192,346,188,326,193,322,199,324,203,343,
191,342,188,323,192,318,199,321,202,340,
191,339,188,320,193,316,199,318,201,337,
190,337,187,317,192,313,198,316,202,335,
190,334,188,315,192,310,198,313,201,332,
190,331,187,312,192,307,198,310,200,329,
189,327,187,308,192,304,198,307,200,326,
188,325,186,306,191,302,197,304,200,323,
188,321,186,302,191,297,197,301,199,320,
188,319,187,300,192,295,198,299,199,318,
188,316,186,297,192,292,197,296,199,315,
187,313,186,294,191,289,197,293,198,312,
187,310,186,290,192,287,198,291,198,309,
187,308,186,289,192,285,197,289,198,308,
187,305,186,285,192,282,198,286,198,305,
186,302,187,283,192,279,198,282,198,302,
187,300,187,280,192,277,198,280,198,300,
actor_past_trajectory_corners
Vehicle ID:128
160,60,-129.13697814941406
158,58,-128.69537353515625
156,57,-127.7142562866211
153,54,-126.55289459228516
151,53,-125.6567153930664
149,51,-125.04630279541016
146,49,-123.85401153564453
145,47,-122.72168731689453
142,46,-121.71778869628906
141,43,-120.89204406738281
139,41,-119.76468658447266
137,39,-118.55387115478516
135,37,-117.5566177368164
134,36,-116.92354583740234
132,33,-116.09867858886719
129,31,-115.11460876464844
128,29,-114.69727325439453
126,27,-114.40777587890625
125,24,-113.50434112548828
123,22,-111.71977233886719
121,19,-109.64273834228516
121,17,-108.09882354736328
119,15,-106.4193344116211
117,12,-105.25517272949219
116,10,-104.34459686279297
115,7,-103.3947525024414
113,5,-102.8155517578125
113,3,-102.495849609375
111,0,-101.82270050048828
111,-1,-101.31463623046875
109,-4,-100.89258575439453
161,66,156,62,155,57,160,56,166,60,
160,65,154,60,153,55,159,55,164,59,
157,63,152,59,151,53,157,52,162,57,
155,61,149,56,149,51,154,51,159,55,
152,59,147,55,146,49,151,49,157,53,
151,58,145,53,145,48,150,48,155,52,
148,56,143,51,142,46,148,45,153,50,
147,54,141,49,141,43,146,44,151,49,
144,52,139,47,138,42,144,41,149,46,
143,50,137,45,137,39,142,40,147,44,
140,47,135,42,135,37,140,37,145,43,
138,46,133,41,133,35,139,35,143,40,
136,43,131,38,131,33,137,34,142,39,
134,42,130,37,130,31,136,32,140,37,
133,40,128,35,128,29,134,29,139,35,
130,38,126,32,126,26,131,27,136,33,
129,36,124,30,125,24,130,25,134,30,
127,33,123,28,123,23,129,23,133,29,
125,31,121,25,122,20,127,21,131,27,
124,29,119,23,120,17,125,18,130,24,
122,26,117,20,118,15,123,15,128,22,
120,24,117,17,118,13,123,14,127,20,
119,21,115,15,116,9,121,11,125,17,
117,18,113,13,114,8,120,9,123,15,
115,17,112,10,113,5,119,6,122,13,
114,14,111,7,112,2,117,4,121,10,
113,11,109,5,111,0,116,2,120,8,
112,9,109,4,110,-1,115,0,118,7,
111,6,107,0,109,-4,114,-2,117,4,
109,5,107,-1,107,-6,113,-5,116,1,
108,2,105,-4,107,-8,111,-6,115,0,
Vehicle ID:156
222,97,-103.18074798583984
220,95,-104.29285430908203
218,91,-105.92521667480469
216,89,-107.36932373046875
215,87,-108.8798599243164
214,85,-110.05101013183594
212,83,-111.61325073242188
210,80,-113.00801086425781
209,78,-114.62577056884766
206,76,-116.03887176513672
204,74,-117.3415756225586
203,72,-118.94585418701172
200,70,-120.44391632080078
199,68,-121.48413848876953
196,67,-122.68230438232422
194,65,-124.44892120361328
192,63,-125.7362060546875
190,61,-126.801513671875
187,60,-128.04673767089844
185,59,-129.65000915527344
182,56,-131.00843811035156
180,55,-131.97552490234375
177,53,-133.58001708984375
175,52,-134.88404846191406
173,50,-135.87266540527344
170,49,-137.0735321044922
168,48,-138.44383239746094
166,48,-139.3263397216797
163,47,-140.81529235839844
160,45,-141.84837341308594
158,44,-143.1410675048828
223,111,213,91,215,84,222,85,232,105,
223,109,211,89,214,83,220,84,232,103,
221,106,210,86,212,81,219,81,230,101,
220,103,208,84,210,78,217,78,228,98,
218,101,206,82,208,75,214,76,227,95,
217,99,205,80,206,74,213,74,226,94,
215,96,202,78,204,71,211,72,224,90,
215,94,201,76,202,70,208,69,223,88,
213,92,198,74,200,67,206,68,221,86,
211,89,197,72,198,66,204,65,219,83,
210,87,194,71,196,64,202,64,217,80,
208,85,192,68,193,62,199,61,216,78,
206,83,190,67,191,60,198,59,213,76,
204,82,189,66,189,60,195,58,212,74,
203,80,186,64,187,58,194,56,210,72,
201,77,184,62,184,56,190,54,207,69,
199,76,181,61,182,54,188,53,206,68,
197,74,179,59,179,53,186,51,203,66,
196,72,178,58,177,51,184,50,202,64,
193,70,174,57,175,50,180,48,199,62,
191,69,172,55,171,49,178,47,197,60,
188,67,169,54,169,47,175,46,194,58,
186,65,167,53,166,46,172,44,192,56,
184,63,165,51,163,46,170,43,189,54,
182,62,162,51,161,44,167,41,187,53,
179,60,159,50,158,43,164,40,184,52,
177,59,157,48,156,42,162,40,182,50,
176,58,155,48,154,42,160,39,181,49,
173,56,152,47,150,41,157,38,177,47,
171,55,150,46,148,40,154,37,175,46,
168,55,148,45,146,39,151,36,172,44,
Vehicle ID:164
81,44,176.7176971435547
79,44,175.32501220703125
76,45,173.73268127441406
74,47,171.92259216308594
71,49,170.35369873046875
69,49,169.2594757080078
66,51,167.8499298095703
64,52,166.29403686523438
61,54,164.77859497070312
58,55,163.50808715820312
56,56,162.2052001953125
54,58,160.57168579101562
51,61,159.21189880371094
50,61,158.3017578125
48,63,157.150390625
45,65,155.24258422851562
44,67,153.89158630371094
41,70,152.781494140625
40,71,151.3988494873047
37,74,149.59010314941406
35,75,148.07171630859375
34,78,146.8773651123047
32,80,145.30421447753906
30,83,144.14491271972656
28,84,143.2545623779297
27,87,142.19564819335938
25,89,141.3982391357422
24,90,140.9368438720703
22,93,140.22886657714844
21,95,139.77699279785156
20,98,139.39019775390625
94,45,76,50,69,47,72,41,91,35,
92,45,74,51,68,48,70,42,88,36,
89,46,71,53,65,50,68,44,85,37,
86,47,68,54,62,52,64,45,83,38,
83,47,66,56,60,53,62,47,80,39,
81,49,64,57,58,54,60,48,77,40,
78,50,61,58,55,56,57,50,74,41,
76,50,59,60,54,57,54,52,71,42,
74,52,57,61,51,60,52,53,69,44,
71,54,54,63,48,61,50,55,66,46,
68,54,52,65,47,63,47,57,63,46,
67,56,50,66,44,65,45,59,61,48,
64,58,48,69,42,67,43,61,59,50,
62,58,47,70,41,69,41,62,57,51,
60,59,45,72,38,70,39,64,54,53,
58,61,42,74,36,73,36,67,52,54,
55,63,41,76,34,74,35,68,49,56,
53,64,39,77,33,77,32,71,47,58,
52,66,38,80,31,78,31,72,45,59,
49,69,35,82,29,82,28,76,42,62,
47,70,34,85,27,84,27,78,40,64,
45,72,32,86,26,86,25,80,38,66,
42,74,30,89,24,89,23,82,36,68,
41,77,28,91,22,91,21,85,34,70,
39,78,28,93,21,93,20,87,33,72,
38,81,25,95,19,96,19,90,30,74,
36,82,24,98,18,98,17,92,29,77,
35,84,23,99,17,99,15,94,27,78,
33,86,22,102,16,103,14,96,26,81,
32,88,20,104,14,104,13,99,23,83,
30,91,19,106,13,107,11,101,21,85,
Vehicle ID:171
425,53,-179.15487670898438
423,53,-179.14727783203125
421,54,-179.14108276367188
418,55,-179.1634521484375
416,55,-179.18629455566406
414,56,-179.1740264892578
411,55,-179.18186950683594
409,56,-179.17127990722656
406,57,-179.18690490722656
404,57,-179.19332885742188
402,58,-179.1848907470703
400,58,-179.14950561523438
397,59,-179.14967346191406
396,59,-179.1604766845703
393,60,-179.1487579345703
390,61,-179.1734161376953
388,61,-179.19786071777344
386,62,-179.1830291748047
384,62,-179.19354248046875
381,63,-179.17434692382812
378,64,-179.17672729492188
376,64,-179.17807006835938
373,65,-179.18093872070312
372,66,-179.18121337890625
370,66,-179.1737518310547
367,67,-179.18353271484375
365,67,-179.1835479736328
363,68,-179.18202209472656
360,69,-179.1573486328125
358,69,-179.1577911376953
356,70,-179.17257690429688
429,54,427,55,422,54,426,51,428,50,
428,54,424,55,419,54,423,52,427,51,
426,55,422,56,417,55,420,51,425,51,
423,56,419,57,414,56,418,52,421,51,
420,56,417,57,412,55,416,52,419,52,
418,57,415,58,410,56,414,53,418,52,
416,57,412,58,407,56,411,54,415,53,
413,58,410,59,405,57,409,54,412,53,
411,59,407,60,403,58,406,55,410,54,
408,59,405,60,401,58,404,55,408,54,
406,60,402,61,398,59,401,56,405,55,
403,61,400,60,396,59,399,57,403,56,
401,60,398,61,394,60,397,57,400,56,
399,61,396,61,392,60,395,58,398,57,
397,61,394,62,390,61,393,58,396,57,
394,62,391,63,387,62,390,59,393,58,
392,62,389,63,384,62,388,59,391,59,
390,63,387,64,382,63,386,60,389,59,
388,64,385,64,380,63,384,60,388,59,
386,64,382,65,377,64,381,61,385,60,
383,65,379,66,374,65,378,62,382,61,
381,65,377,66,373,65,376,62,380,61,
378,66,374,67,370,66,373,63,377,62,
376,67,372,68,368,67,371,64,375,63,
373,67,370,68,366,67,369,64,373,63,
371,68,367,69,363,68,366,65,370,64,
368,69,365,69,361,68,364,65,368,64,
367,69,363,70,359,69,362,66,366,65,
364,70,361,70,357,69,360,66,363,66,
362,70,358,71,354,70,357,67,361,66,
360,71,357,72,352,71,355,67,359,67,
Vehicle ID:186
219,162,-67.18550109863281
219,158,-69.01582336425781
219,156,-70.23785400390625
219,152,-71.90764617919922
219,150,-72.22297668457031
219,147,-73.03065490722656
219,144,-74.05821228027344
219,142,-75.45137023925781
219,139,-78.1038589477539
218,136,-80.59654235839844
217,133,-81.88522338867188
218,130,-83.20995330810547
216,127,-85.72799682617188
215,125,-87.64311981201172
215,123,-89.87226104736328
214,119,-92.47151184082031
212,118,-94.37692260742188
212,115,-96.20777893066406
210,113,-97.8971939086914
209,109,-99.85633850097656
208,107,-101.87568664550781
206,105,-103.28902435302734
204,102,-105.00466918945312
203,99,-106.76869201660156
201,98,-108.2318115234375
200,95,-109.89922332763672
198,93,-111.45714569091797
198,92,-112.39801025390625
195,90,-114.0021743774414
194,88,-115.36376190185547
192,86,-117.01150512695312
211,173,214,152,220,149,225,154,222,174,
212,171,214,149,221,145,225,151,223,172,
212,168,214,147,220,144,225,147,222,169,
213,165,214,144,219,140,224,144,224,165,
212,162,214,141,220,137,225,141,224,162,
213,160,214,139,220,134,225,139,223,160,
213,157,214,136,219,131,224,135,225,157,
213,154,213,133,219,128,225,133,224,154,
214,151,213,130,218,126,224,129,224,151,
214,149,212,128,217,124,223,126,224,148,
214,146,211,125,216,121,222,123,224,144,
214,143,211,122,216,118,221,120,224,142,
213,141,210,119,214,115,221,118,224,138,
213,139,208,118,213,113,219,116,223,136,
213,136,208,116,212,111,219,113,224,133,
212,133,206,113,210,108,217,110,223,130,
212,131,204,110,208,105,215,108,222,128,
211,128,204,108,208,103,213,105,221,125,
211,126,202,107,206,101,213,102,221,122,
210,123,201,104,204,98,211,99,219,119,
208,121,199,101,202,96,208,97,218,116,
208,119,198,100,200,94,208,94,217,113,
206,116,196,97,199,91,205,92,216,111,
205,113,194,95,197,89,203,89,214,108,
204,112,193,93,194,87,202,87,212,105,
202,109,190,91,193,85,199,85,212,102,
202,107,189,90,191,83,198,83,210,101,
200,105,188,89,190,82,196,82,209,99,
199,104,186,86,187,80,195,80,207,96,
198,101,183,85,186,78,192,78,206,95,
196,99,182,83,183,77,190,76,204,92,
