time
398.79117298396886
hero_global_pos
8.508941650390625,25.625682830810547
road_id
590
is_junction
True
speed_limit
30.0
speed
20.4133960959748
traffic_light
None
translation_offset
1118.3860092163086,1336.4514904022217
angle
-24.22185516357422
hero_past_trajectory
209,370,-89.68841552734375
208,368,-89.2990493774414
208,365,-88.79766845703125
207,362,-88.33834838867188
206,360,-87.85945892333984
205,358,-87.36370086669922
204,355,-86.77698516845703
202,352,-86.09366607666016
202,349,-85.36205291748047
201,347,-84.671142578125
200,345,-84.0504150390625
200,342,-83.19664001464844
198,339,-82.23568725585938
198,336,-81.56511688232422
197,333,-80.70561981201172
197,330,-79.8504409790039
196,328,-79.17212677001953
195,325,-78.40105438232422
195,322,-77.72611236572266
194,320,-77.31527709960938
194,317,-76.76477813720703
194,314,-76.51832580566406
193,312,-75.67047882080078
192,309,-74.49114990234375
193,306,-73.7664794921875
192,302,-71.89649963378906
192,300,-70.88778686523438
192,297,-69.55264282226562
192,295,-68.36482238769531
192,291,-67.2844009399414
192,288,-65.77814483642578
hero_past_corners
210,383,202,366,205,360,212,361,220,379,
208,380,201,363,204,357,211,359,218,376,
207,378,199,360,203,354,209,356,218,374,
206,375,198,358,202,352,209,353,216,371,
205,372,197,355,201,349,208,351,215,369,
204,370,197,353,201,347,207,349,214,367,
203,369,196,350,200,345,206,346,213,364,
201,365,195,347,198,341,206,343,212,361,
200,362,194,344,198,339,205,340,211,359,
199,360,193,341,197,336,204,339,211,356,
199,357,193,339,197,333,203,335,209,354,
198,354,192,336,196,330,202,333,208,351,
196,351,191,332,195,327,202,330,207,348,
195,349,190,330,195,325,201,327,207,345,
195,345,190,326,194,321,200,324,205,342,
194,343,190,324,194,319,200,321,205,340,
193,340,188,321,194,316,199,319,204,337,
192,337,188,318,192,313,199,316,203,335,
192,334,188,315,192,311,199,313,203,331,
191,332,187,314,192,309,198,312,202,330,
191,329,187,310,192,305,198,308,202,327,
190,326,187,308,191,303,198,305,201,325,
190,324,186,305,191,300,198,303,201,322,
189,320,186,302,191,297,197,300,200,318,
188,319,186,299,191,295,197,298,200,317,
187,314,185,295,191,291,197,294,199,313,
187,312,186,293,191,288,197,291,199,310,
187,309,186,290,191,285,197,289,199,308,
187,306,186,287,192,283,197,287,198,306,
187,303,186,284,192,280,198,284,198,303,
187,300,186,281,192,277,198,281,197,300,
actor_past_trajectory_corners
Vehicle ID:128
102,82,-121.71778869628906
100,79,-120.89204406738281
99,78,-119.76468658447266
95,76,-118.55387115478516
94,75,-117.5566177368164
92,73,-116.92354583740234
90,71,-116.09867858886719
87,69,-115.11460876464844
85,67,-114.69727325439453
83,66,-114.40777587890625
81,64,-113.50434112548828
79,61,-111.71977233886719
77,59,-109.64273834228516
76,57,-108.09882354736328
74,55,-106.4193344116211
72,53,-105.25517272949219
70,51,-104.34459686279297
69,48,-103.3947525024414
67,46,-102.8155517578125
66,44,-102.495849609375
64,42,-101.82270050048828
63,40,-101.31463623046875
61,38,-100.89258575439453
59,35,-100.30397033691406
58,34,-99.95606994628906
56,30,-99.138427734375
54,28,-98.72086334228516
53,26,-98.15922546386719
51,24,-97.63460540771484
50,22,-97.1572036743164
49,18,-96.60226440429688
105,87,99,83,98,78,104,77,109,81,
103,86,97,82,95,76,101,76,107,80,
100,84,95,79,94,75,99,73,104,79,
98,82,92,78,92,72,97,72,102,76,
95,80,90,76,89,71,95,71,100,75,
94,79,88,75,87,70,94,69,99,73,
92,78,87,73,85,67,91,67,97,72,
89,76,84,71,83,65,88,65,94,70,
87,74,81,69,81,64,87,63,92,68,
85,72,80,68,79,62,85,62,90,66,
83,70,78,65,77,60,83,60,88,65,
81,68,75,63,75,58,81,57,86,63,
79,66,73,61,73,55,78,55,84,60,
77,64,72,58,72,53,78,53,82,59,
75,61,70,56,70,50,75,51,80,56,
72,59,68,54,68,49,74,50,78,54,
71,57,66,52,67,46,73,47,76,53,
69,55,65,49,65,44,70,44,75,50,
67,52,63,47,64,42,69,43,73,49,
66,51,62,46,62,41,68,41,72,47,
64,48,60,43,61,38,66,39,70,44,
63,47,59,41,59,35,64,36,68,42,
61,45,57,39,58,34,63,35,67,40,
59,42,56,36,55,30,61,31,65,37,
58,40,54,34,55,30,61,30,64,36,
56,37,52,31,53,25,58,27,62,33,
54,34,50,28,51,24,57,24,61,30,
53,33,49,27,50,21,55,23,59,28,
52,30,48,24,49,19,54,20,58,26,
50,28,46,22,47,17,53,18,57,24,
48,25,45,19,46,14,51,16,54,21,
Vehicle ID:156
173,102,-114.62577056884766
170,100,-116.03887176513672
168,99,-117.3415756225586
166,97,-118.94585418701172
164,96,-120.44391632080078
162,94,-121.48413848876953
159,93,-122.68230438232422
156,91,-124.44892120361328
154,90,-125.7362060546875
152,89,-126.801513671875
149,88,-128.04673767089844
147,87,-129.65000915527344
143,85,-131.00843811035156
141,84,-131.97552490234375
138,83,-133.58001708984375
136,82,-134.88404846191406
133,81,-135.87266540527344
130,80,-137.0735321044922
128,80,-138.44383239746094
126,80,-139.3263397216797
123,79,-140.81529235839844
120,78,-141.84837341308594
117,77,-143.1410675048828
114,78,-144.92420959472656
112,77,-145.72137451171875
108,77,-147.4541778564453
105,76,-148.785888671875
103,76,-150.2928924560547
100,76,-151.52120971679688
98,76,-152.62074279785156
94,75,-154.15139770507812
180,115,162,100,162,93,169,92,186,107,
178,112,160,98,161,92,167,90,184,105,
176,111,158,97,158,91,164,89,182,103,
174,109,155,95,155,89,161,87,180,100,
171,108,153,94,152,88,159,86,177,99,
169,106,152,93,151,87,156,85,176,98,
168,105,149,92,148,86,155,83,173,96,
166,103,146,91,145,84,151,82,170,94,
163,102,143,90,143,83,148,81,169,92,
161,100,141,89,140,82,146,79,166,91,
159,99,139,88,137,81,144,78,164,89,
156,97,136,87,135,80,140,78,161,88,
154,96,133,86,131,80,138,77,158,86,
151,95,130,85,129,79,135,76,156,85,
148,93,128,84,126,78,131,75,152,83,
146,91,125,83,123,78,129,74,150,82,
144,91,123,83,120,77,126,73,147,81,
141,89,119,83,117,76,122,73,145,80,
138,88,117,82,115,76,120,72,142,79,
137,88,115,81,113,76,119,72,141,79,
134,87,112,82,109,75,115,71,137,77,
132,86,110,81,107,75,112,71,134,76,
130,86,107,80,105,74,110,71,131,75,
126,85,104,80,100,75,106,70,128,75,
125,85,102,81,99,74,104,70,126,74,
121,83,98,80,95,74,99,70,122,73,
118,83,95,80,92,74,97,70,119,73,
116,82,93,80,89,74,94,70,117,72,
114,82,91,80,87,74,92,70,114,72,
111,82,88,81,84,75,89,70,111,71,
108,81,85,81,81,76,85,71,108,72,
Vehicle ID:164
24,104,164.77859497070312
21,105,163.50808715820312
19,107,162.2052001953125
17,109,160.57168579101562
15,112,159.21189880371094
14,112,158.3017578125
12,115,157.150390625
10,118,155.24258422851562
9,119,153.89158630371094
7,122,152.781494140625
5,124,151.3988494873047
3,127,149.59010314941406
2,129,148.07171630859375
1,132,146.8773651123047
0,135,145.30421447753906
-1,137,144.14491271972656
-2,139,143.2545623779297
-3,142,142.19564819335938
-5,145,141.3982391357422
-6,146,140.9368438720703
-7,149,140.22886657714844
-8,151,139.77699279785156
-9,154,139.39019775390625
-11,157,139.025634765625
-11,158,138.9253387451172
-13,162,138.7213592529297
-14,165,138.62393188476562
-16,167,138.66986083984375
-16,169,138.7409210205078
-17,172,138.8052215576172
-19,175,138.9154052734375
36,99,21,112,15,111,14,105,29,92,
34,102,18,114,13,113,13,107,27,95,
31,103,17,116,11,115,10,109,24,96,
29,105,15,118,9,117,9,112,22,98,
27,107,14,120,7,120,7,113,21,100,
25,108,12,122,6,122,6,115,19,101,
24,109,11,124,4,124,3,117,17,104,
22,111,9,127,2,127,1,120,15,106,
19,114,7,129,1,128,0,122,12,108,
18,115,6,130,0,131,-1,125,11,110,
16,117,5,133,-1,133,-2,127,9,112,
14,120,3,136,-2,137,-4,131,7,115,
12,122,2,139,-3,139,-5,134,4,117,
11,124,1,141,-5,141,-6,135,3,120,
9,127,0,144,-6,145,-8,138,1,122,
8,130,-1,146,-8,147,-9,141,0,124,
6,131,-2,148,-8,149,-10,144,0,126,
5,134,-4,151,-10,152,-11,146,-2,129,
4,136,-5,153,-11,155,-12,149,-3,132,
3,137,-5,155,-11,156,-14,151,-5,134,
2,140,-6,158,-12,160,-15,153,-6,136,
1,143,-7,160,-13,161,-16,156,-8,139,
0,145,-8,162,-14,164,-17,159,-9,141,
-1,148,-10,166,-16,168,-18,162,-10,145,
-2,150,-10,168,-16,169,-19,163,-10,146,
-4,154,-12,171,-18,173,-20,167,-13,150,
-6,156,-13,173,-19,175,-21,170,-14,152,
-7,159,-14,176,-20,178,-22,172,-15,155,
-8,161,-15,179,-21,180,-23,175,-16,157,
-8,163,-17,181,-22,182,-25,177,-17,159,
-10,166,-18,183,-24,186,-27,180,-18,163,
Vehicle ID:171
364,47,-179.18690490722656
363,48,-179.19332885742188
360,49,-179.1848907470703
358,50,-179.14950561523438
355,51,-179.14967346191406
354,52,-179.1604766845703
352,53,-179.1487579345703
349,54,-179.1734161376953
347,55,-179.19786071777344
345,56,-179.1830291748047
343,57,-179.19354248046875
341,58,-179.17434692382812
338,59,-179.17672729492188
336,60,-179.17807006835938
333,61,-179.18093872070312
332,62,-179.18121337890625
330,63,-179.1737518310547
327,64,-179.18353271484375
325,65,-179.1835479736328
323,66,-179.18202209472656
321,67,-179.1573486328125
319,68,-179.1577911376953
317,68,-179.17257690429688
314,70,-179.1701202392578
313,70,-179.17547607421875
310,72,-179.1962127685547
307,72,-179.1740264892578
305,73,-179.16790771484375
303,74,-179.17494201660156
301,74,-179.14593505859375
298,76,-179.12356567382812
369,48,366,50,361,49,364,45,367,44,
366,49,364,51,359,50,362,46,365,44,
365,50,361,52,356,51,359,47,363,46,
362,51,359,52,354,52,357,48,361,46,
360,51,357,53,352,52,355,49,358,48,
358,52,355,53,351,53,353,50,356,49,
356,53,353,54,349,54,352,51,354,49,
353,54,351,55,346,55,349,52,352,51,
351,55,348,57,343,57,346,53,350,51,
350,56,346,58,342,57,344,54,348,52,
347,57,344,58,340,58,343,55,346,53,
345,58,341,60,337,59,340,56,343,54,
342,59,339,61,334,61,337,57,341,56,
341,60,337,62,332,61,335,58,339,56,
338,61,334,63,330,63,333,59,336,58,
336,62,332,64,328,63,331,60,334,58,
333,63,330,65,326,64,329,61,333,59,
331,64,328,66,323,66,326,62,330,60,
329,65,326,67,321,66,324,63,328,61,
328,66,324,67,320,67,322,64,326,62,
325,67,322,68,318,68,321,65,323,63,
323,68,320,69,315,69,318,66,322,64,
321,69,318,70,313,70,316,66,320,65,
319,70,315,71,311,71,313,67,317,65,
317,71,314,72,310,72,312,67,315,66,
314,72,310,74,306,72,308,69,312,67,
311,73,309,74,304,73,307,70,309,69,
310,74,306,76,301,74,304,71,307,69,
308,75,304,76,299,75,302,72,306,70,
306,76,302,77,297,76,300,73,304,71,
303,77,299,78,295,77,297,74,301,72,
Vehicle ID:186
194,160,-78.1038589477539
192,157,-80.59654235839844
191,155,-81.88522338867188
191,151,-83.20995330810547
189,149,-85.72799682617188
188,147,-87.64311981201172
187,145,-89.87226104736328
185,142,-92.47151184082031
184,140,-94.37692260742188
182,138,-96.20777893066406
181,136,-97.8971939086914
179,133,-99.85633850097656
177,130,-101.87568664550781
175,129,-103.28902435302734
173,127,-105.00466918945312
171,124,-106.76869201660156
169,123,-108.2318115234375
167,120,-109.89922332763672
165,119,-111.45714569091797
165,117,-112.39801025390625
162,116,-114.0021743774414
160,115,-115.36376190185547
158,112,-117.01150512695312
155,111,-119.00618743896484
154,110,-119.98809814453125
149,108,-122.59259796142578
148,106,-123.9490737915039
145,105,-125.48578643798828
142,104,-126.84745025634766
140,103,-128.0809326171875
138,102,-129.6922149658203
191,173,186,153,190,147,197,150,201,171,
191,171,185,151,189,146,196,147,200,168,
190,168,184,148,188,143,194,144,200,165,
189,165,183,145,187,140,193,142,199,162,
189,163,181,143,185,138,192,139,199,159,
188,162,180,141,184,136,190,138,198,157,
187,158,179,139,182,134,189,135,197,154,
186,156,177,137,180,131,187,132,196,151,
185,154,175,135,177,129,185,130,195,148,
184,151,174,133,177,127,182,128,194,146,
183,149,172,131,175,125,181,125,193,143,
182,147,170,129,172,122,179,123,190,141,
180,144,168,127,169,121,176,121,189,138,
179,142,166,125,168,119,175,118,187,136,
177,140,164,123,165,117,172,116,186,133,
176,137,162,122,163,115,170,114,184,131,
174,136,160,119,161,114,168,112,182,128,
172,134,157,118,159,111,165,111,180,125,
171,132,156,117,157,110,163,109,179,124,
169,130,154,116,155,109,161,108,177,123,
168,129,152,114,152,107,160,106,175,120,
166,126,149,113,151,106,157,105,173,119,
165,125,148,112,148,105,155,103,171,117,
162,123,145,111,145,103,151,101,169,114,
160,122,143,109,144,103,150,101,167,113,
158,119,139,108,139,101,145,99,163,110,
155,118,137,107,137,100,143,98,161,109,
153,116,135,105,134,99,140,97,159,107,
151,114,132,104,132,98,138,95,156,106,
149,113,130,104,129,97,135,94,154,104,
147,112,128,103,126,96,132,94,151,102,
