time
396.8045485493785
hero_global_pos
5.418777942657471,36.09210968017578
road_id
79
is_junction
False
speed_limit
30.0
speed
19.975418935388813
traffic_light
None
translation_offset
1072.9507172107697,1383.5171184539795
angle
-5.9495849609375
hero_past_trajectory
200,372,-90.3624267578125
199,369,-90.36223602294922
199,367,-90.3622055053711
199,364,-90.3622055053711
199,361,-90.36229705810547
198,358,-90.3624267578125
198,356,-90.36248016357422
198,353,-90.36260223388672
196,349,-90.3626937866211
196,346,-90.36273193359375
196,344,-90.36254119873047
196,341,-90.36229705810547
195,338,-90.36214447021484
195,335,-90.36214447021484
195,333,-90.36214447021484
194,329,-90.33944702148438
194,327,-90.31334686279297
194,324,-90.2967529296875
193,321,-90.19268798828125
193,318,-89.9367904663086
193,315,-89.68841552734375
193,313,-89.2990493774414
193,310,-88.79766845703125
193,307,-88.33834838867188
193,304,-87.85945892333984
192,302,-87.36370086669922
192,299,-86.77698516845703
192,296,-86.09366607666016
193,293,-85.36205291748047
192,291,-84.671142578125
192,288,-84.0504150390625
hero_past_corners
195,384,193,365,199,361,204,364,206,383,
195,381,193,361,198,357,204,360,206,380,
194,378,192,359,198,355,203,358,205,377,
194,376,192,356,198,352,203,355,205,375,
194,372,192,353,196,349,203,352,205,371,
193,369,191,350,196,346,202,349,204,368,
193,367,191,348,196,344,202,347,204,366,
193,365,191,345,196,341,202,344,204,363,
193,361,191,342,195,338,202,341,204,360,
192,358,190,339,195,335,201,338,203,357,
192,355,190,336,195,332,201,335,203,354,
192,353,190,334,194,330,201,333,203,352,
191,350,189,330,194,326,200,329,202,349,
191,347,189,328,194,323,200,326,202,346,
191,344,189,326,193,321,200,324,202,343,
191,341,189,323,193,318,200,321,201,340,
190,338,188,320,193,315,199,318,201,337,
190,336,188,318,193,313,199,316,201,335,
190,333,188,315,192,310,199,312,201,332,
189,330,187,312,192,307,198,310,200,329,
189,328,187,309,192,304,198,307,200,326,
189,325,187,306,192,301,198,304,200,323,
188,322,186,303,192,298,197,302,200,321,
188,319,186,300,192,295,198,298,199,318,
188,316,186,297,191,292,198,296,199,315,
188,314,187,295,192,290,198,294,199,313,
187,312,186,292,192,288,197,291,198,310,
187,308,186,289,192,284,198,288,198,307,
187,305,187,286,192,282,198,285,198,304,
186,303,186,283,192,279,198,283,199,302,
187,300,187,280,193,276,198,280,198,299,
actor_past_trajectory_corners
Vehicle ID:128
221,47,-132.93072509765625
219,45,-132.6878662109375
217,43,-132.62351989746094
216,41,-132.62152099609375
212,40,-132.6690673828125
211,38,-132.67791748046875
209,36,-132.5386199951172
207,34,-132.19619750976562
204,31,-131.71743774414062
202,30,-131.2969207763672
200,28,-130.61602783203125
199,26,-129.95489501953125
197,24,-129.13697814941406
195,22,-128.69537353515625
193,20,-127.7142562866211
191,18,-126.55289459228516
189,16,-125.6567153930664
188,14,-125.04630279541016
185,11,-123.85401153564453
184,9,-122.72168731689453
182,8,-121.71778869628906
181,5,-120.89204406738281
179,3,-119.76468658447266
177,0,-118.55387115478516
176,-1,-117.5566177368164
175,-3,-116.92354583740234
173,-6,-116.09867858886719
171,-8,-115.11460876464844
170,-10,-114.69727325439453
169,-12,-114.40777587890625
167,-15,-113.50434112548828
223,54,217,49,217,43,223,42,228,48,
221,51,215,46,215,41,221,41,226,45,
218,50,214,44,213,39,218,39,224,44,
217,48,212,44,211,38,216,38,222,43,
214,45,209,41,209,36,214,35,219,40,
213,44,207,39,207,34,212,34,217,38,
211,43,206,38,206,32,211,33,216,37,
208,41,204,36,203,30,208,31,214,35,
206,38,201,34,200,28,206,28,211,33,
204,36,198,31,198,26,204,26,208,31,
202,35,196,29,197,24,202,24,207,29,
200,33,195,27,194,22,201,23,205,27,
197,30,193,26,192,21,198,20,203,25,
196,29,192,24,191,19,197,19,202,24,
194,26,189,22,189,16,195,16,199,22,
192,25,187,19,188,14,193,14,197,19,
189,22,185,17,185,11,190,12,195,17,
188,21,184,15,184,10,189,11,194,15,
186,18,181,13,182,8,187,8,192,14,
185,16,180,11,181,5,186,6,190,12,
182,14,178,8,178,3,184,3,188,9,
181,12,177,6,177,0,182,1,187,7,
179,9,175,3,176,-1,181,0,185,5,
178,7,173,1,175,-4,180,-2,183,2,
175,4,172,0,172,-6,179,-4,182,0,
174,2,171,-2,171,-7,177,-6,181,0,
173,0,169,-4,170,-10,176,-9,180,-2,
171,-1,167,-7,169,-13,174,-12,177,-5,
170,-3,166,-10,167,-15,173,-14,176,-8,
168,-6,165,-12,166,-17,171,-15,175,-10,
167,-8,163,-15,165,-20,170,-18,174,-12,
Vehicle ID:156
260,102,-85.02759552001953
260,99,-86.67141723632812
260,97,-88.20795440673828
259,94,-89.66643524169922
259,91,-91.4683837890625
259,88,-93.17284393310547
258,86,-94.24848175048828
257,83,-95.67566680908203
257,80,-97.43817138671875
256,77,-99.1098403930664
254,74,-100.50470733642578
254,72,-101.56226348876953
253,70,-103.18074798583984
251,68,-104.29285430908203
250,64,-105.92521667480469
249,61,-107.36932373046875
248,59,-108.8798599243164
247,57,-110.05101013183594
245,54,-111.61325073242188
244,51,-113.00801086425781
243,49,-114.62577056884766
240,47,-116.03887176513672
239,45,-117.3415756225586
238,42,-118.94585418701172
236,40,-120.44391632080078
234,38,-121.48413848876953
232,36,-122.68230438232422
230,34,-124.44892120361328
229,32,-125.7362060546875
226,30,-126.801513671875
224,28,-128.04673767089844
255,115,255,92,261,89,265,92,266,115,
256,112,255,90,259,86,265,89,266,112,
256,110,255,87,259,83,264,86,266,109,
256,108,253,86,258,81,264,84,266,107,
255,104,253,82,257,77,263,81,266,103,
255,102,252,80,256,74,262,78,266,100,
256,100,252,78,256,73,261,76,266,98,
255,97,250,75,255,70,260,73,265,95,
254,95,249,72,253,66,260,70,265,91,
254,92,249,69,252,64,258,67,264,88,
254,89,247,67,251,62,257,64,263,86,
253,87,246,64,250,59,256,61,263,84,
252,84,245,62,248,56,255,58,262,80,
252,82,244,60,247,55,253,56,262,78,
251,79,242,58,246,52,252,54,260,75,
250,76,241,55,244,49,251,51,259,72,
249,73,240,53,242,46,248,48,259,69,
248,71,239,51,241,45,247,46,257,67,
247,68,236,48,239,42,246,43,256,63,
246,66,235,46,238,40,244,40,255,61,
245,63,233,43,235,37,241,39,254,58,
244,60,232,42,234,35,240,36,252,56,
242,59,229,40,232,34,238,34,251,53,
241,56,227,37,230,31,236,31,250,50,
239,54,226,35,227,29,234,29,247,48,
238,52,225,34,226,28,232,27,246,46,
237,50,223,32,224,26,231,26,245,43,
235,47,220,30,222,23,228,23,243,40,
233,45,218,28,220,22,226,21,241,39,
232,44,216,26,217,20,224,19,239,37,
231,42,215,25,215,18,222,17,238,34,
Vehicle ID:164
155,-4,-165.2754669189453
152,-4,-166.93943786621094
149,-4,-168.1208953857422
147,-5,-168.38661193847656
144,-5,-169.95204162597656
141,-4,-171.96160888671875
139,-5,-173.1964111328125
136,-5,-174.7806854248047
132,-4,-175.454833984375
129,-4,-177.58016967773438
127,-4,-179.58096313476562
124,-4,178.82778930664062
121,-2,176.7176971435547
119,-2,175.32501220703125
116,-2,173.73268127441406
114,0,171.92259216308594
111,0,170.35369873046875
109,0,169.2594757080078
106,1,167.8499298095703
103,3,166.29403686523438
100,4,164.77859497070312
97,4,163.50808715820312
95,6,162.2052001953125
92,7,160.57168579101562
90,9,159.21189880371094
89,9,158.3017578125
86,11,157.150390625
83,13,155.24258422851562
81,14,153.89158630371094
78,16,152.781494140625
76,18,151.3988494873047
166,1,147,-1,144,-6,149,-10,168,-7,
163,0,144,-1,141,-5,146,-10,164,-8,
161,1,142,0,138,-6,143,-10,162,-7,
158,0,139,-1,135,-6,140,-10,159,-8,
155,0,136,-1,132,-5,137,-10,156,-9,
153,0,133,0,129,-5,134,-10,153,-9,
151,0,132,0,127,-5,132,-9,151,-9,
148,0,129,0,124,-5,129,-9,148,-9,
145,0,125,0,121,-4,125,-9,144,-10,
142,0,122,0,118,-3,122,-8,141,-9,
139,0,120,1,115,-3,119,-8,138,-9,
137,0,118,1,113,-1,116,-7,136,-10,
134,0,115,2,109,-1,113,-6,133,-9,
132,0,113,3,108,0,111,-5,130,-9,
129,0,110,4,105,0,108,-4,127,-9,
126,0,107,5,102,2,104,-3,124,-8,
123,1,104,7,99,3,102,-2,121,-7,
121,2,102,7,97,3,99,-1,118,-7,
118,2,99,8,94,5,97,0,115,-6,
115,2,98,9,92,6,94,1,112,-5,
113,4,95,11,89,8,91,2,109,-4,
110,5,92,12,87,9,89,3,106,-3,
107,5,90,13,85,11,86,4,103,-2,
105,6,87,14,82,12,83,7,100,-1,
102,8,85,17,79,14,81,8,99,0,
100,8,83,18,78,15,79,9,97,0,
99,9,82,19,75,17,77,10,94,2,
96,10,79,21,72,19,74,13,91,3,
93,12,77,23,71,20,72,14,88,4,
91,13,75,24,69,22,69,16,86,5,
89,14,73,26,67,24,67,17,83,7,
Vehicle ID:169
-32,109,164.36758422851562
-33,109,165.39797973632812
-34,111,166.0971221923828
-36,111,166.74887084960938
-37,111,167.4144287109375
-38,111,167.77821350097656
-38,111,167.92697143554688
-38,111,167.95379638671875
-38,111,167.95382690429688
-38,111,167.9537353515625
-38,111,167.95372009277344
-38,111,167.9536590576172
-38,111,167.9536590576172
-38,111,167.9536895751953
-38,111,167.95372009277344
-38,111,167.95372009277344
-38,111,167.95372009277344
-38,111,167.9537353515625
-38,111,167.9537353515625
-38,111,167.9537353515625
-38,111,167.9537353515625
-38,111,167.9537353515625
-38,111,167.9537353515625
-38,111,167.9537353515625
-38,111,167.9537353515625
-38,111,167.9537353515625
-38,111,167.9537353515625
-38,111,167.9537353515625
-38,111,167.9537353515625
-38,111,167.9537353515625
-38,111,167.9537353515625
-21,110,-34,116,-40,113,-38,107,-24,102,
-22,111,-36,117,-41,113,-40,107,-25,102,
-23,111,-38,117,-43,114,-41,107,-26,103,
-24,113,-39,117,-44,114,-42,107,-28,103,
-26,113,-41,117,-45,114,-44,109,-29,103,
-27,113,-41,117,-46,114,-44,109,-30,103,
-27,113,-42,117,-47,114,-45,109,-30,104,
-27,113,-42,117,-47,114,-45,109,-30,104,
-27,113,-42,117,-47,114,-45,109,-30,104,
-27,113,-42,117,-47,114,-45,109,-30,104,
-27,113,-42,117,-47,114,-45,109,-30,104,
-27,113,-42,117,-47,114,-45,109,-30,104,
-27,113,-42,117,-47,114,-45,109,-30,104,
-27,113,-42,117,-47,114,-45,109,-30,104,
-27,113,-42,117,-47,114,-45,109,-30,104,
-27,113,-42,117,-47,114,-45,109,-30,104,
-27,113,-42,117,-47,114,-45,109,-30,104,
-27,113,-42,117,-47,114,-45,109,-30,104,
-27,113,-42,117,-47,114,-45,109,-30,104,
-27,113,-42,117,-47,114,-45,109,-30,104,
-27,113,-42,117,-47,114,-45,109,-30,104,
-27,113,-42,117,-47,114,-45,109,-30,104,
-27,113,-42,117,-47,114,-45,109,-30,104,
-27,113,-42,117,-47,114,-45,109,-30,104,
-27,113,-42,117,-47,114,-45,109,-30,104,
-27,113,-42,117,-47,114,-45,109,-30,104,
-27,113,-42,117,-47,114,-45,109,-30,104,
-27,113,-42,117,-47,114,-45,109,-30,104,
-27,113,-42,117,-47,114,-45,109,-30,104,
-27,113,-42,117,-47,114,-45,109,-30,104,
-27,113,-42,117,-47,114,-45,109,-30,104,
Vehicle ID:171
490,53,-179.08544921875
487,53,-179.08639526367188
485,53,-179.10870361328125
483,54,-179.1499481201172
480,54,-179.18994140625
477,54,-179.18775939941406
476,54,-179.1797637939453
473,55,-179.1753387451172
470,55,-179.1791229248047
468,55,-179.17738342285156
465,55,-179.18707275390625
463,56,-179.21316528320312
460,56,-179.15487670898438
458,56,-179.14727783203125
456,56,-179.14108276367188
453,57,-179.1634521484375
451,57,-179.18629455566406
449,57,-179.1740264892578
446,56,-179.18186950683594
444,57,-179.17127990722656
441,57,-179.18690490722656
439,57,-179.19332885742188
436,57,-179.1848907470703
434,58,-179.14950561523438
431,58,-179.14967346191406
430,58,-179.1604766845703
427,58,-179.1487579345703
424,59,-179.1734161376953
422,59,-179.19786071777344
421,59,-179.1830291748047
419,59,-179.19354248046875
494,54,490,55,486,53,490,51,494,50,
491,55,487,55,483,54,488,51,491,51,
489,55,485,55,481,54,485,51,489,51,
487,55,483,56,479,54,483,52,487,51,
484,55,480,56,476,54,480,52,484,51,
481,56,479,56,474,54,478,52,481,52,
480,56,477,56,472,55,476,52,480,52,
478,56,475,56,470,55,474,52,477,52,
475,56,471,57,466,55,470,53,474,52,
472,57,469,57,464,56,468,53,471,53,
470,57,466,57,461,56,465,53,469,53,
468,57,464,58,459,56,463,54,467,53,
465,58,462,58,457,56,461,54,464,54,
463,58,459,58,454,57,458,54,462,54,
461,58,457,58,452,57,456,53,460,54,
458,58,454,59,449,57,453,54,457,53,
455,59,452,59,447,56,451,54,454,54,
453,59,450,59,445,56,449,54,453,54,
451,59,447,59,442,57,446,54,450,54,
448,59,445,60,440,57,444,55,447,54,
446,59,442,60,437,57,441,55,445,55,
443,60,440,60,435,58,439,55,443,55,
441,60,437,60,432,58,436,55,440,55,
438,60,435,60,430,58,434,56,438,55,
436,60,433,60,428,58,432,56,435,56,
434,60,431,60,426,58,430,56,433,56,
432,60,429,60,424,59,428,56,431,56,
429,60,426,61,421,59,425,57,428,56,
427,60,423,61,419,59,422,57,426,56,
425,61,421,61,417,59,420,57,424,57,
422,61,419,61,415,60,418,57,422,57,
Vehicle ID:186
226,165,-44.09299850463867
228,163,-46.276153564453125
229,160,-48.3176383972168
231,158,-50.37327575683594
232,155,-52.843544006347656
233,152,-54.79216766357422
234,151,-56.17058181762695
236,148,-58.06328582763672
237,145,-60.2042350769043
238,141,-62.223388671875
239,138,-63.91289138793945
240,136,-65.1985092163086
240,133,-67.18550109863281
241,130,-69.01582336425781
242,128,-70.23785400390625
242,124,-71.90764617919922
242,122,-72.22297668457031
243,119,-73.03065490722656
243,116,-74.05821228027344
243,114,-75.45137023925781
244,111,-78.1038589477539
244,108,-80.59654235839844
243,105,-81.88522338867188
244,102,-83.20995330810547
243,99,-85.72799682617188
242,97,-87.64311981201172
242,95,-89.87226104736328
242,91,-92.47151184082031
241,89,-94.37692260742188
240,86,-96.20777893066406
239,84,-97.8971939086914
214,171,227,155,234,155,236,162,223,178,
216,169,229,152,236,153,238,159,225,176,
218,168,230,150,237,150,239,156,226,174,
219,165,231,148,238,148,240,154,228,172,
221,163,232,145,238,144,241,150,231,168,
223,160,233,142,240,141,243,147,233,166,
224,159,234,140,240,139,243,145,233,164,
226,157,235,138,242,136,244,143,235,162,
227,154,235,134,242,133,246,139,237,158,
228,151,236,132,243,130,246,136,238,154,
230,148,237,129,244,127,247,132,239,152,
231,146,237,126,243,124,247,129,241,150,
231,143,237,123,244,121,248,126,242,146,
232,141,238,120,245,118,248,123,243,144,
233,139,238,118,244,116,249,120,243,141,
234,136,238,115,244,112,249,117,245,138,
234,133,239,112,245,110,249,114,245,135,
235,131,239,110,245,106,250,112,245,133,
236,128,240,107,245,103,250,108,247,129,
236,125,239,104,246,100,250,106,247,126,
237,122,239,101,245,98,250,102,247,123,
238,120,239,99,244,96,250,99,248,120,
238,117,238,96,244,93,249,96,249,117,
238,114,238,93,244,90,249,93,248,114,
238,112,238,90,242,87,249,90,249,111,
238,110,237,88,242,85,248,88,249,109,
239,107,236,86,241,82,247,85,249,106,
238,104,235,83,240,79,246,82,249,103,
238,102,234,81,238,76,245,79,249,100,
238,99,234,79,238,74,243,77,249,97,
237,97,232,77,237,71,243,74,248,94,
