time
389.31820767736644
hero_global_pos
5.154162406921387,78.55738830566406
road_id
33
is_junction
False
speed_limit
30.0
speed
19.96388488093595
traffic_light
None
translation_offset
1061.3922385275364,1594.0019283294678
angle
0.36273193359375
hero_past_trajectory
192,373,-90.36272430419922
192,370,-90.36248016357422
192,367,-90.36227416992188
193,364,-90.36216735839844
193,361,-90.3622055053711
193,358,-90.36229705810547
193,356,-90.36239624023438
193,353,-90.36251068115234
193,350,-90.36260223388672
193,347,-90.3626937866211
193,344,-90.36273193359375
193,341,-90.36251068115234
193,339,-90.36227416992188
193,336,-90.3622055053711
193,333,-90.36216735839844
193,330,-90.36227416992188
193,328,-90.3623275756836
193,325,-90.3624267578125
193,322,-90.36254119873047
193,319,-90.36262512207031
193,316,-90.36273193359375
193,313,-90.36273193359375
193,310,-90.36254119873047
193,307,-90.3623275756836
193,305,-90.36227416992188
193,302,-90.36227416992188
193,299,-90.36235809326172
192,297,-90.36244201660156
192,294,-90.36254119873047
192,291,-90.36266326904297
192,288,-90.36273193359375
hero_past_corners
186,385,187,365,193,361,199,365,198,384,
186,381,187,362,193,358,199,362,198,381,
186,378,187,359,193,355,199,359,198,378,
186,375,187,356,193,352,199,356,198,375,
186,373,187,354,193,349,199,353,198,373,
186,370,187,351,193,347,198,351,198,370,
186,367,187,348,193,344,198,348,198,367,
187,364,187,345,193,341,198,345,199,364,
187,362,187,342,193,338,198,342,199,362,
187,359,187,339,193,335,198,339,199,359,
187,356,187,337,193,333,198,337,199,356,
187,353,187,334,193,330,198,334,198,353,
187,350,187,331,193,327,198,331,198,350,
187,348,187,329,193,325,198,329,198,348,
187,345,187,326,193,322,198,325,198,345,
187,342,187,323,193,319,198,323,198,342,
187,339,187,320,193,316,198,320,198,339,
187,337,187,318,193,314,198,318,198,337,
187,334,187,314,193,310,198,314,198,334,
187,331,187,312,193,308,198,312,198,331,
187,328,187,309,193,305,198,309,198,328,
187,325,187,306,193,302,198,306,198,325,
187,322,187,303,193,299,198,303,198,322,
187,319,187,300,192,296,198,300,198,319,
187,317,187,298,192,294,198,298,198,317,
187,314,187,295,192,291,198,295,198,314,
187,311,187,292,192,288,198,292,198,311,
187,309,187,289,192,285,198,289,198,309,
187,306,187,287,192,283,198,287,198,306,
187,302,187,283,192,279,198,283,198,302,
187,299,187,280,192,276,198,280,198,299,
actor_past_trajectory_corners
Vehicle ID:116
118,139,89.65691375732422
118,142,89.66163635253906
118,145,89.66259002685547
118,148,89.6626205444336
118,151,89.66206359863281
118,154,89.65995025634766
118,157,89.65731048583984
118,160,89.65474700927734
118,162,89.6528091430664
118,165,89.65034484863281
118,168,89.64869689941406
118,171,89.64801788330078
118,174,89.6467514038086
118,176,89.64559936523438
118,179,89.64386749267578
118,182,89.64256286621094
118,184,89.6415023803711
118,187,89.64060974121094
118,190,89.63971710205078
118,193,89.63996124267578
118,196,89.6402816772461
118,199,89.639892578125
118,202,89.63923645019531
118,205,89.63858032226562
118,207,89.63810729980469
117,210,89.63760375976562
117,213,89.63729095458984
117,215,89.63717651367188
117,218,89.63790130615234
117,222,89.63837432861328
117,225,89.63821411132812
122,130,122,145,118,149,113,144,113,129,
122,133,122,148,118,152,113,147,113,132,
122,136,122,151,118,155,113,150,113,135,
122,139,122,154,118,158,113,153,113,138,
122,142,122,156,118,160,113,155,113,141,
122,145,122,159,118,163,113,158,113,144,
122,147,122,162,118,166,113,161,113,146,
122,150,122,165,118,169,113,164,113,149,
122,153,122,168,118,172,113,167,113,152,
122,156,122,170,118,174,113,170,113,155,
122,159,122,173,118,177,113,172,113,158,
122,161,122,176,118,180,113,175,113,161,
122,164,122,179,118,183,113,178,113,163,
122,167,122,181,118,185,113,180,113,166,
122,170,122,184,118,189,113,184,113,169,
122,173,122,187,118,191,113,186,113,172,
122,175,122,190,118,194,113,189,113,174,
122,178,122,192,118,196,113,191,113,177,
122,181,122,195,118,199,113,194,113,180,
122,183,122,198,118,202,113,197,113,182,
122,186,122,201,118,205,113,200,113,186,
122,190,122,204,118,208,113,204,113,189,
122,193,122,207,117,211,113,206,113,192,
122,196,121,210,117,214,112,209,113,195,
122,198,121,213,117,217,112,212,113,197,
122,201,121,215,117,220,113,216,113,200,
122,204,121,218,117,222,113,218,113,203,
122,206,121,221,117,225,113,221,113,205,
122,209,122,223,117,227,113,223,113,208,
121,212,122,227,117,231,113,227,112,211,
121,215,122,230,117,234,113,230,112,214,
Vehicle ID:156
133,7,20.858938217163086
136,8,18.874937057495117
139,9,17.02960777282715
142,9,15.312833786010742
145,10,14.011602401733398
147,10,12.697822570800781
150,11,11.811907768249512
153,11,10.557205200195312
155,11,8.95084285736084
158,12,7.160336971282959
161,12,6.009767055511475
164,12,4.592465400695801
167,12,2.768346071243286
169,12,1.5253320932388306
172,12,-0.3897399306297302
175,12,-2.064972162246704
178,11,-3.476104974746704
180,11,-4.724642276763916
183,11,-6.466375350952148
186,10,-7.90457820892334
189,10,-9.422224044799805
192,9,-10.89991569519043
195,8,-12.495623588562012
198,7,-14.005785942077637
200,7,-15.062397003173828
203,6,-16.457901000976562
205,5,-17.970922470092773
208,4,-19.23434829711914
210,3,-20.52480697631836
213,1,-22.29704475402832
216,0,-23.872173309326172
122,-2,144,5,146,12,140,15,119,7,
125,0,147,6,149,12,143,16,122,8,
128,0,149,6,152,12,146,16,125,10,
130,1,152,7,155,13,150,17,128,11,
133,2,155,7,158,13,152,17,130,12,
135,2,158,7,160,13,155,17,133,12,
138,3,160,8,163,14,158,18,136,13,
141,4,163,8,166,14,161,18,139,14,
143,4,165,8,169,14,164,18,141,14,
146,5,168,8,172,13,167,18,144,15,
149,5,171,8,175,13,170,18,147,16,
151,6,174,8,177,13,173,18,150,16,
154,6,177,7,180,13,176,18,153,17,
156,7,179,7,183,12,178,17,156,17,
159,7,182,7,186,12,182,17,159,17,
161,7,184,6,188,11,185,16,162,17,
164,7,187,6,191,11,187,16,164,17,
166,7,189,5,193,10,190,15,167,17,
169,7,192,4,197,9,193,15,171,17,
172,7,195,4,199,8,196,14,173,17,
175,7,197,3,202,7,199,13,176,17,
178,6,200,2,205,6,202,12,180,16,
181,6,203,1,208,5,205,11,183,16,
183,6,206,0,211,4,208,10,186,16,
186,5,208,0,213,3,210,9,188,15,
188,5,210,-1,216,2,213,8,191,14,
191,4,213,-2,218,1,216,7,194,14,
193,3,215,-3,220,0,218,6,197,13,
196,3,217,-4,223,-1,221,4,199,12,
199,2,220,-6,226,-3,224,3,203,11,
202,1,222,-7,228,-4,227,1,206,10,
Vehicle ID:186
72,-77,76.29694366455078
72,-74,75.95680236816406
73,-71,74.65091705322266
74,-68,72.1973876953125
76,-66,69.99562072753906
77,-63,67.93248748779297
78,-61,66.05016326904297
80,-58,63.86700439453125
81,-56,62.18149948120117
83,-53,60.41817092895508
84,-51,59.70516586303711
86,-48,59.68354034423828
87,-46,58.89712905883789
88,-44,57.23645782470703
90,-42,54.46761703491211
92,-40,52.362762451171875
94,-38,50.60844039916992
96,-36,48.88593292236328
98,-34,46.70907974243164
100,-32,45.20389175415039
102,-30,43.48157501220703
105,-28,41.48745346069336
107,-26,39.9349365234375
110,-24,38.46986389160156
112,-23,37.13277053833008
114,-21,35.533058166503906
117,-19,34.21342086791992
119,-18,32.8499870300293
121,-16,31.17127799987793
124,-15,29.370140075683594
127,-13,27.99723243713379
74,-90,79,-70,75,-65,68,-67,63,-88,
75,-87,80,-67,76,-61,69,-64,64,-85,
75,-84,81,-64,77,-59,70,-61,65,-82,
76,-82,82,-61,78,-56,72,-58,65,-78,
76,-79,84,-59,80,-54,73,-56,66,-76,
77,-77,85,-57,82,-51,75,-53,67,-73,
78,-74,86,-55,83,-49,77,-51,68,-70,
79,-72,88,-53,85,-47,78,-48,69,-67,
80,-69,90,-51,87,-45,80,-46,70,-64,
81,-67,91,-48,89,-42,82,-43,72,-62,
82,-64,93,-46,90,-40,84,-41,73,-59,
84,-62,95,-43,92,-37,85,-38,75,-56,
85,-59,96,-41,93,-35,87,-36,76,-54,
86,-58,97,-40,95,-34,88,-34,77,-52,
87,-55,100,-38,98,-31,91,-32,79,-49,
89,-53,102,-36,100,-30,93,-30,80,-46,
90,-51,104,-35,102,-28,95,-28,82,-44,
91,-49,105,-33,104,-26,97,-26,83,-42,
93,-47,108,-31,107,-25,100,-24,86,-39,
95,-45,110,-30,109,-23,102,-22,87,-37,
97,-42,112,-28,112,-21,105,-20,90,-35,
99,-40,115,-25,115,-18,108,-18,92,-32,
101,-38,118,-24,117,-17,111,-16,94,-30,
103,-36,120,-22,120,-15,113,-15,97,-28,
105,-35,122,-21,122,-14,115,-12,98,-26,
107,-33,124,-20,124,-13,118,-11,101,-24,
109,-31,127,-19,127,-12,121,-10,103,-23,
111,-30,129,-18,129,-11,123,-8,105,-21,
113,-28,131,-17,132,-10,126,-7,108,-19,
116,-26,134,-15,135,-9,129,-6,111,-17,
118,-24,137,-14,138,-8,132,-5,113,-16,
