time
392.9293280126585
hero_global_pos
5.025310516357422,58.194583892822266
road_id
33
is_junction
False
speed_limit
30.0
speed
20.571768636072942
traffic_light
None
translation_offset
1061.3931198567152,1494.0019454956055
angle
0.36220550537109375
hero_past_trajectory
191,371,-90.36229705810547
191,368,-90.36239624023438
192,365,-90.36248016357422
192,362,-90.36260223388672
192,359,-90.3626937866211
192,357,-90.36273193359375
192,355,-90.36262512207031
192,352,-90.36235809326172
192,348,-90.3622055053711
192,346,-90.3622055053711
192,344,-90.36223602294922
192,340,-90.36235809326172
192,337,-90.36248016357422
192,334,-90.3625717163086
192,332,-90.36262512207031
192,330,-90.3626937866211
192,326,-90.36273193359375
192,323,-90.36248016357422
192,320,-90.36227416992188
192,317,-90.36214447021484
192,314,-90.36216735839844
192,312,-90.36229705810547
192,309,-90.36239624023438
192,307,-90.36244201660156
192,304,-90.36254119873047
192,300,-90.36266326904297
192,298,-90.36273193359375
192,295,-90.36273193359375
192,293,-90.36260223388672
192,290,-90.3623275756836
192,288,-90.3622055053711
hero_past_corners
186,382,187,363,192,359,198,363,197,382,
186,380,187,360,192,356,198,360,197,380,
186,377,187,358,192,354,198,358,197,377,
186,374,187,355,192,351,198,355,197,374,
186,371,187,352,192,348,198,352,197,371,
186,368,187,349,192,345,198,349,197,368,
187,366,187,347,192,343,198,347,198,366,
187,363,187,344,192,340,198,344,198,363,
187,360,186,341,192,337,198,341,198,360,
187,358,186,339,192,335,198,339,198,358,
187,355,186,336,192,332,198,336,198,355,
187,351,186,332,192,328,198,332,198,351,
187,348,186,329,192,325,198,329,198,348,
187,346,186,327,192,322,198,326,198,346,
187,343,186,324,192,320,198,324,198,343,
186,342,186,322,192,318,198,322,198,342,
186,337,186,318,192,314,198,318,198,337,
186,335,186,316,192,312,198,315,198,335,
186,332,186,313,192,309,198,313,198,332,
186,329,186,310,192,306,198,310,198,329,
186,326,186,307,192,303,198,307,198,326,
186,323,186,304,192,300,198,304,198,323,
186,320,186,301,192,297,198,301,198,320,
186,318,186,299,192,295,198,299,198,318,
186,316,186,296,192,292,198,296,198,315,
186,312,186,293,192,289,197,293,198,312,
186,310,186,291,192,287,197,291,198,310,
186,307,186,288,192,283,197,287,198,307,
186,305,186,286,192,282,197,286,198,305,
186,302,186,283,192,279,197,283,198,302,
186,299,186,280,192,276,197,280,198,299,
actor_past_trajectory_corners
Vehicle ID:116
117,342,89.63832092285156
117,344,89.6386947631836
117,347,89.63854217529297
117,350,89.63809967041016
117,353,89.63761901855469
117,356,89.63724517822266
117,358,89.6369857788086
117,361,89.63676452636719
117,364,89.63668060302734
117,366,89.63722229003906
116,369,89.63803100585938
116,373,89.63814544677734
116,376,89.63787841796875
116,379,89.63750457763672
116,381,89.63729095458984
116,383,89.63709259033203
116,387,89.63677215576172
116,390,89.6373519897461
116,392,89.6382064819336
116,396,89.63842010498047
117,398,89.63814544677734
117,401,89.63777160644531
117,404,89.63738250732422
117,406,89.63716125488281
117,409,89.63689422607422
117,412,89.63679504394531
117,414,89.63737487792969
117,418,89.63803100585938
117,420,89.6380615234375
117,422,89.63783264160156
117,425,89.63751983642578
122,332,122,347,117,351,113,346,113,331,
122,335,122,350,117,354,113,349,113,334,
122,338,122,352,117,356,113,351,113,337,
122,341,122,356,117,360,113,355,113,340,
122,344,122,358,117,362,113,357,113,343,
122,347,122,361,117,365,113,360,113,346,
122,349,122,363,117,367,113,362,113,348,
122,352,122,366,116,370,113,365,113,351,
122,355,121,370,116,374,112,369,113,354,
122,357,121,371,116,375,112,370,113,356,
122,360,121,374,116,378,112,373,113,359,
122,363,121,378,116,382,112,377,113,362,
122,366,121,381,116,385,112,380,113,366,
121,369,121,384,116,388,112,383,112,368,
121,371,121,386,116,390,112,385,112,371,
121,373,121,388,116,392,112,387,112,372,
121,378,121,392,116,396,112,391,112,377,
121,380,121,395,117,399,112,394,112,379,
121,383,121,398,117,402,112,397,112,382,
121,386,121,401,117,405,112,400,112,385,
121,389,121,404,117,408,112,403,112,388,
121,392,121,406,117,410,112,405,112,391,
121,395,121,409,117,413,112,408,112,394,
121,397,121,411,117,415,112,410,112,396,
121,399,121,414,117,418,112,413,112,398,
121,403,121,417,117,421,112,416,112,402,
121,405,121,419,117,424,112,419,112,404,
121,408,121,423,117,427,112,422,112,407,
121,410,121,425,117,429,112,424,112,409,
121,413,121,428,117,432,112,427,112,412,
121,416,121,430,117,434,112,429,112,415,
Vehicle ID:128
348,-26,-178.92396545410156
345,-26,-178.8758087158203
343,-27,-178.83152770996094
340,-27,-178.762451171875
337,-27,-178.7016143798828
334,-27,-178.65097045898438
332,-27,-178.60743713378906
329,-27,-178.5391845703125
326,-27,-178.4615936279297
324,-27,-178.42822265625
321,-27,-178.35093688964844
318,-27,-178.21888732910156
315,-27,-178.1211395263672
312,-27,-177.9267578125
310,-28,-177.64588928222656
308,-28,-177.41415405273438
303,-28,-177.0934295654297
301,-28,-176.19581604003906
298,-29,-174.51658630371094
295,-29,-172.18057250976562
293,-30,-169.64443969726562
290,-30,-167.01844787597656
287,-31,-164.696044921875
285,-32,-163.1823272705078
283,-33,-160.9442138671875
280,-34,-158.08370971679688
278,-35,-156.58309936523438
275,-36,-154.3146514892578
273,-37,-152.75531005859375
271,-40,-150.3738555908203
268,-41,-148.32496643066406
354,-23,346,-23,343,-27,347,-30,354,-30,
351,-23,344,-23,340,-27,344,-30,351,-30,
348,-23,341,-23,337,-27,341,-30,348,-30,
345,-23,338,-23,334,-27,338,-30,345,-30,
342,-23,335,-23,331,-27,335,-30,342,-30,
340,-23,333,-23,329,-27,333,-30,340,-30,
338,-23,330,-23,327,-27,331,-31,338,-30,
335,-23,328,-23,324,-27,328,-31,335,-30,
331,-23,324,-23,320,-27,324,-31,331,-31,
329,-23,322,-23,318,-27,323,-31,330,-31,
327,-23,320,-23,316,-27,320,-31,327,-31,
323,-23,316,-24,312,-27,316,-31,323,-31,
320,-23,313,-24,309,-27,313,-31,320,-31,
317,-24,310,-24,306,-28,310,-31,317,-31,
315,-24,308,-24,304,-28,308,-31,315,-31,
313,-24,306,-24,302,-28,306,-31,313,-31,
309,-24,302,-24,298,-28,302,-32,309,-31,
306,-24,299,-25,295,-28,300,-32,307,-31,
303,-24,296,-25,293,-29,297,-32,304,-32,
300,-25,293,-26,290,-30,294,-33,301,-32,
297,-25,290,-26,287,-31,292,-34,299,-32,
294,-25,288,-27,285,-32,289,-34,296,-33,
291,-26,285,-28,282,-33,287,-35,293,-33,
289,-27,283,-29,280,-33,285,-36,292,-34,
287,-27,280,-30,278,-35,282,-37,289,-34,
283,-29,277,-31,274,-36,280,-38,286,-35,
281,-29,275,-32,273,-37,278,-39,284,-36,
278,-31,272,-35,270,-40,275,-40,281,-37,
276,-32,270,-36,268,-41,273,-41,280,-38,
274,-33,268,-37,266,-43,271,-44,277,-39,
271,-35,265,-39,264,-44,269,-45,275,-41,
Vehicle ID:156
230,92,-31.584856033325195
232,90,-33.40242004394531
234,88,-34.8997917175293
237,86,-36.563289642333984
239,85,-38.11496353149414
241,83,-39.48594284057617
242,81,-40.389156341552734
244,79,-41.53361892700195
247,77,-43.236026763916016
248,76,-44.07184600830078
250,74,-45.20375442504883
253,71,-46.12982177734375
255,69,-46.323795318603516
256,66,-47.56705856323242
258,65,-48.90337371826172
259,63,-49.979984283447266
261,60,-52.79438400268555
263,57,-54.366268157958984
264,55,-55.84415817260742
266,52,-57.377662658691406
268,50,-58.89274215698242
270,48,-60.34284591674805
271,45,-61.65751266479492
272,43,-62.5712776184082
273,42,-64.02967071533203
274,38,-65.82661437988281
275,36,-66.78144073486328
276,33,-68.20405578613281
277,32,-69.21392059326172
277,29,-70.74545288085938
278,26,-72.0881576538086
216,94,235,82,241,85,240,91,221,103,
218,93,237,80,243,83,243,89,224,102,
220,92,239,79,245,81,245,87,226,100,
223,90,241,77,247,78,247,85,229,99,
225,89,243,75,249,76,249,83,231,97,
227,87,245,73,251,74,251,81,234,95,
229,86,246,71,252,73,253,79,235,94,
231,84,248,69,254,71,255,77,238,92,
233,82,250,67,257,68,257,74,241,90,
235,81,251,65,258,66,258,73,242,89,
237,79,253,63,259,64,260,70,244,87,
240,77,255,60,262,61,263,68,247,84,
242,75,258,58,264,59,265,65,249,82,
244,73,259,56,265,57,267,63,251,80,
245,71,260,54,267,55,268,61,253,78,
246,70,261,53,268,53,269,59,254,77,
249,67,264,49,271,49,271,55,257,73,
251,65,265,47,272,47,273,54,259,71,
253,63,266,44,273,45,275,51,261,69,
254,61,268,42,274,42,276,48,263,66,
256,59,269,39,275,40,278,46,265,64,
257,57,270,37,276,37,279,43,266,62,
259,54,271,34,277,34,280,40,268,59,
260,53,272,32,278,32,281,38,269,57,
262,50,272,30,279,30,282,35,271,55,
264,48,273,28,280,26,283,32,272,53,
265,46,274,26,280,24,283,30,274,51,
266,43,275,23,281,21,284,27,276,48,
267,41,275,21,281,19,285,25,277,46,
268,39,276,18,282,16,285,22,278,43,
269,36,276,16,282,13,286,19,279,41,
Vehicle ID:169
82,-77,149.0793914794922
80,-76,148.53990173339844
77,-74,148.07492065429688
75,-72,147.60740661621094
72,-71,147.21136474609375
70,-69,146.79666137695312
68,-68,146.522705078125
66,-67,146.20474243164062
63,-65,145.77000427246094
62,-64,145.54998779296875
59,-62,145.2623291015625
56,-60,144.92457580566406
54,-58,144.65367126464844
52,-56,144.45382690429688
50,-55,144.40614318847656
48,-54,144.3994598388672
45,-52,144.2395782470703
43,-50,144.081787109375
41,-48,144.16029357910156
38,-47,144.32275390625
36,-45,144.45187377929688
34,-43,144.95228576660156
31,-42,145.57028198242188
29,-41,145.97486877441406
27,-39,146.52023315429688
24,-38,147.74191284179688
22,-36,148.44085693359375
19,-35,149.40296936035156
18,-34,150.10987854003906
15,-33,151.42002868652344
13,-31,152.55654907226562
93,-78,80,-70,74,-72,75,-78,88,-86,
90,-76,77,-68,71,-71,72,-77,85,-85,
88,-75,75,-67,69,-69,70,-75,83,-83,
85,-73,73,-65,67,-67,67,-74,80,-82,
83,-72,70,-64,64,-66,65,-72,78,-80,
81,-70,68,-62,62,-64,63,-70,75,-79,
79,-69,67,-61,60,-63,61,-69,74,-78,
77,-68,64,-59,58,-61,59,-68,71,-76,
74,-66,61,-57,55,-59,56,-66,68,-74,
72,-65,60,-56,54,-58,54,-64,67,-73,
70,-63,58,-55,52,-57,52,-63,64,-71,
67,-61,55,-53,49,-54,49,-61,61,-69,
65,-60,52,-51,46,-53,47,-59,59,-68,
62,-58,50,-49,44,-51,44,-57,57,-66,
61,-57,48,-48,42,-50,43,-56,55,-65,
59,-56,47,-47,41,-49,41,-55,53,-64,
55,-53,43,-44,37,-46,38,-52,50,-61,
53,-52,41,-43,35,-44,35,-51,48,-60,
51,-50,39,-41,33,-43,33,-49,45,-58,
49,-48,36,-39,30,-41,31,-47,43,-56,
46,-47,34,-38,28,-40,29,-46,41,-55,
44,-45,32,-36,26,-38,26,-44,39,-53,
42,-43,29,-35,23,-37,24,-43,36,-51,
40,-42,28,-34,22,-35,22,-42,35,-50,
38,-40,25,-32,19,-34,20,-40,32,-49,
35,-38,22,-30,16,-32,17,-39,30,-47,
33,-37,20,-29,14,-32,15,-38,28,-46,
30,-35,17,-28,11,-30,12,-36,25,-44,
28,-34,15,-27,9,-29,10,-35,24,-43,
26,-33,13,-26,7,-28,8,-34,21,-42,
23,-31,10,-25,4,-27,6,-33,19,-40,
Vehicle ID:186
142,91,18.384937286376953
144,92,16.608871459960938
147,93,15.02937126159668
150,93,14.537114143371582
153,94,13.22286605834961
155,94,10.99387264251709
157,94,9.620715141296387
160,95,8.88812255859375
164,95,5.989523887634277
166,95,4.318114280700684
169,95,1.8739252090454102
173,94,-1.062561273574829
176,94,-3.280578851699829
179,94,-5.243868350982666
181,93,-6.711065292358398
183,93,-7.822120666503906
187,92,-10.710801124572754
190,91,-12.261188507080078
192,90,-13.873251914978027
195,89,-15.84623908996582
198,88,-17.38409996032715
201,87,-18.914859771728516
203,86,-20.72307777404785
205,85,-21.952442169189453
208,84,-23.343883514404297
211,83,-23.652137756347656
213,82,-23.883344650268555
216,80,-26.250682830810547
217,79,-27.911945343017578
219,77,-30.2125301361084
222,76,-32.19447708129883
131,82,152,89,154,95,148,99,128,93,
134,83,154,89,156,96,151,100,131,94,
136,84,157,90,159,96,154,100,133,95,
139,85,160,90,162,96,157,101,136,95,
142,86,162,91,165,97,160,101,139,96,
144,86,165,90,168,97,163,101,142,97,
146,87,167,90,170,96,165,101,144,98,
149,87,170,91,173,97,168,101,147,98,
152,88,173,90,177,96,172,101,151,99,
154,89,175,90,178,96,174,101,153,99,
156,89,178,90,181,95,177,100,156,100,
160,89,181,89,185,94,181,100,160,100,
163,89,184,88,188,93,185,99,163,100,
165,89,187,88,191,93,188,98,166,100,
168,89,189,87,193,92,190,98,169,100,
169,89,190,86,195,91,192,97,171,100,
174,89,195,85,199,90,197,96,176,100,
176,89,197,84,202,88,199,95,178,99,
179,88,199,83,205,87,202,94,181,99,
182,88,202,82,207,86,205,92,185,98,
184,87,205,81,210,85,208,91,187,97,
187,86,207,79,212,83,210,90,190,97,
189,86,209,78,215,82,213,88,193,96,
191,85,211,77,217,81,215,87,195,95,
194,84,213,76,219,79,218,86,198,94,
197,83,216,74,222,78,221,84,201,93,
199,82,218,73,224,77,223,83,203,92,
202,81,221,71,227,75,226,81,207,91,
203,80,222,70,228,73,227,80,209,90,
206,79,224,68,230,71,230,78,211,89,
208,78,226,67,232,69,232,76,214,87,
