time
397.4240299918747
hero_global_pos
6.030522346496582,32.85395050048828
road_id
79
is_junction
False
speed_limit
30.0
speed
20.546477835310274
traffic_light
None
translation_offset
1084.034481048584,1367.7091979980469
angle
-10.827873229980469
hero_past_trajectory
204,372,-90.36248016357422
203,369,-90.36260223388672
202,366,-90.3626937866211
201,363,-90.36273193359375
201,361,-90.36254119873047
200,358,-90.36229705810547
200,355,-90.36214447021484
199,352,-90.36214447021484
199,350,-90.36214447021484
198,346,-90.33944702148438
198,344,-90.31334686279297
197,341,-90.2967529296875
196,338,-90.19268798828125
196,335,-89.9367904663086
195,332,-89.68841552734375
195,330,-89.2990493774414
195,327,-88.79766845703125
195,324,-88.33834838867188
194,321,-87.85945892333984
194,319,-87.36370086669922
193,316,-86.77698516845703
193,313,-86.09366607666016
193,310,-85.36205291748047
193,308,-84.671142578125
192,305,-84.0504150390625
193,302,-83.19664001464844
192,299,-82.23568725585938
193,296,-81.56511688232422
192,293,-80.70561981201172
192,290,-79.8504409790039
192,288,-79.17212677001953
hero_past_corners
200,384,197,366,201,361,207,363,211,382,
200,382,196,363,200,358,207,360,210,379,
199,378,196,360,200,355,206,358,210,376,
199,375,195,357,199,352,206,355,209,373,
198,372,194,354,199,349,205,352,209,370,
198,370,194,352,198,347,205,350,208,368,
197,367,193,348,197,343,204,346,208,365,
196,365,193,345,197,340,204,343,207,362,
196,362,192,343,196,338,203,341,207,360,
195,359,192,340,196,335,203,338,206,357,
195,356,191,337,195,332,202,335,206,354,
194,354,191,335,195,330,202,333,205,352,
194,351,190,332,194,327,201,329,205,349,
193,348,190,329,194,324,200,327,204,346,
193,345,189,326,193,321,200,324,204,343,
192,342,189,323,194,318,199,321,203,340,
192,339,188,320,193,315,199,318,203,338,
191,336,187,317,193,312,199,315,202,335,
190,333,187,314,192,309,199,313,201,332,
190,331,187,312,193,307,198,311,201,330,
190,329,187,309,192,305,198,308,200,327,
189,325,186,306,191,301,198,305,200,324,
188,322,187,303,192,299,198,302,199,321,
188,320,186,300,192,296,197,300,200,319,
188,317,187,298,192,293,198,297,199,316,
188,314,186,295,191,290,197,294,199,313,
187,310,186,291,192,287,198,291,198,310,
187,308,186,289,191,285,197,288,199,307,
187,304,186,285,192,281,198,285,198,304,
187,302,187,283,192,279,198,283,198,302,
187,299,186,280,193,276,198,280,198,299,
actor_past_trajectory_corners
Vehicle ID:128
188,53,-132.5386199951172
185,51,-132.19619750976562
183,48,-131.71743774414062
180,47,-131.2969207763672
178,45,-130.61602783203125
177,44,-129.95489501953125
174,42,-129.13697814941406
173,40,-128.69537353515625
171,39,-127.7142562866211
168,36,-126.55289459228516
166,34,-125.6567153930664
165,33,-125.04630279541016
162,30,-123.85401153564453
161,28,-122.72168731689453
158,27,-121.71778869628906
157,24,-120.89204406738281
155,22,-119.76468658447266
153,20,-118.55387115478516
152,18,-117.5566177368164
150,16,-116.92354583740234
149,13,-116.09867858886719
146,11,-115.11460876464844
145,9,-114.69727325439453
143,7,-114.40777587890625
142,4,-113.50434112548828
140,2,-111.71977233886719
139,0,-109.64273834228516
138,-2,-108.09882354736328
137,-5,-106.4193344116211
135,-8,-105.25517272949219
134,-9,-104.34459686279297
190,59,185,55,184,49,189,49,195,53,
188,58,183,54,182,48,187,48,193,52,
185,55,179,51,178,45,184,45,189,49,
183,54,177,49,176,44,182,44,187,48,
180,52,174,47,174,42,179,41,185,46,
178,50,173,45,172,40,178,40,183,44,
176,48,171,44,170,39,176,38,181,43,
174,47,169,42,168,37,175,37,179,41,
172,44,167,40,166,34,172,34,177,39,
170,43,164,38,165,33,170,33,175,37,
167,40,162,36,162,30,167,30,172,35,
166,39,161,34,161,29,166,29,171,33,
163,37,158,32,158,27,163,27,168,32,
162,35,157,30,157,24,162,25,167,30,
159,33,154,27,154,22,161,22,165,28,
158,31,153,26,153,20,158,21,163,26,
156,28,151,23,152,18,157,18,161,24,
154,26,149,21,150,15,155,16,159,21,
152,24,148,19,148,13,154,14,158,20,
150,22,146,17,146,12,153,13,157,18,
149,20,145,15,145,9,151,10,155,16,
146,18,142,12,143,6,148,7,153,13,
145,16,141,10,142,4,147,5,151,11,
144,13,139,8,140,3,146,4,150,9,
142,11,138,5,139,0,144,1,148,7,
141,9,136,2,137,-2,143,-1,147,4,
139,6,135,0,136,-5,141,-4,145,2,
138,3,134,-2,135,-7,141,-6,144,0,
136,0,133,-5,134,-10,139,-8,142,-2,
134,-1,131,-7,132,-12,138,-10,141,-5,
133,-3,130,-10,132,-15,137,-13,140,-6,
Vehicle ID:156
241,98,-94.24848175048828
240,96,-95.67566680908203
239,93,-97.43817138671875
238,90,-99.1098403930664
236,87,-100.50470733642578
236,85,-101.56226348876953
234,82,-103.18074798583984
233,81,-104.29285430908203
231,77,-105.92521667480469
229,74,-107.36932373046875
228,72,-108.8798599243164
228,70,-110.05101013183594
225,68,-111.61325073242188
224,65,-113.00801086425781
222,63,-114.62577056884766
220,61,-116.03887176513672
218,59,-117.3415756225586
217,56,-118.94585418701172
215,55,-120.44391632080078
213,53,-121.48413848876953
211,51,-122.68230438232422
208,49,-124.44892120361328
207,47,-125.7362060546875
205,45,-126.801513671875
202,44,-128.04673767089844
200,42,-129.65000915527344
197,40,-131.00843811035156
195,38,-131.97552490234375
193,36,-133.58001708984375
190,35,-134.88404846191406
188,33,-135.87266540527344
240,113,234,91,238,86,243,88,250,110,
238,110,232,88,236,83,242,85,249,107,
238,107,231,85,235,79,241,82,248,103,
237,104,230,82,233,77,240,79,247,100,
237,101,229,80,232,75,238,77,246,97,
236,99,227,78,230,72,237,74,246,95,
235,97,226,76,229,69,235,71,244,92,
234,95,224,74,227,68,234,69,244,90,
233,92,223,71,226,66,232,67,242,87,
232,89,221,69,223,63,231,64,241,84,
231,86,220,67,222,60,228,61,240,81,
229,84,219,65,220,59,227,59,239,80,
228,82,216,62,218,56,225,57,237,76,
227,80,215,61,217,54,223,54,236,74,
226,77,212,58,214,52,220,52,234,71,
224,74,211,56,213,50,219,50,232,68,
223,72,208,55,210,48,216,48,231,66,
221,70,206,52,208,46,214,46,229,63,
219,68,205,50,205,44,212,44,227,61,
218,66,203,50,204,43,210,42,226,60,
216,64,201,48,202,42,209,40,224,57,
215,62,199,45,199,39,205,38,222,54,
213,60,196,44,197,38,203,36,220,52,
211,58,194,42,195,36,202,35,218,51,
210,57,193,41,192,34,199,33,216,48,
207,54,189,40,190,33,196,32,214,47,
205,52,187,38,187,31,194,30,212,44,
203,51,185,37,184,30,191,29,209,42,
200,48,182,35,182,28,188,27,207,40,
199,46,180,34,179,28,186,26,204,38,
197,46,178,33,177,26,183,24,202,37,
Vehicle ID:164
115,17,-173.1964111328125
112,17,-174.7806854248047
108,18,-175.454833984375
105,19,-177.58016967773438
103,19,-179.58096313476562
100,20,178.82778930664062
97,21,176.7176971435547
95,21,175.32501220703125
92,22,173.73268127441406
89,24,171.92259216308594
87,25,170.35369873046875
85,25,169.2594757080078
82,27,167.8499298095703
79,29,166.29403686523438
76,30,164.77859497070312
74,31,163.50808715820312
72,32,162.2052001953125
69,34,160.57168579101562
66,36,159.21189880371094
65,36,158.3017578125
63,38,157.150390625
60,40,155.24258422851562
58,42,153.89158630371094
56,44,152.781494140625
54,46,151.3988494873047
51,48,149.59010314941406
50,49,148.07171630859375
48,52,146.8773651123047
46,54,145.30421447753906
44,57,144.14491271972656
42,58,143.2545623779297
127,21,108,22,103,18,107,13,126,11,
124,21,105,23,100,19,104,14,123,12,
121,22,101,23,97,19,100,14,119,12,
118,21,98,24,94,21,97,15,116,12,
115,22,96,25,91,21,94,16,113,13,
113,22,94,26,89,23,91,17,111,12,
110,23,91,27,85,23,88,18,108,13,
108,23,89,28,84,25,87,19,105,13,
105,24,87,29,81,26,84,21,102,14,
102,24,84,31,78,28,80,21,99,16,
99,25,81,32,75,29,78,23,96,16,
97,26,79,33,73,30,75,24,93,17,
94,27,76,34,71,31,73,26,91,18,
91,27,74,36,69,33,70,27,88,19,
89,29,72,37,66,35,67,29,85,20,
87,30,69,39,63,37,65,30,82,22,
84,31,67,40,62,38,63,32,79,22,
82,32,64,42,59,40,60,34,76,24,
79,34,63,44,56,42,58,36,75,25,
77,34,61,45,56,43,56,37,73,27,
75,35,59,47,53,45,54,39,70,28,
73,37,57,49,50,47,51,41,67,30,
70,38,55,51,48,49,49,42,65,31,
68,40,53,52,47,51,47,45,63,33,
66,41,52,54,45,52,45,46,60,34,
64,44,49,57,43,56,43,50,57,37,
61,45,47,59,41,58,41,52,55,38,
59,47,46,60,39,60,39,54,53,41,
57,49,43,63,37,63,37,56,50,42,
55,52,41,65,35,64,35,58,49,45,
53,53,41,66,35,67,33,61,47,46,
Vehicle ID:171
456,48,-179.1797637939453
453,49,-179.1753387451172
450,49,-179.1791229248047
448,50,-179.17738342285156
445,50,-179.18707275390625
443,51,-179.21316528320312
440,51,-179.15487670898438
438,52,-179.14727783203125
436,52,-179.14108276367188
433,53,-179.1634521484375
431,53,-179.18629455566406
429,53,-179.1740264892578
426,53,-179.18186950683594
424,53,-179.17127990722656
421,54,-179.18690490722656
419,54,-179.19332885742188
416,55,-179.1848907470703
414,55,-179.14950561523438
411,56,-179.14967346191406
410,56,-179.1604766845703
407,56,-179.1487579345703
404,57,-179.1734161376953
402,57,-179.19786071777344
400,58,-179.1830291748047
398,58,-179.19354248046875
396,59,-179.17434692382812
393,59,-179.17672729492188
391,60,-179.17807006835938
388,60,-179.18093872070312
386,61,-179.18121337890625
384,61,-179.1737518310547
460,49,456,50,452,49,455,46,459,45,
457,50,454,51,450,49,453,47,456,46,
454,51,450,51,446,50,449,47,453,47,
451,51,448,52,444,50,447,48,450,47,
449,51,445,52,441,51,444,48,448,48,
447,52,443,53,439,51,443,49,446,48,
444,52,441,53,437,52,441,49,443,48,
442,53,438,54,434,52,438,50,442,49,
440,53,436,54,432,53,435,49,440,49,
437,54,433,54,429,53,432,50,436,49,
434,54,431,55,427,53,431,50,433,49,
432,55,430,55,425,53,429,50,432,50,
430,55,427,56,422,54,426,51,430,50,
428,56,425,56,420,54,424,51,427,51,
426,56,422,57,417,55,421,52,425,51,
423,57,420,57,415,55,419,52,423,51,
421,57,417,58,412,55,416,53,420,52,
418,57,415,57,410,56,414,53,418,52,
416,57,413,57,408,56,412,54,415,53,
414,57,411,58,406,57,410,54,413,53,
412,58,409,58,404,57,408,54,411,54,
409,58,406,59,401,58,405,55,408,54,
407,59,403,59,398,58,402,55,406,55,
405,59,401,60,397,58,400,56,404,55,
402,60,399,60,395,59,398,56,402,55,
400,60,396,61,392,59,395,57,399,56,
397,60,393,61,389,60,392,57,396,57,
395,61,391,62,387,60,390,58,394,57,
392,61,388,62,384,61,387,58,391,57,
390,62,386,63,382,61,385,59,389,58,
387,62,384,63,380,62,383,59,387,58,
Vehicle ID:186
222,165,-56.17058181762695
224,162,-58.06328582763672
225,158,-60.2042350769043
226,155,-62.223388671875
226,152,-63.91289138793945
227,150,-65.1985092163086
227,147,-67.18550109863281
228,144,-69.01582336425781
228,142,-70.23785400390625
228,137,-71.90764617919922
228,136,-72.22297668457031
228,132,-73.03065490722656
229,129,-74.05821228027344
228,127,-75.45137023925781
229,124,-78.1038589477539
228,121,-80.59654235839844
228,118,-81.88522338867188
228,115,-83.20995330810547
227,112,-85.72799682617188
226,110,-87.64311981201172
226,108,-89.87226104736328
225,105,-92.47151184082031
224,103,-94.37692260742188
223,100,-96.20777893066406
222,98,-97.8971939086914
221,94,-99.85633850097656
220,91,-101.87568664550781
218,90,-103.28902435302734
217,87,-105.00466918945312
215,84,-106.76869201660156
214,82,-108.2318115234375
213,174,221,154,227,153,231,158,223,178,
215,172,222,152,229,150,232,156,225,176,
216,168,222,148,229,147,233,152,226,172,
216,165,223,146,229,143,234,149,227,168,
218,163,223,143,230,140,234,146,228,166,
219,161,224,140,229,137,233,143,229,164,
219,158,223,137,230,134,234,139,230,160,
220,155,224,134,230,131,234,136,231,157,
220,153,223,132,230,129,235,133,231,154,
222,150,224,129,229,125,234,130,232,151,
221,147,224,126,230,123,235,127,232,148,
222,145,224,124,230,120,235,125,232,146,
222,142,224,121,230,117,234,121,233,143,
222,139,224,118,230,114,235,119,233,140,
223,136,223,115,228,111,234,115,233,137,
224,134,223,113,228,109,234,112,234,133,
223,131,222,110,227,106,233,109,234,130,
224,128,222,107,227,103,233,106,234,127,
223,126,221,104,225,100,232,103,234,124,
223,124,220,103,225,98,231,101,234,122,
223,121,219,101,223,96,230,98,234,119,
223,118,218,98,222,93,229,96,233,116,
222,116,216,95,220,90,227,93,233,113,
222,113,216,93,220,88,225,90,232,110,
221,111,214,91,218,85,225,87,232,107,
221,108,213,89,217,83,223,84,230,105,
219,106,211,86,214,80,221,82,230,102,
219,104,210,84,213,78,220,79,228,99,
217,101,208,81,211,76,218,76,228,96,
217,98,207,79,210,73,216,74,226,93,
215,96,206,77,208,71,215,72,224,90,
