time
397.51382526467205
hero_global_pos
6.1437506675720215,32.36389923095703
road_id
79
is_junction
False
speed_limit
30.0
speed
20.468814894841298
traffic_light
None
translation_offset
1086.3017554283142,1364.9604301452637
angle
-11.598945617675781
hero_past_trajectory
204,372,-90.36260223388672
202,369,-90.3626937866211
202,366,-90.36273193359375
201,364,-90.36254119873047
201,361,-90.36229705810547
200,358,-90.36214447021484
200,355,-90.36214447021484
199,353,-90.36214447021484
198,349,-90.33944702148438
198,347,-90.31334686279297
197,344,-90.2967529296875
197,341,-90.19268798828125
196,338,-89.9367904663086
196,335,-89.68841552734375
195,333,-89.2990493774414
196,330,-88.79766845703125
195,327,-88.33834838867188
194,324,-87.85945892333984
194,322,-87.36370086669922
193,319,-86.77698516845703
193,316,-86.09366607666016
193,313,-85.36205291748047
193,311,-84.671142578125
192,308,-84.0504150390625
192,305,-83.19664001464844
192,302,-82.23568725585938
192,299,-81.56511688232422
192,296,-80.70561981201172
192,293,-79.8504409790039
192,291,-79.17212677001953
192,288,-78.40105438232422
hero_past_corners
201,385,197,366,201,361,207,363,211,382,
200,381,196,363,200,358,207,360,211,379,
199,378,195,360,200,355,206,358,210,376,
199,375,195,357,199,352,206,355,209,373,
198,373,194,355,199,350,205,353,209,371,
198,371,194,351,198,346,204,349,208,368,
197,368,193,348,197,343,204,346,208,365,
197,365,193,346,197,341,203,344,207,362,
196,362,192,343,196,338,203,341,207,360,
195,359,191,340,196,335,202,338,206,357,
195,357,191,338,195,333,202,336,206,355,
194,354,190,335,195,330,201,332,205,352,
194,351,190,332,194,327,201,330,204,349,
193,348,189,329,193,324,200,327,204,346,
192,345,189,326,194,321,199,324,203,343,
192,342,188,324,193,318,199,321,203,341,
191,339,187,321,193,315,199,318,202,338,
191,336,187,318,192,313,199,316,202,335,
190,334,187,315,193,310,198,314,201,333,
190,332,187,313,192,308,198,311,201,330,
189,328,186,310,191,304,198,308,200,327,
188,325,187,306,192,302,198,305,199,324,
188,324,186,304,191,299,197,303,200,322,
188,320,187,301,192,296,198,300,199,319,
188,317,186,298,191,293,197,297,199,316,
187,314,186,294,191,290,197,294,198,313,
187,312,186,292,191,288,197,291,199,310,
187,307,186,288,191,284,197,288,198,307,
186,305,186,286,192,282,198,286,198,305,
187,302,186,283,192,279,197,283,198,302,
186,299,186,280,192,276,197,280,197,299,
actor_past_trajectory_corners
Vehicle ID:128
182,54,-132.19619750976562
179,52,-131.71743774414062
177,50,-131.2969207763672
175,49,-130.61602783203125
173,47,-129.95489501953125
171,45,-129.13697814941406
169,44,-128.69537353515625
167,42,-127.7142562866211
164,39,-126.55289459228516
162,38,-125.6567153930664
161,36,-125.04630279541016
158,34,-123.85401153564453
157,32,-122.72168731689453
154,30,-121.71778869628906
153,28,-120.89204406738281
151,26,-119.76468658447266
149,23,-118.55387115478516
148,22,-117.5566177368164
146,20,-116.92354583740234
145,17,-116.09867858886719
142,14,-115.11460876464844
141,13,-114.69727325439453
139,11,-114.40777587890625
138,8,-113.50434112548828
136,5,-111.71977233886719
134,3,-109.64273834228516
134,1,-108.09882354736328
132,-1,-106.4193344116211
131,-4,-105.25517272949219
130,-5,-104.34459686279297
129,-8,-103.3947525024414
184,61,179,57,178,51,183,51,189,55,
182,58,176,55,175,49,181,48,186,52,
179,57,173,52,172,47,178,47,183,51,
177,55,171,50,171,45,176,44,182,49,
175,54,169,49,168,44,174,44,179,48,
172,51,167,47,166,42,172,41,177,46,
171,50,166,45,165,40,171,40,176,44,
168,48,163,44,162,38,168,38,173,43,
166,46,161,41,161,36,166,36,171,40,
163,44,158,40,158,34,163,34,168,39,
162,43,157,38,157,33,162,33,167,37,
160,40,154,35,154,30,160,30,165,35,
158,39,153,34,153,28,158,29,163,34,
156,36,150,31,150,26,157,26,161,31,
154,34,149,29,149,23,154,24,159,29,
152,32,148,27,148,22,153,21,157,28,
150,30,145,25,146,19,151,20,155,25,
148,28,144,22,144,17,150,18,154,23,
146,26,142,21,142,15,148,16,153,21,
145,24,141,19,141,13,147,13,151,20,
142,22,138,16,139,10,144,11,149,17,
141,20,137,14,138,8,143,9,147,14,
139,17,135,12,136,6,142,7,146,13,
138,15,134,9,135,4,140,5,144,11,
136,13,132,6,133,1,138,2,143,8,
135,10,131,4,132,-1,137,0,141,5,
133,7,130,1,131,-3,136,-2,140,4,
132,4,128,-1,129,-6,135,-4,138,1,
130,2,127,-3,128,-8,133,-6,137,-1,
129,0,125,-6,127,-11,133,-9,135,-3,
127,-2,125,-9,126,-14,131,-12,135,-5,
Vehicle ID:156
237,98,-95.67566680908203
236,95,-97.43817138671875
235,92,-99.1098403930664
233,90,-100.50470733642578
233,88,-101.56226348876953
231,85,-103.18074798583984
230,83,-104.29285430908203
228,80,-105.92521667480469
226,77,-107.36932373046875
225,75,-108.8798599243164
224,73,-110.05101013183594
222,71,-111.61325073242188
220,68,-113.00801086425781
219,66,-114.62577056884766
216,64,-116.03887176513672
215,62,-117.3415756225586
213,59,-118.94585418701172
211,57,-120.44391632080078
210,56,-121.48413848876953
207,54,-122.68230438232422
205,52,-124.44892120361328
203,50,-125.7362060546875
201,48,-126.801513671875
199,47,-128.04673767089844
196,45,-129.65000915527344
194,43,-131.00843811035156
191,41,-131.97552490234375
189,40,-133.58001708984375
187,38,-134.88404846191406
184,36,-135.87266540527344
182,35,-137.0735321044922
236,113,229,91,233,86,239,88,246,109,
235,110,227,88,231,82,238,85,245,106,
234,107,227,85,230,79,236,82,244,103,
234,104,225,83,228,77,235,79,243,100,
233,102,224,80,227,75,233,76,243,98,
232,99,223,79,225,72,232,74,241,94,
231,97,221,77,224,71,230,72,241,92,
230,94,220,74,222,68,229,69,239,89,
229,91,218,71,220,66,227,66,237,87,
228,89,217,70,218,63,225,64,237,84,
226,87,215,68,217,61,223,62,235,82,
225,84,213,65,214,59,222,59,234,78,
224,82,211,64,213,57,219,57,232,77,
223,80,209,61,210,55,217,55,231,74,
221,77,207,59,209,53,215,53,229,71,
220,75,205,58,207,51,213,51,228,68,
218,72,202,55,204,49,210,48,226,66,
216,71,201,53,202,47,209,47,224,64,
214,69,200,53,201,46,206,45,222,62,
213,67,197,51,198,45,205,43,221,60,
211,65,195,49,196,42,202,41,218,57,
209,63,193,47,193,41,199,39,217,55,
208,61,190,45,191,39,198,38,214,54,
206,59,189,45,189,38,195,36,213,51,
204,57,186,43,186,36,192,35,210,49,
201,55,183,41,183,35,190,33,208,47,
199,54,181,40,181,33,187,32,205,45,
196,51,179,39,178,32,184,30,203,43,
195,50,176,37,175,31,182,29,201,41,
193,49,174,36,173,30,179,27,198,40,
190,46,171,35,170,28,176,26,196,38,
Vehicle ID:164
108,22,-174.7806854248047
104,22,-175.454833984375
101,23,-177.58016967773438
99,23,-179.58096313476562
96,24,178.82778930664062
93,26,176.7176971435547
91,26,175.32501220703125
88,27,173.73268127441406
86,28,171.92259216308594
83,30,170.35369873046875
81,30,169.2594757080078
78,32,167.8499298095703
75,33,166.29403686523438
73,35,164.77859497070312
70,35,163.50808715820312
68,37,162.2052001953125
65,38,160.57168579101562
63,41,159.21189880371094
62,41,158.3017578125
59,43,157.150390625
56,45,155.24258422851562
55,47,153.89158630371094
52,49,152.781494140625
50,51,151.3988494873047
48,53,149.59010314941406
46,55,148.07171630859375
45,57,146.8773651123047
42,59,145.30421447753906
40,62,144.14491271972656
39,63,143.2545623779297
37,66,142.19564819335938
120,25,101,27,96,23,100,18,119,16,
117,26,97,28,93,24,96,19,115,16,
114,25,94,28,90,25,93,19,112,17,
111,26,92,30,87,26,90,20,109,17,
109,26,90,30,85,27,87,22,107,17,
106,27,87,32,81,28,84,22,104,17,
104,27,85,32,80,29,83,24,101,18,
101,28,83,34,77,31,80,25,98,18,
98,29,80,35,74,32,76,26,95,20,
95,29,77,37,71,34,74,27,92,21,
93,31,75,37,70,34,71,29,89,21,
90,31,72,39,67,36,69,31,87,23,
87,32,71,40,65,37,66,32,84,23,
86,33,68,42,62,40,63,34,81,25,
83,35,65,43,60,42,61,35,78,27,
80,35,63,45,58,43,59,37,75,27,
78,37,61,46,55,45,56,39,72,29,
75,38,59,49,53,47,54,41,71,30,
73,39,57,50,52,48,53,42,69,32,
72,40,56,52,49,50,50,44,66,33,
69,42,53,54,47,52,47,46,63,35,
66,43,51,56,45,54,46,48,61,36,
64,45,50,57,43,56,43,50,59,38,
63,46,48,59,42,58,41,51,56,39,
60,49,46,62,39,61,39,55,54,42,
57,50,44,64,38,63,37,57,51,43,
56,52,42,66,36,65,36,59,49,46,
53,54,40,68,34,68,33,61,47,47,
52,57,38,70,32,70,32,64,45,50,
50,58,37,72,31,72,30,66,43,51,
48,60,35,74,29,74,29,68,41,54,
Vehicle ID:171
449,48,-179.1753387451172
446,49,-179.1791229248047
444,49,-179.17738342285156
441,50,-179.18707275390625
439,50,-179.21316528320312
436,51,-179.15487670898438
434,51,-179.14727783203125
432,52,-179.14108276367188
429,52,-179.1634521484375
428,53,-179.18629455566406
426,53,-179.1740264892578
422,53,-179.18186950683594
420,53,-179.17127990722656
418,54,-179.18690490722656
416,54,-179.19332885742188
413,55,-179.1848907470703
411,55,-179.14950561523438
408,56,-179.14967346191406
407,56,-179.1604766845703
404,57,-179.1487579345703
401,57,-179.1734161376953
399,58,-179.19786071777344
397,58,-179.1830291748047
395,58,-179.19354248046875
392,59,-179.17434692382812
389,60,-179.17672729492188
387,60,-179.17807006835938
384,61,-179.18093872070312
382,61,-179.18121337890625
380,62,-179.1737518310547
377,62,-179.18353271484375
453,50,450,50,446,49,450,46,453,46,
450,50,447,51,442,50,446,47,450,46,
448,51,445,51,440,50,444,47,447,47,
446,51,442,52,437,51,441,48,445,47,
444,52,440,52,435,51,439,48,443,48,
441,52,438,53,433,52,437,49,440,48,
439,53,435,53,430,52,434,49,438,49,
437,53,433,54,429,53,432,49,436,49,
434,54,430,54,426,53,429,50,433,49,
431,54,428,55,423,53,427,50,430,49,
429,55,426,55,421,53,425,50,429,50,
427,55,423,56,419,54,422,51,426,50,
424,56,421,56,417,54,420,51,423,51,
422,56,418,57,414,55,417,52,421,51,
419,57,416,57,412,55,415,52,419,52,
417,57,413,58,409,56,412,53,416,52,
414,58,411,57,407,56,410,53,414,53,
412,57,409,58,405,56,408,54,411,53,
410,57,407,58,403,57,406,54,409,54,
408,58,405,58,401,57,404,55,407,54,
405,58,402,59,398,58,401,55,404,55,
403,59,399,60,395,58,399,56,402,55,
401,59,397,60,393,59,397,56,400,55,
398,60,395,60,391,59,395,57,399,56,
396,60,392,61,388,60,392,57,396,56,
393,61,390,62,385,61,389,58,393,57,
391,61,388,62,383,61,387,58,391,57,
389,62,385,63,380,62,384,59,388,58,
387,62,383,63,378,62,382,59,386,58,
384,63,381,63,376,62,380,60,384,59,
382,63,378,64,373,63,377,60,381,59,
Vehicle ID:186
222,164,-58.06328582763672
223,161,-60.2042350769043
224,158,-62.223388671875
224,155,-63.91289138793945
224,153,-65.1985092163086
225,150,-67.18550109863281
225,146,-69.01582336425781
226,144,-70.23785400390625
226,140,-71.90764617919922
226,138,-72.22297668457031
226,135,-73.03065490722656
226,132,-74.05821228027344
226,130,-75.45137023925781
226,127,-78.1038589477539
226,124,-80.59654235839844
225,121,-81.88522338867188
225,118,-83.20995330810547
224,115,-85.72799682617188
223,113,-87.64311981201172
223,111,-89.87226104736328
222,107,-92.47151184082031
221,105,-94.37692260742188
220,103,-96.20777893066406
219,101,-97.8971939086914
218,97,-99.85633850097656
217,94,-101.87568664550781
215,92,-103.28902435302734
214,90,-105.00466918945312
212,87,-106.76869201660156
211,85,-108.2318115234375
209,82,-109.89922332763672
213,175,220,155,226,152,230,159,223,179,
214,171,220,151,227,149,231,154,224,174,
214,168,221,148,227,146,231,151,225,171,
216,166,221,145,228,143,232,148,226,169,
216,164,221,143,227,140,231,145,227,166,
217,160,221,140,227,137,231,142,227,162,
217,158,221,137,228,134,232,139,229,160,
218,156,221,135,227,132,232,136,228,157,
219,153,221,132,226,128,232,133,230,154,
219,150,222,129,227,126,232,130,230,151,
219,148,221,127,227,122,233,128,230,149,
220,144,222,124,227,120,232,124,231,145,
220,141,221,121,227,116,232,121,230,142,
221,139,220,118,226,114,232,118,231,139,
221,137,220,116,225,112,231,115,231,136,
221,134,219,113,225,109,230,112,232,133,
221,131,219,110,224,106,230,109,231,130,
221,129,218,107,222,103,229,106,231,127,
220,127,217,105,222,101,228,104,231,125,
221,124,216,103,220,98,227,101,231,122,
220,121,215,101,219,96,226,98,231,119,
220,119,213,98,217,93,224,96,230,116,
219,116,213,96,217,91,222,93,230,113,
219,114,211,94,215,88,222,90,229,110,
218,111,210,91,214,85,220,87,227,107,
216,108,208,89,211,83,218,85,227,104,
216,106,207,87,210,81,217,82,225,102,
214,104,205,84,208,78,214,79,225,99,
214,101,204,82,207,76,213,76,223,96,
212,99,202,80,204,74,212,75,221,93,
211,96,200,78,203,71,209,72,221,90,
