time
396.7134282141051
hero_global_pos
5.320765972137451,36.815513610839844
road_id
79
is_junction
False
speed_limit
30.0
speed
20.143010707490266
traffic_light
None
translation_offset
1071.915717124939,1386.4149112701416
angle
-5.328857421875
hero_past_trajectory
199,372,-90.36266326904297
199,369,-90.3624267578125
198,366,-90.36223602294922
198,364,-90.3622055053711
198,361,-90.3622055053711
198,358,-90.36229705810547
197,355,-90.3624267578125
197,353,-90.36248016357422
197,350,-90.36260223388672
195,346,-90.3626937866211
195,343,-90.36273193359375
195,341,-90.36254119873047
195,338,-90.36229705810547
194,335,-90.36214447021484
194,332,-90.36214447021484
194,330,-90.36214447021484
194,326,-90.33944702148438
193,324,-90.31334686279297
193,321,-90.2967529296875
193,318,-90.19268798828125
193,315,-89.9367904663086
192,312,-89.68841552734375
192,310,-89.2990493774414
193,307,-88.79766845703125
192,304,-88.33834838867188
192,301,-87.85945892333984
192,299,-87.36370086669922
192,296,-86.77698516845703
191,293,-86.09366607666016
192,290,-85.36205291748047
192,288,-84.671142578125
hero_past_corners
194,383,192,364,198,360,203,363,205,382,
194,381,192,362,198,358,203,361,205,380,
193,378,192,358,197,354,202,357,204,377,
193,375,191,356,197,352,202,355,204,374,
193,373,191,353,197,349,202,352,204,372,
193,369,191,350,195,346,202,349,204,368,
192,366,191,347,195,343,201,346,203,365,
192,364,190,345,195,341,201,344,203,363,
192,362,190,342,195,338,201,341,203,360,
192,358,190,339,194,335,201,338,202,357,
191,355,189,336,194,332,200,335,202,354,
191,352,189,333,194,329,200,332,202,351,
191,350,189,331,194,327,200,330,202,349,
191,347,189,327,193,323,200,326,201,346,
190,344,188,324,193,320,199,323,201,343,
190,341,188,323,193,318,199,321,201,340,
190,338,188,320,193,315,199,318,201,337,
189,335,188,317,192,312,199,316,200,334,
189,333,187,315,192,310,198,314,200,332,
189,330,187,312,192,307,198,310,200,329,
189,327,187,309,191,304,198,308,200,326,
188,324,187,306,191,301,198,305,199,323,
188,322,186,303,192,298,197,302,199,320,
188,319,186,300,192,295,197,299,199,318,
188,316,186,297,191,292,198,296,199,316,
187,313,185,294,191,289,198,294,198,313,
187,311,186,292,192,287,197,292,198,311,
187,309,186,289,192,285,197,289,198,308,
187,305,186,286,191,281,198,285,198,305,
186,302,186,282,192,279,198,282,197,302,
186,300,186,280,192,276,197,280,198,299,
actor_past_trajectory_corners
Vehicle ID:128
226,46,-133.3621063232422
223,44,-132.93072509765625
221,42,-132.6878662109375
219,40,-132.62351989746094
218,39,-132.62152099609375
215,37,-132.6690673828125
214,35,-132.67791748046875
211,33,-132.5386199951172
209,31,-132.19619750976562
207,28,-131.71743774414062
205,27,-131.2969207763672
203,25,-130.61602783203125
201,23,-129.95489501953125
199,21,-129.13697814941406
198,19,-128.69537353515625
196,17,-127.7142562866211
194,15,-126.55289459228516
191,13,-125.6567153930664
190,11,-125.04630279541016
188,8,-123.85401153564453
187,6,-122.72168731689453
185,4,-121.71778869628906
183,2,-120.89204406738281
182,0,-119.76468658447266
180,-2,-118.55387115478516
179,-4,-117.5566177368164
178,-6,-116.92354583740234
176,-9,-116.09867858886719
174,-12,-115.11460876464844
173,-14,-114.69727325439453
172,-15,-114.40777587890625
227,53,222,47,221,42,227,42,232,46,
225,51,220,46,219,40,225,40,231,45,
223,48,217,44,217,39,223,38,228,43,
221,47,216,42,216,37,221,36,226,42,
220,45,214,41,214,35,219,35,224,40,
216,43,212,38,211,33,216,33,222,37,
215,41,210,36,209,31,214,31,220,35,
213,40,209,35,208,29,213,30,219,34,
211,38,206,34,206,28,211,28,216,33,
209,35,203,31,203,25,209,25,213,30,
206,34,201,28,200,23,206,24,211,28,
204,32,199,26,199,21,204,21,210,26,
202,30,198,24,197,19,203,20,208,24,
200,27,195,23,195,18,201,17,205,23,
199,26,194,21,194,16,200,16,204,21,
196,23,192,19,191,13,198,13,202,19,
194,22,190,16,190,11,195,11,200,16,
192,19,188,14,188,8,193,9,198,14,
191,18,186,12,187,7,192,8,196,12,
189,15,184,10,185,4,190,5,194,11,
187,13,183,8,183,2,189,3,193,9,
185,10,181,5,181,0,187,0,191,6,
184,9,179,3,180,-2,185,-1,190,4,
182,6,178,0,179,-4,184,-4,187,2,
181,4,176,-1,177,-7,183,-5,186,0,
178,1,175,-4,175,-9,181,-7,185,-2,
177,0,174,-6,174,-11,180,-9,184,-4,
176,-2,172,-7,173,-14,179,-12,183,-5,
174,-5,170,-10,172,-16,177,-15,180,-8,
172,-6,169,-13,170,-18,176,-17,179,-11,
171,-9,168,-15,169,-20,174,-19,178,-13,
Vehicle ID:156
262,103,-83.72532653808594
262,100,-85.02759552001953
262,97,-86.67141723632812
261,95,-88.20795440673828
261,92,-89.66643524169922
261,89,-91.4683837890625
261,86,-93.17284393310547
260,84,-94.24848175048828
259,81,-95.67566680908203
259,78,-97.43817138671875
258,75,-99.1098403930664
256,72,-100.50470733642578
256,70,-101.56226348876953
255,67,-103.18074798583984
254,65,-104.29285430908203
252,61,-105.92521667480469
251,59,-107.36932373046875
250,57,-108.8798599243164
250,55,-110.05101013183594
247,52,-111.61325073242188
246,49,-113.00801086425781
245,47,-114.62577056884766
243,44,-116.03887176513672
241,42,-117.3415756225586
240,39,-118.94585418701172
238,38,-120.44391632080078
237,36,-121.48413848876953
235,34,-122.68230438232422
232,31,-124.44892120361328
231,29,-125.7362060546875
229,27,-126.801513671875
257,115,257,93,263,89,267,93,267,116,
257,113,257,90,263,87,267,90,267,113,
258,110,257,88,261,84,267,87,268,110,
258,108,256,85,261,81,266,84,268,107,
257,106,255,83,260,79,266,82,267,105,
257,102,255,79,259,75,265,78,268,101,
257,100,254,77,258,72,264,75,268,98,
258,98,254,75,258,71,263,73,268,96,
256,95,252,72,257,68,262,71,267,93,
256,92,251,70,255,64,262,68,267,89,
256,89,251,67,254,61,261,65,266,86,
256,86,250,65,253,59,259,62,265,83,
255,84,248,62,252,56,258,59,265,81,
254,81,247,60,250,54,257,56,264,77,
254,79,246,58,249,53,256,54,264,75,
253,76,245,55,248,50,254,51,262,73,
252,73,243,52,246,47,253,48,261,70,
251,71,242,50,245,44,251,45,261,67,
250,69,241,48,243,42,250,44,260,65,
249,66,239,46,241,39,248,41,258,61,
248,64,238,44,240,37,246,38,257,59,
247,61,235,41,238,35,244,36,256,56,
246,58,234,39,236,33,243,33,254,53,
245,56,232,37,234,31,240,31,253,50,
243,53,230,34,232,28,238,29,252,47,
241,51,228,33,230,26,237,27,250,46,
240,50,227,32,229,25,235,25,249,44,
239,48,225,30,227,24,234,23,247,41,
238,45,223,27,224,21,230,20,245,38,
235,43,221,25,222,19,228,18,244,36,
234,41,219,23,220,17,227,17,242,34,
Vehicle ID:164
160,-7,-163.84661865234375
158,-7,-165.2754669189453
155,-8,-166.93943786621094
152,-8,-168.1208953857422
150,-8,-168.38661193847656
147,-8,-169.95204162597656
144,-8,-171.96160888671875
142,-9,-173.1964111328125
139,-8,-174.7806854248047
135,-8,-175.454833984375
132,-8,-177.58016967773438
130,-8,-179.58096313476562
127,-7,178.82778930664062
124,-6,176.7176971435547
122,-6,175.32501220703125
119,-6,173.73268127441406
116,-4,171.92259216308594
114,-3,170.35369873046875
112,-3,169.2594757080078
109,-2,167.8499298095703
106,0,166.29403686523438
103,0,164.77859497070312
100,0,163.50808715820312
98,1,162.2052001953125
95,3,160.57168579101562
92,5,159.21189880371094
91,5,158.3017578125
88,6,157.150390625
86,9,155.24258422851562
84,10,153.89158630371094
81,12,152.781494140625
171,0,153,-4,149,-9,154,-13,173,-10,
169,-1,150,-4,147,-9,152,-14,171,-10,
166,-2,147,-4,144,-9,149,-13,167,-11,
164,-2,145,-4,141,-10,146,-13,165,-11,
161,-2,142,-5,138,-9,143,-14,162,-12,
158,-3,139,-4,135,-9,140,-13,159,-12,
156,-3,136,-4,132,-9,137,-13,156,-12,
154,-4,135,-4,130,-9,135,-13,154,-13,
151,-3,132,-4,127,-8,132,-13,151,-12,
148,-3,128,-3,124,-8,128,-12,147,-13,
145,-4,125,-3,121,-7,125,-12,144,-13,
142,-4,123,-2,118,-6,122,-12,141,-13,
140,-3,121,-2,116,-5,119,-11,139,-13,
137,-3,118,0,112,-5,116,-10,136,-13,
135,-3,116,0,110,-4,114,-9,133,-13,
132,-3,113,0,108,-2,111,-8,130,-13,
129,-2,110,1,105,-1,107,-7,127,-11,
126,-2,107,3,102,0,105,-6,124,-11,
124,-1,105,3,100,0,102,-5,121,-11,
121,-1,102,4,97,1,99,-4,118,-9,
118,0,100,5,95,2,97,-2,115,-9,
116,0,97,7,92,4,94,-1,112,-8,
113,1,95,8,89,5,92,0,109,-7,
110,1,93,9,87,6,89,0,106,-6,
108,3,90,10,85,8,86,3,103,-5,
105,4,88,12,82,10,84,4,101,-4,
103,4,86,14,81,11,82,5,100,-3,
101,5,84,15,78,12,79,6,97,-1,
98,6,81,17,75,15,77,9,94,0,
96,8,79,18,73,16,75,10,91,0,
94,9,78,19,71,18,72,12,89,1,
Vehicle ID:169
-28,104,163.35333251953125
-30,104,164.36758422851562
-31,104,165.39797973632812
-32,105,166.0971221923828
-34,105,166.74887084960938
-35,105,167.4144287109375
-36,105,167.77821350097656
-36,105,167.92697143554688
-36,105,167.95379638671875
-36,105,167.95382690429688
-36,105,167.9537353515625
-36,105,167.95372009277344
-36,105,167.9536590576172
-36,105,167.9536590576172
-36,105,167.9536895751953
-36,105,167.95372009277344
-36,105,167.95372009277344
-36,105,167.95372009277344
-36,105,167.9537353515625
-36,105,167.9537353515625
-36,105,167.9537353515625
-36,105,167.9537353515625
-36,105,167.9537353515625
-36,105,167.9537353515625
-36,105,167.9537353515625
-36,105,167.9537353515625
-36,105,167.9537353515625
-36,105,167.9537353515625
-36,105,167.9537353515625
-36,105,167.9537353515625
-36,105,167.9537353515625
-17,105,-31,110,-37,108,-35,101,-21,95,
-19,105,-32,110,-39,108,-36,101,-23,96,
-21,106,-34,111,-40,108,-38,102,-24,96,
-22,106,-36,112,-42,108,-39,102,-25,97,
-23,107,-37,112,-43,108,-40,102,-27,98,
-25,107,-39,112,-44,108,-42,103,-28,98,
-26,108,-39,112,-45,108,-42,103,-29,98,
-26,108,-40,112,-46,108,-43,103,-29,99,
-26,108,-40,112,-46,108,-43,103,-29,99,
-26,108,-40,112,-46,108,-43,103,-29,99,
-26,108,-40,112,-46,108,-43,103,-29,99,
-26,108,-40,112,-46,108,-43,103,-29,99,
-26,108,-40,112,-46,108,-43,103,-29,99,
-26,108,-40,112,-46,108,-43,103,-29,99,
-26,108,-40,112,-46,108,-43,103,-29,99,
-26,108,-40,112,-46,108,-43,103,-29,99,
-26,108,-40,112,-46,108,-43,103,-29,99,
-26,108,-40,112,-46,108,-43,103,-29,99,
-26,108,-40,112,-46,108,-43,103,-29,99,
-26,108,-40,112,-46,108,-43,103,-29,99,
-26,108,-40,112,-46,108,-43,103,-29,99,
-26,108,-40,112,-46,108,-43,103,-29,99,
-26,108,-40,112,-46,108,-43,103,-29,99,
-26,108,-40,112,-46,108,-43,103,-29,99,
-26,108,-40,112,-46,108,-43,103,-29,99,
-26,108,-40,112,-46,108,-43,103,-29,99,
-26,108,-40,112,-46,108,-43,103,-29,99,
-26,108,-40,112,-46,108,-43,103,-29,99,
-26,108,-40,112,-46,108,-43,103,-29,99,
-26,108,-40,112,-46,108,-43,103,-29,99,
-26,108,-40,112,-46,108,-43,103,-29,99,
Vehicle ID:171
494,53,-179.04075622558594
492,53,-179.08544921875
489,53,-179.08639526367188
488,54,-179.10870361328125
486,54,-179.1499481201172
483,54,-179.18994140625
480,54,-179.18775939941406
479,54,-179.1797637939453
476,55,-179.1753387451172
473,55,-179.1791229248047
471,55,-179.17738342285156
468,55,-179.18707275390625
466,56,-179.21316528320312
463,56,-179.15487670898438
461,56,-179.14727783203125
459,56,-179.14108276367188
456,57,-179.1634521484375
454,57,-179.18629455566406
452,57,-179.1740264892578
449,56,-179.18186950683594
447,56,-179.17127990722656
444,57,-179.18690490722656
442,57,-179.19332885742188
439,57,-179.1848907470703
437,57,-179.14950561523438
434,58,-179.14967346191406
433,58,-179.1604766845703
430,58,-179.1487579345703
427,58,-179.1734161376953
425,58,-179.19786071777344
423,59,-179.1830291748047
499,55,495,55,490,53,494,51,498,51,
497,55,493,55,488,53,492,51,496,51,
494,55,490,55,486,54,490,51,493,51,
492,55,488,56,484,54,487,52,491,51,
490,55,486,56,482,54,485,52,489,51,
487,56,483,56,479,54,482,52,486,52,
484,56,481,56,477,55,480,52,483,52,
483,56,479,56,475,55,478,52,482,52,
480,56,477,57,473,55,476,53,479,52,
477,57,473,57,469,55,472,53,476,53,
474,57,471,57,467,55,470,53,473,53,
472,57,468,57,464,56,467,53,471,53,
470,57,466,58,462,56,465,54,469,53,
467,57,464,58,460,56,463,54,466,54,
465,58,461,58,457,56,460,54,464,54,
463,58,459,58,455,57,458,53,462,54,
460,58,456,59,452,57,455,54,459,53,
457,58,454,59,450,56,453,54,456,53,
455,59,452,59,448,56,451,54,455,54,
453,59,449,59,445,57,448,54,452,54,
450,59,447,59,443,57,446,54,449,54,
448,59,444,60,440,57,443,55,447,54,
445,60,442,60,438,57,441,55,445,54,
443,60,439,60,435,57,438,55,442,55,
440,60,437,59,433,58,436,55,440,55,
438,59,435,59,431,58,434,55,437,55,
436,59,433,60,429,58,432,56,435,55,
434,60,431,60,427,58,430,56,433,56,
431,60,428,60,424,58,427,56,430,56,
429,60,425,60,421,59,424,56,428,56,
427,60,423,61,419,59,423,57,426,56,
Vehicle ID:186
226,164,-43.742794036865234
227,162,-44.09299850463867
229,160,-46.276153564453125
230,158,-48.3176383972168
232,156,-50.37327575683594
234,153,-52.843544006347656
234,149,-54.79216766357422
235,148,-56.17058181762695
237,145,-58.06328582763672
239,142,-60.2042350769043
239,139,-62.223388671875
240,136,-63.91289138793945
241,134,-65.1985092163086
242,131,-67.18550109863281
242,128,-69.01582336425781
243,126,-70.23785400390625
244,121,-71.90764617919922
244,119,-72.22297668457031
244,116,-73.03065490722656
245,113,-74.05821228027344
245,111,-75.45137023925781
246,108,-78.1038589477539
245,105,-80.59654235839844
245,102,-81.88522338867188
246,99,-83.20995330810547
244,96,-85.72799682617188
244,94,-87.64311981201172
244,92,-89.87226104736328
244,88,-92.47151184082031
242,86,-94.37692260742188
242,83,-96.20777893066406
213,171,228,154,234,155,235,161,222,177,
215,168,229,152,236,152,237,159,224,176,
217,166,230,150,237,150,239,156,226,173,
219,165,231,148,238,147,240,154,227,171,
220,163,232,146,239,145,242,152,229,169,
222,161,234,143,240,142,242,148,232,166,
224,157,234,139,241,139,244,145,234,164,
225,156,235,137,241,137,245,142,234,162,
227,154,236,135,243,134,246,140,236,159,
228,151,237,131,244,131,247,136,238,155,
229,148,237,129,244,127,248,133,240,152,
231,146,238,126,245,124,249,130,240,150,
232,144,239,124,245,121,248,127,242,148,
232,141,239,121,245,118,249,124,243,144,
233,139,239,118,246,115,250,121,245,141,
234,136,239,116,246,113,250,118,244,138,
236,133,240,113,246,109,250,115,246,135,
236,130,241,110,246,107,251,112,247,132,
236,128,240,108,247,104,252,110,247,130,
237,125,241,105,247,101,251,106,248,127,
238,122,241,102,248,98,252,104,248,124,
239,120,241,99,246,95,252,100,249,121,
239,118,240,97,246,93,251,97,249,118,
239,115,240,94,246,90,251,94,250,115,
240,112,240,91,246,87,251,91,250,112,
240,110,240,88,244,84,251,88,251,109,
239,108,238,86,244,82,249,86,250,107,
240,105,238,84,243,79,249,83,251,104,
240,102,237,81,242,76,248,80,251,101,
240,100,236,78,240,74,247,77,251,98,
239,97,236,76,240,72,245,74,250,95,
