time
397.1255677108711
hero_global_pos
5.6786346435546875,34.53864288330078
road_id
79
is_junction
False
speed_limit
30.0
speed
20.546619047507825
traffic_light
None
translation_offset
1079.081790447235,1375.0384197235107
angle
-8.434883117675781
hero_past_trajectory
202,373,-90.3622055053711
201,370,-90.36229705810547
201,367,-90.3624267578125
200,365,-90.36248016357422
200,362,-90.36260223388672
198,358,-90.3626937866211
198,355,-90.36273193359375
198,353,-90.36254119873047
197,350,-90.36229705810547
197,347,-90.36214447021484
196,344,-90.36214447021484
196,342,-90.36214447021484
195,338,-90.33944702148438
195,336,-90.31334686279297
195,333,-90.2967529296875
194,330,-90.19268798828125
194,327,-89.9367904663086
193,324,-89.68841552734375
193,322,-89.2990493774414
194,319,-88.79766845703125
193,316,-88.33834838867188
193,313,-87.85945892333984
192,311,-87.36370086669922
192,308,-86.77698516845703
192,305,-86.09366607666016
192,302,-85.36205291748047
192,300,-84.671142578125
191,297,-84.0504150390625
192,294,-83.19664001464844
191,291,-82.23568725585938
192,288,-81.56511688232422
hero_past_corners
197,385,194,365,200,361,205,364,208,384,
197,381,194,363,198,358,205,361,208,380,
196,378,194,360,198,355,204,358,207,377,
196,376,193,358,198,353,204,356,207,375,
196,374,193,355,197,350,204,353,206,372,
195,370,192,352,197,347,203,350,206,369,
195,367,192,349,196,344,203,347,206,366,
194,364,191,346,196,341,202,344,205,363,
194,363,191,344,196,339,202,342,205,361,
194,360,191,340,195,335,201,338,204,358,
193,357,190,337,194,332,201,335,204,355,
193,354,190,335,194,330,201,333,204,352,
192,351,189,332,194,327,200,330,203,349,
192,348,189,329,193,324,200,327,203,346,
191,346,189,327,193,322,200,325,202,344,
191,343,188,324,193,319,199,321,202,341,
191,340,188,321,192,316,199,319,201,338,
190,337,187,318,192,313,198,316,201,335,
190,334,187,315,192,310,198,313,201,332,
189,331,186,312,192,307,197,310,200,330,
189,328,186,309,191,304,198,307,200,327,
188,325,186,306,191,301,198,305,199,324,
188,323,186,304,192,299,197,303,199,322,
188,321,186,301,191,297,197,300,199,319,
187,317,185,298,191,293,197,297,198,316,
187,314,186,295,191,291,197,294,198,313,
186,312,186,292,191,288,197,292,198,311,
187,309,186,290,192,285,197,289,198,308,
187,306,186,287,191,282,197,286,198,305,
186,302,186,283,192,279,197,283,197,302,
186,300,186,281,191,277,197,280,198,299,
actor_past_trajectory_corners
Vehicle ID:128
204,50,-132.62152099609375
201,48,-132.6690673828125
200,46,-132.67791748046875
197,45,-132.5386199951172
195,43,-132.19619750976562
193,40,-131.71743774414062
190,39,-131.2969207763672
188,37,-130.61602783203125
187,35,-129.95489501953125
185,33,-129.13697814941406
183,32,-128.69537353515625
181,30,-127.7142562866211
179,27,-126.55289459228516
176,25,-125.6567153930664
175,24,-125.04630279541016
173,21,-123.85401153564453
171,19,-122.72168731689453
169,17,-121.71778869628906
168,15,-120.89204406738281
166,13,-119.76468658447266
164,10,-118.55387115478516
163,8,-117.5566177368164
161,6,-116.92354583740234
160,4,-116.09867858886719
158,1,-115.11460876464844
156,0,-114.69727325439453
155,-2,-114.40777587890625
154,-5,-113.50434112548828
152,-7,-111.71977233886719
151,-10,-109.64273834228516
150,-12,-108.09882354736328
206,56,201,52,200,46,205,47,210,51,
203,54,198,50,197,45,202,44,208,48,
201,52,196,48,195,43,200,42,206,46,
199,51,195,47,194,41,199,41,205,46,
197,50,192,45,192,39,197,40,202,44,
195,47,189,43,188,37,194,37,199,41,
192,45,187,40,186,35,192,35,197,40,
190,44,184,38,185,33,190,33,195,38,
188,42,183,37,182,32,188,32,193,36,
185,39,181,35,180,30,186,29,191,34,
184,38,179,33,179,28,185,28,190,33,
182,36,177,31,176,25,182,26,187,31,
180,34,175,29,175,24,180,24,185,28,
177,31,173,27,173,21,178,21,183,27,
176,31,171,25,171,20,177,20,181,25,
174,28,169,23,169,17,174,18,179,23,
172,26,168,21,168,15,173,16,178,21,
170,23,165,18,165,13,171,13,175,19,
169,22,164,16,164,10,169,11,174,17,
166,19,162,13,163,8,168,9,172,15,
165,17,160,12,161,5,166,7,170,12,
163,14,159,9,159,4,165,5,169,10,
161,13,157,7,158,2,164,3,168,9,
160,11,156,5,156,0,162,0,166,7,
158,8,154,3,155,-3,160,-1,164,4,
156,6,152,0,154,-5,159,-3,163,1,
155,3,151,-1,152,-6,157,-5,161,0,
154,2,150,-4,151,-9,156,-8,160,-1,
152,0,148,-7,149,-12,155,-11,159,-4,
151,-3,147,-10,148,-15,153,-14,157,-7,
149,-6,146,-13,148,-17,153,-16,156,-9,
Vehicle ID:156
250,100,-89.66643524169922
250,97,-91.4683837890625
249,95,-93.17284393310547
249,93,-94.24848175048828
248,90,-95.67566680908203
247,87,-97.43817138671875
246,84,-99.1098403930664
244,81,-100.50470733642578
244,79,-101.56226348876953
242,76,-103.18074798583984
241,74,-104.29285430908203
240,71,-105.92521667480469
238,68,-107.36932373046875
237,66,-108.8798599243164
237,64,-110.05101013183594
234,61,-111.61325073242188
233,59,-113.00801086425781
231,57,-114.62577056884766
229,54,-116.03887176513672
228,52,-117.3415756225586
226,49,-118.94585418701172
224,48,-120.44391632080078
223,46,-121.48413848876953
221,44,-122.68230438232422
218,42,-124.44892120361328
217,40,-125.7362060546875
215,38,-126.801513671875
212,36,-128.04673767089844
210,35,-129.65000915527344
208,32,-131.00843811035156
205,30,-131.97552490234375
247,115,244,92,248,88,255,91,257,114,
247,111,243,88,248,84,253,87,258,109,
246,109,242,86,246,81,252,84,257,106,
247,107,242,85,246,80,251,82,257,105,
246,104,240,82,245,77,250,79,256,102,
245,101,239,79,243,73,250,76,256,98,
245,98,238,76,242,70,248,73,254,95,
244,95,237,74,240,69,247,71,254,92,
244,93,236,71,239,66,245,68,254,90,
243,90,234,69,237,63,244,65,252,86,
242,88,233,68,236,62,243,63,252,84,
241,86,232,65,235,59,241,60,250,81,
240,83,230,62,232,57,240,58,249,78,
239,80,229,60,231,54,237,55,248,75,
238,78,228,58,230,52,236,53,247,74,
236,75,225,56,227,49,235,50,246,70,
236,73,224,54,226,47,232,48,244,68,
235,70,222,51,224,45,230,46,243,65,
233,68,220,49,222,43,228,43,241,62,
232,66,218,48,220,41,226,41,240,59,
230,63,216,45,218,39,224,39,239,57,
228,61,214,43,215,37,222,37,236,55,
227,59,213,42,214,36,220,35,235,53,
226,58,211,41,212,34,219,33,234,50,
224,55,208,38,210,32,216,31,231,48,
222,53,206,36,207,30,213,29,230,46,
221,51,204,35,205,28,212,27,228,44,
219,49,203,34,203,27,210,26,226,41,
217,47,200,32,201,25,206,24,224,40,
215,45,197,29,197,23,204,22,221,37,
212,43,195,29,195,22,202,21,219,35,
Vehicle ID:164
134,5,-168.38661193847656
131,6,-169.95204162597656
128,6,-171.96160888671875
126,6,-173.1964111328125
123,6,-174.7806854248047
119,7,-175.454833984375
116,7,-177.58016967773438
114,7,-179.58096313476562
111,8,178.82778930664062
108,9,176.7176971435547
106,10,175.32501220703125
103,10,173.73268127441406
100,11,171.92259216308594
98,13,170.35369873046875
96,13,169.2594757080078
93,15,167.8499298095703
90,16,166.29403686523438
87,17,164.77859497070312
84,18,163.50808715820312
82,19,162.2052001953125
80,21,160.57168579101562
77,23,159.21189880371094
76,23,158.3017578125
73,25,157.150390625
70,27,155.24258422851562
69,28,153.89158630371094
66,31,152.781494140625
64,32,151.3988494873047
61,34,149.59010314941406
60,36,148.07171630859375
58,38,146.8773651123047
145,11,125,10,122,5,126,1,146,2,
142,10,122,10,119,6,123,1,142,1,
140,11,120,11,116,6,120,1,139,2,
138,10,119,11,114,6,118,2,137,1,
135,10,116,11,111,7,115,2,134,1,
132,11,112,12,108,7,111,3,130,1,
129,10,109,12,105,9,108,3,127,1,
126,11,107,14,102,9,105,4,124,2,
124,11,105,14,100,10,103,5,122,1,
121,11,102,15,96,11,100,6,119,2,
119,12,100,16,95,12,98,7,116,2,
116,12,97,17,92,14,95,8,113,2,
113,13,94,18,89,15,91,9,110,4,
110,13,92,20,86,17,89,10,107,4,
108,14,90,20,84,17,86,12,105,5,
105,15,87,22,81,18,83,13,102,6,
102,15,85,23,79,20,81,14,99,7,
100,17,82,24,77,22,78,16,96,8,
97,18,79,26,74,23,76,17,93,9,
94,18,77,27,72,25,73,19,90,10,
93,20,75,28,69,26,71,21,87,11,
90,21,73,31,67,29,69,22,85,13,
88,21,71,32,66,30,67,23,84,14,
86,23,69,33,63,31,64,25,81,15,
83,24,67,36,60,34,61,27,78,17,
80,26,65,37,58,35,60,29,75,18,
78,27,63,38,57,37,57,31,73,20,
77,28,61,40,55,38,55,32,71,21,
74,31,59,43,52,42,52,36,68,23,
71,32,57,45,51,44,51,38,65,25,
69,33,55,46,49,45,49,39,63,27,
Vehicle ID:169
-44,130,166.74887084960938
-45,130,167.4144287109375
-46,130,167.77821350097656
-46,130,167.92697143554688
-46,130,167.95379638671875
-46,130,167.95382690429688
-46,130,167.9537353515625
-46,130,167.95372009277344
-46,130,167.9536590576172
-46,130,167.9536590576172
-46,130,167.9536895751953
-46,130,167.95372009277344
-46,130,167.95372009277344
-46,130,167.95372009277344
-46,130,167.9537353515625
-46,130,167.9537353515625
-46,130,167.9537353515625
-46,130,167.9537353515625
-46,130,167.9537353515625
-46,130,167.9537353515625
-46,130,167.9537353515625
-46,130,167.9537353515625
-46,130,167.9537353515625
-46,130,167.9537353515625
-46,130,167.9537353515625
-46,130,167.9537353515625
-46,130,167.9537353515625
-46,130,167.9537353515625
-46,130,167.9537353515625
-46,130,167.9537353515625
-46,130,167.9537353515625
-32,131,-47,137,-52,133,-50,127,-37,122,
-34,132,-49,137,-53,133,-52,128,-38,122,
-35,132,-49,137,-54,134,-52,128,-39,122,
-35,132,-50,137,-55,134,-53,128,-39,123,
-35,132,-50,137,-55,134,-53,128,-39,123,
-35,132,-50,137,-55,134,-53,128,-39,123,
-35,132,-50,137,-55,134,-53,128,-39,123,
-35,132,-50,137,-55,134,-53,128,-39,123,
-35,132,-50,137,-55,134,-53,128,-39,123,
-35,132,-50,137,-55,134,-53,128,-39,123,
-35,132,-50,137,-55,134,-53,128,-39,123,
-35,132,-50,137,-55,134,-53,128,-39,123,
-35,132,-50,137,-55,134,-53,128,-39,123,
-35,132,-50,137,-55,134,-53,128,-39,123,
-35,132,-50,137,-55,134,-53,128,-39,123,
-35,132,-50,137,-55,134,-53,128,-39,123,
-35,132,-50,137,-55,134,-53,128,-39,123,
-35,132,-50,137,-55,134,-53,128,-39,123,
-35,132,-50,137,-55,134,-53,128,-39,123,
-35,132,-50,137,-55,134,-53,128,-39,123,
-35,132,-50,137,-55,134,-53,128,-39,123,
-35,132,-50,137,-55,134,-53,128,-39,123,
-35,132,-50,137,-55,134,-53,128,-39,123,
-35,132,-50,137,-55,134,-53,128,-39,123,
-35,132,-50,137,-55,134,-53,128,-39,123,
-35,132,-50,137,-55,134,-53,128,-39,123,
-35,132,-50,137,-55,134,-53,128,-39,123,
-35,132,-50,137,-55,134,-53,128,-39,123,
-35,132,-50,137,-55,134,-53,128,-39,123,
-35,132,-50,137,-55,134,-53,128,-39,123,
-35,132,-50,137,-55,134,-53,128,-39,123,
Vehicle ID:171
472,50,-179.1499481201172
469,51,-179.18994140625
466,51,-179.18775939941406
465,51,-179.1797637939453
462,52,-179.1753387451172
459,52,-179.1791229248047
457,53,-179.17738342285156
454,53,-179.18707275390625
452,53,-179.21316528320312
449,54,-179.15487670898438
447,54,-179.14727783203125
445,54,-179.14108276367188
442,55,-179.1634521484375
441,55,-179.18629455566406
439,55,-179.1740264892578
435,55,-179.18186950683594
433,55,-179.17127990722656
430,56,-179.18690490722656
428,56,-179.19332885742188
426,56,-179.1848907470703
424,57,-179.14950561523438
421,57,-179.14967346191406
420,57,-179.1604766845703
417,58,-179.1487579345703
414,58,-179.1734161376953
412,58,-179.19786071777344
410,59,-179.1830291748047
408,59,-179.19354248046875
405,59,-179.17434692382812
402,60,-179.17672729492188
400,60,-179.17807006835938
476,52,472,52,468,51,472,48,476,48,
473,52,469,53,465,51,469,49,473,48,
470,53,468,53,463,52,467,49,470,49,
469,53,466,53,461,52,465,49,469,49,
467,53,464,54,459,52,463,50,466,49,
464,54,460,54,455,53,459,50,463,50,
461,54,458,55,453,53,457,51,460,50,
459,54,455,55,450,54,454,51,458,50,
457,55,453,55,448,54,452,51,456,51,
454,55,451,56,446,54,450,52,453,51,
452,55,448,56,443,55,447,52,451,51,
450,56,446,56,442,55,445,51,449,52,
447,56,443,57,439,55,442,52,446,51,
444,57,441,57,436,55,440,52,443,52,
442,57,439,57,434,55,438,52,442,52,
440,57,436,58,431,55,435,53,439,52,
437,58,434,58,429,56,433,53,436,53,
435,58,431,58,427,56,430,54,434,53,
432,58,429,59,425,56,428,54,432,53,
430,59,426,59,422,57,425,54,429,54,
427,59,424,59,420,57,423,55,427,54,
425,58,422,59,418,57,421,55,424,54,
423,59,420,59,416,58,419,55,422,55,
421,59,418,59,414,58,417,55,420,55,
418,59,415,60,411,58,414,56,417,55,
416,60,412,60,408,59,411,56,415,56,
414,60,410,61,406,59,409,57,413,56,
411,60,408,61,404,59,407,57,411,56,
409,61,405,61,401,60,404,57,408,57,
406,61,402,62,398,60,401,58,405,57,
404,61,400,62,396,61,400,58,403,57,
Vehicle ID:186
224,166,-50.37327575683594
226,163,-52.843544006347656
227,160,-54.79216766357422
227,158,-56.17058181762695
229,155,-58.06328582763672
230,152,-60.2042350769043
231,149,-62.223388671875
232,146,-63.91289138793945
232,144,-65.1985092163086
233,140,-67.18550109863281
233,137,-69.01582336425781
234,135,-70.23785400390625
234,131,-71.90764617919922
234,129,-72.22297668457031
235,126,-73.03065490722656
235,123,-74.05821228027344
235,121,-75.45137023925781
236,118,-78.1038589477539
235,115,-80.59654235839844
235,112,-81.88522338867188
235,109,-83.20995330810547
234,106,-85.72799682617188
233,104,-87.64311981201172
233,102,-89.87226104736328
233,98,-92.47151184082031
231,96,-94.37692260742188
231,93,-96.20777893066406
230,91,-97.8971939086914
229,87,-99.85633850097656
228,85,-101.87568664550781
226,83,-103.28902435302734
213,174,224,156,231,155,234,161,222,179,
215,171,226,153,231,152,234,157,225,176,
217,168,226,150,233,148,236,154,227,174,
218,167,227,147,233,147,237,152,227,172,
219,165,227,145,234,143,237,150,229,169,
221,161,228,141,235,140,239,146,230,165,
221,158,229,139,235,137,239,143,232,162,
223,156,229,136,236,134,240,139,233,160,
224,154,230,134,235,131,239,136,234,157,
224,151,229,131,236,128,240,133,235,153,
225,149,230,128,237,125,240,130,236,151,
226,147,230,126,236,123,241,127,236,148,
227,143,230,123,236,119,240,124,237,145,
227,140,231,120,236,117,241,121,238,142,
227,138,230,118,237,114,242,119,238,140,
228,135,231,114,236,111,241,115,239,136,
229,132,231,111,237,107,242,113,239,133,
229,130,230,108,236,105,241,109,239,130,
230,128,230,106,235,103,241,106,240,127,
229,125,229,104,235,100,240,103,240,124,
230,122,229,101,234,97,240,100,240,121,
230,120,228,98,233,94,239,97,241,118,
229,118,227,96,233,92,238,95,240,116,
230,115,227,94,231,89,238,92,241,113,
230,112,225,91,230,86,236,89,240,110,
229,110,224,88,228,83,235,87,240,107,
229,107,224,86,228,81,233,84,240,104,
229,105,222,84,227,79,233,81,239,101,
228,102,221,82,225,76,232,78,238,98,
227,99,220,79,223,73,229,75,237,95,
226,97,218,77,222,71,229,72,236,92,
