time
396.58374281498254
hero_global_pos
5.241124629974365,37.476593017578125
road_id
79
is_junction
False
speed_limit
30.0
speed
20.282757510515076
traffic_light
None
translation_offset
1070.76247382164,1388.3143463134766
angle
-4.637947082519531
hero_past_trajectory
198,373,-90.36273193359375
198,370,-90.36266326904297
197,367,-90.3624267578125
197,364,-90.36223602294922
197,362,-90.3622055053711
197,359,-90.3622055053711
197,356,-90.36229705810547
196,353,-90.3624267578125
196,351,-90.36248016357422
196,348,-90.36260223388672
195,344,-90.3626937866211
194,341,-90.36273193359375
194,339,-90.36254119873047
194,336,-90.36229705810547
194,333,-90.36214447021484
193,330,-90.36214447021484
193,328,-90.36214447021484
193,324,-90.33944702148438
193,322,-90.31334686279297
193,319,-90.2967529296875
192,316,-90.19268798828125
192,313,-89.9367904663086
192,310,-89.68841552734375
192,308,-89.2990493774414
192,305,-88.79766845703125
192,302,-88.33834838867188
192,299,-87.85945892333984
192,297,-87.36370086669922
191,294,-86.77698516845703
191,291,-86.09366607666016
192,288,-85.36205291748047
hero_past_corners
193,385,191,366,197,362,202,365,204,384,
193,381,191,362,197,358,202,361,204,380,
192,379,191,360,197,356,202,359,203,378,
192,376,191,356,196,352,201,355,203,375,
192,373,190,354,196,350,201,353,203,372,
192,371,190,351,196,347,201,350,203,370,
191,367,190,348,195,344,201,347,202,366,
191,364,190,345,194,341,201,344,202,363,
191,362,189,343,194,339,200,342,202,361,
191,360,189,340,194,336,200,340,202,358,
191,356,189,337,194,333,200,337,201,355,
190,353,189,334,193,330,200,334,201,352,
190,350,188,331,193,327,199,331,201,349,
190,348,188,329,193,325,199,329,201,347,
190,345,188,325,193,321,199,325,201,344,
189,342,188,322,192,318,199,322,200,341,
189,339,188,320,192,316,199,320,200,339,
189,336,187,317,192,313,198,317,200,336,
189,333,187,314,192,310,198,314,200,333,
188,331,187,312,192,308,198,312,199,331,
188,328,187,309,191,305,198,308,199,328,
188,325,186,307,191,302,197,306,199,325,
188,322,186,304,191,299,197,303,199,322,
188,319,186,301,192,296,197,300,198,319,
187,316,186,298,191,293,197,297,198,317,
187,313,186,295,191,290,197,294,198,314,
187,310,185,292,191,287,197,292,198,311,
187,309,186,289,192,285,197,290,198,309,
186,307,186,286,192,283,197,287,197,306,
186,303,186,284,191,279,198,284,197,303,
186,300,186,280,192,277,197,281,197,300,
actor_past_trajectory_corners
Vehicle ID:128
231,47,-134.44183349609375
228,44,-133.3621063232422
226,42,-132.93072509765625
224,41,-132.6878662109375
222,39,-132.62351989746094
221,37,-132.62152099609375
218,35,-132.6690673828125
216,33,-132.67791748046875
214,31,-132.5386199951172
212,30,-132.19619750976562
210,27,-131.71743774414062
208,25,-131.2969207763672
206,23,-130.61602783203125
204,21,-129.95489501953125
202,19,-129.13697814941406
201,17,-128.69537353515625
199,16,-127.7142562866211
197,13,-126.55289459228516
195,11,-125.6567153930664
193,9,-125.04630279541016
191,6,-123.85401153564453
190,4,-122.72168731689453
188,2,-121.71778869628906
187,0,-120.89204406738281
185,-1,-119.76468658447266
183,-4,-118.55387115478516
182,-6,-117.5566177368164
181,-8,-116.92354583740234
180,-11,-116.09867858886719
177,-14,-115.11460876464844
176,-16,-114.69727325439453
233,53,228,48,227,43,232,43,238,48,
230,51,225,46,224,41,230,40,234,45,
228,49,222,45,222,39,228,38,233,44,
226,46,220,42,220,37,226,36,231,41,
224,46,219,40,219,35,224,35,229,40,
222,44,217,39,216,33,222,34,227,38,
219,41,215,36,214,31,219,31,225,36,
218,39,213,35,212,30,217,29,223,34,
216,38,211,34,211,28,216,28,221,33,
214,36,209,32,209,26,214,26,219,31,
211,34,206,29,206,23,212,24,216,28,
209,32,204,26,203,21,210,22,214,26,
207,30,202,24,202,19,207,19,213,24,
205,28,201,22,200,17,206,18,211,23,
203,25,198,21,198,16,204,15,208,21,
202,24,197,19,197,14,203,14,207,19,
199,22,195,17,195,11,201,11,205,17,
197,20,193,14,193,9,199,10,203,14,
195,17,191,12,191,6,196,7,201,12,
194,16,190,10,190,5,195,6,200,10,
192,13,187,7,188,2,193,3,197,9,
191,11,186,6,187,0,192,1,196,7,
188,8,184,3,184,-1,191,-1,194,4,
187,6,183,1,183,-4,188,-3,193,2,
185,4,182,-1,182,-6,187,-6,191,0,
184,2,179,-3,181,-9,186,-7,189,-2,
182,0,178,-6,179,-11,185,-9,188,-4,
180,-2,177,-8,178,-13,184,-11,187,-6,
179,-4,176,-10,176,-16,182,-14,186,-7,
177,-7,174,-12,175,-19,180,-17,184,-10,
176,-9,172,-15,174,-21,179,-19,183,-13,
Vehicle ID:156
264,105,-81.38401794433594
264,102,-83.72532653808594
264,99,-85.02759552001953
264,96,-86.67141723632812
264,94,-88.20795440673828
263,91,-89.66643524169922
263,88,-91.4683837890625
263,85,-93.17284393310547
263,83,-94.24848175048828
261,80,-95.67566680908203
261,77,-97.43817138671875
260,74,-99.1098403930664
259,71,-100.50470733642578
259,69,-101.56226348876953
257,66,-103.18074798583984
256,64,-104.29285430908203
255,60,-105.92521667480469
254,57,-107.36932373046875
252,55,-108.8798599243164
252,53,-110.05101013183594
250,51,-111.61325073242188
249,48,-113.00801086425781
248,46,-114.62577056884766
245,43,-116.03887176513672
244,41,-117.3415756225586
243,38,-118.94585418701172
241,36,-120.44391632080078
240,34,-121.48413848876953
237,32,-122.68230438232422
235,30,-124.44892120361328
234,28,-125.7362060546875
258,118,260,95,265,91,271,96,269,119,
259,114,259,92,265,87,269,92,269,115,
259,112,259,89,265,85,269,89,269,112,
260,109,259,87,264,83,269,86,270,109,
260,107,259,84,263,80,269,83,270,106,
259,105,258,82,262,78,269,81,269,104,
259,101,257,78,262,74,267,77,270,100,
259,99,256,76,261,71,266,74,270,97,
260,97,256,74,261,70,266,72,270,95,
259,94,255,71,259,67,265,69,269,92,
258,91,253,68,258,63,264,66,269,88,
258,88,253,65,257,60,263,64,268,85,
258,85,252,63,256,58,262,61,268,82,
258,83,251,61,254,55,261,58,267,80,
256,80,250,59,253,52,259,55,266,76,
256,78,248,57,252,51,258,53,266,74,
255,75,247,54,251,48,257,50,265,71,
255,72,246,51,249,46,256,47,263,69,
254,69,245,49,247,43,253,44,263,66,
252,67,244,47,246,41,252,42,262,64,
251,64,241,44,244,38,251,39,261,60,
251,62,240,42,243,36,249,37,260,58,
250,60,238,39,241,33,247,35,258,55,
248,57,237,38,239,31,245,32,257,52,
247,55,235,36,237,29,243,30,256,49,
246,52,233,33,235,27,241,27,255,46,
244,50,231,31,233,25,240,25,252,44,
243,48,230,30,232,24,238,23,251,42,
242,46,228,28,230,22,237,22,250,39,
240,43,226,25,227,19,233,19,248,37,
238,41,224,24,225,17,231,17,247,35,
Vehicle ID:164
168,-9,-161.12063598632812
164,-10,-163.84661865234375
162,-10,-165.2754669189453
159,-10,-166.93943786621094
156,-10,-168.1208953857422
154,-11,-168.38661193847656
151,-11,-169.95204162597656
148,-10,-171.96160888671875
146,-11,-173.1964111328125
143,-11,-174.7806854248047
139,-11,-175.454833984375
136,-10,-177.58016967773438
134,-10,-179.58096313476562
131,-10,178.82778930664062
128,-9,176.7176971435547
126,-9,175.32501220703125
123,-8,173.73268127441406
120,-7,171.92259216308594
117,-6,170.35369873046875
115,-6,169.2594757080078
112,-4,167.8499298095703
109,-3,166.29403686523438
106,-2,164.77859497070312
103,-2,163.50808715820312
101,-1,162.2052001953125
98,0,160.57168579101562
96,2,159.21189880371094
95,2,158.3017578125
92,3,157.150390625
89,5,155.24258422851562
87,7,153.89158630371094
178,-2,159,-6,157,-12,161,-16,181,-10,
174,-3,156,-6,153,-12,157,-15,177,-12,
172,-3,153,-7,151,-12,155,-16,175,-13,
169,-4,150,-7,148,-11,152,-16,170,-13,
167,-4,148,-6,144,-12,149,-16,168,-13,
164,-5,145,-7,142,-12,146,-16,165,-14,
161,-5,142,-7,139,-12,143,-16,162,-15,
159,-5,139,-7,136,-11,140,-16,159,-14,
157,-6,138,-7,134,-11,138,-16,157,-15,
154,-6,135,-6,131,-11,135,-15,154,-15,
151,-6,131,-6,128,-11,131,-15,150,-16,
148,-6,128,-6,125,-10,128,-15,147,-15,
145,-6,126,-5,122,-9,125,-15,144,-15,
143,-6,124,-4,120,-8,122,-13,142,-16,
140,-6,121,-3,116,-8,119,-13,139,-16,
138,-6,119,-3,114,-7,117,-12,136,-15,
135,-5,116,-2,111,-5,115,-11,133,-15,
132,-5,113,-1,108,-4,111,-10,130,-14,
129,-5,110,0,105,-3,109,-9,127,-14,
127,-4,108,0,103,-3,106,-8,124,-14,
124,-3,106,1,100,-2,103,-7,121,-12,
121,-3,104,2,98,0,100,-6,118,-12,
119,-2,101,3,95,1,97,-4,116,-11,
116,-1,98,5,93,2,95,-3,113,-10,
113,-1,96,6,91,3,92,-2,110,-9,
111,0,93,7,88,5,89,0,107,-8,
109,1,91,9,85,7,87,1,105,-7,
107,1,89,10,84,8,85,2,103,-6,
105,2,87,12,81,9,83,3,100,-5,
102,3,84,14,78,11,80,5,97,-3,
99,5,83,15,76,12,78,6,94,-2,
Vehicle ID:169
-23,98,161.90933227539062
-26,99,163.35333251953125
-28,99,164.36758422851562
-29,99,165.39797973632812
-30,100,166.0971221923828
-32,101,166.74887084960938
-33,101,167.4144287109375
-34,101,167.77821350097656
-34,101,167.92697143554688
-34,101,167.95379638671875
-34,101,167.95382690429688
-34,101,167.9537353515625
-34,101,167.95372009277344
-34,101,167.9536590576172
-34,101,167.9536590576172
-34,101,167.9536895751953
-34,101,167.95372009277344
-34,101,167.95372009277344
-34,101,167.95372009277344
-34,101,167.9537353515625
-34,101,167.9537353515625
-34,101,167.9537353515625
-34,101,167.9537353515625
-34,101,167.9537353515625
-34,101,167.9537353515625
-34,101,167.9537353515625
-34,101,167.9537353515625
-34,101,167.9537353515625
-34,101,167.9537353515625
-34,101,167.9537353515625
-34,101,167.9537353515625
-13,99,-27,104,-32,102,-30,95,-17,89,
-15,100,-29,105,-35,103,-33,97,-19,90,
-17,100,-30,105,-37,103,-34,97,-21,92,
-19,102,-32,107,-38,103,-36,97,-22,92,
-20,102,-34,107,-40,103,-37,97,-22,93,
-21,103,-35,107,-41,103,-38,97,-24,93,
-23,103,-37,107,-42,103,-40,98,-25,93,
-24,103,-37,107,-43,103,-40,98,-26,93,
-24,103,-38,107,-44,104,-41,98,-26,94,
-24,103,-38,107,-44,104,-41,98,-26,94,
-24,103,-38,107,-44,104,-41,98,-26,94,
-24,103,-38,107,-44,104,-41,98,-26,94,
-24,103,-38,107,-44,104,-41,98,-26,94,
-24,103,-38,107,-44,104,-41,98,-26,94,
-24,103,-38,107,-44,104,-41,98,-26,94,
-24,103,-38,107,-44,104,-41,98,-26,94,
-24,103,-38,107,-44,104,-41,98,-26,94,
-24,103,-38,107,-44,104,-41,98,-26,94,
-24,103,-38,107,-44,104,-41,98,-26,94,
-24,103,-38,107,-44,104,-41,98,-26,94,
-24,103,-38,107,-44,104,-41,98,-26,94,
-24,103,-38,107,-44,104,-41,98,-26,94,
-24,103,-38,107,-44,104,-41,98,-26,94,
-24,103,-38,107,-44,104,-41,98,-26,94,
-24,103,-38,107,-44,104,-41,98,-26,94,
-24,103,-38,107,-44,104,-41,98,-26,94,
-24,103,-38,107,-44,104,-41,98,-26,94,
-24,103,-38,107,-44,104,-41,98,-26,94,
-24,103,-38,107,-44,104,-41,98,-26,94,
-24,103,-38,107,-44,104,-41,98,-26,94,
-24,103,-38,107,-44,104,-41,98,-26,94,
Vehicle ID:171
500,54,-179.0226593017578
497,55,-179.04075622558594
495,55,-179.08544921875
492,55,-179.08639526367188
490,55,-179.10870361328125
488,55,-179.1499481201172
485,56,-179.18994140625
482,56,-179.18775939941406
481,56,-179.1797637939453
478,56,-179.1753387451172
475,56,-179.1791229248047
473,57,-179.17738342285156
470,57,-179.18707275390625
468,57,-179.21316528320312
465,57,-179.15487670898438
463,57,-179.14727783203125
461,57,-179.14108276367188
458,58,-179.1634521484375
456,58,-179.18629455566406
454,58,-179.1740264892578
451,57,-179.18186950683594
449,57,-179.17127990722656
446,58,-179.18690490722656
444,58,-179.19332885742188
441,58,-179.1848907470703
439,58,-179.14950561523438
436,58,-179.14967346191406
435,59,-179.1604766845703
432,59,-179.1487579345703
429,59,-179.1734161376953
427,59,-179.19786071777344
504,56,501,56,497,55,501,52,504,52,
501,56,497,57,493,55,497,53,501,52,
499,56,495,57,491,55,495,53,499,52,
496,57,492,57,488,55,493,53,496,53,
494,57,490,57,486,55,490,53,494,53,
492,57,488,57,484,56,488,53,492,53,
489,57,485,58,481,56,485,54,489,53,
486,57,483,58,479,56,483,54,486,53,
485,58,481,58,477,56,481,54,485,54,
482,58,479,58,475,56,479,54,482,54,
479,58,475,58,471,57,475,54,479,54,
476,58,473,58,469,57,473,55,476,54,
474,58,470,59,466,57,470,55,474,54,
472,59,468,59,464,57,468,55,472,55,
469,59,466,59,462,57,466,55,469,55,
467,59,463,59,459,58,463,55,467,55,
465,59,461,59,457,58,461,54,465,55,
462,59,458,60,454,58,458,55,462,54,
459,60,456,60,452,57,456,55,459,55,
457,60,454,60,450,57,454,55,458,55,
455,60,451,60,447,58,451,55,455,55,
452,60,449,60,445,58,449,55,452,55,
450,60,446,61,442,58,446,56,450,55,
447,61,444,61,440,58,444,56,448,56,
445,61,441,61,437,58,441,56,445,56,
442,61,439,60,435,59,439,56,443,56,
440,60,437,60,433,59,437,56,440,56,
438,60,435,61,431,59,435,57,438,56,
436,60,433,61,429,59,433,57,436,57,
433,61,430,61,426,59,430,57,433,57,
431,61,427,61,423,60,427,57,431,57,
Vehicle ID:186
224,165,-43.641414642333984
227,163,-43.742794036865234
229,161,-44.09299850463867
231,158,-46.276153564453125
231,156,-48.3176383972168
233,154,-50.37327575683594
235,151,-52.843544006347656
236,148,-54.79216766357422
237,147,-56.17058181762695
238,144,-58.06328582763672
240,141,-60.2042350769043
241,138,-62.223388671875
242,134,-63.91289138793945
243,132,-65.1985092163086
243,129,-67.18550109863281
244,126,-69.01582336425781
245,124,-70.23785400390625
246,120,-71.90764617919922
245,118,-72.22297668457031
246,115,-73.03065490722656
247,112,-74.05821228027344
247,110,-75.45137023925781
248,107,-78.1038589477539
247,104,-80.59654235839844
247,101,-81.88522338867188
248,98,-83.20995330810547
247,95,-85.72799682617188
246,93,-87.64311981201172
246,91,-89.87226104736328
246,87,-92.47151184082031
245,85,-94.37692260742188
213,171,226,156,233,156,234,162,220,178,
214,169,229,153,235,153,237,160,223,175,
216,167,230,150,237,151,239,158,225,174,
218,164,232,148,239,149,240,155,227,172,
220,163,233,146,240,146,241,153,229,170,
222,161,234,144,240,144,243,150,230,168,
224,159,235,141,241,141,244,146,233,164,
225,156,236,138,243,137,245,143,235,162,
226,155,237,136,243,135,246,141,236,160,
228,153,238,134,245,132,247,139,238,158,
230,149,238,130,245,129,249,135,239,154,
231,146,239,128,246,126,250,132,241,151,
233,144,240,125,247,123,250,129,242,149,
233,142,241,123,247,120,250,126,244,146,
234,139,241,120,247,117,251,123,244,142,
235,137,241,116,248,114,252,120,246,140,
236,135,241,114,248,112,252,117,246,137,
238,132,242,111,248,108,252,114,248,134,
237,129,243,108,248,106,253,110,248,131,
238,127,242,106,249,103,254,108,248,129,
239,124,243,103,249,100,253,104,250,126,
240,121,243,100,250,97,254,102,250,123,
240,119,243,97,248,94,254,98,251,120,
241,116,243,95,248,92,254,95,251,117,
241,113,242,92,248,89,253,92,252,114,
242,110,242,89,248,86,253,89,252,111,
242,108,242,86,247,83,253,86,253,108,
241,106,241,84,246,81,252,85,252,106,
242,103,241,82,245,78,251,82,253,102,
242,100,239,79,244,75,250,79,253,99,
242,98,238,77,243,72,249,76,253,96,
