time
392.0357426762639
hero_global_pos
5.056972026824951,63.19802474975586
road_id
33
is_junction
False
speed_limit
30.0
speed
20.479069666705286
traffic_light
None
translation_offset
1061.3929709941149,1518.0019283294678
angle
0.36229705810546875
hero_past_trajectory
191,373,-90.36244201660156
191,370,-90.36254119873047
192,367,-90.36266326904297
192,364,-90.36273193359375
192,361,-90.36273193359375
192,359,-90.3625717163086
192,356,-90.36229705810547
192,352,-90.3622055053711
192,350,-90.36223602294922
192,347,-90.36229705810547
192,344,-90.36239624023438
192,341,-90.36248016357422
192,338,-90.36260223388672
192,335,-90.3626937866211
192,333,-90.36273193359375
192,331,-90.36262512207031
192,328,-90.36235809326172
192,324,-90.3622055053711
192,322,-90.3622055053711
192,320,-90.36223602294922
192,316,-90.36235809326172
192,313,-90.36248016357422
192,310,-90.3625717163086
192,308,-90.36262512207031
192,306,-90.3626937866211
192,302,-90.36273193359375
192,299,-90.36248016357422
192,296,-90.36227416992188
192,293,-90.36214447021484
192,290,-90.36216735839844
192,288,-90.36229705810547
hero_past_corners
186,385,187,365,192,361,198,365,197,385,
186,382,187,363,192,359,198,363,197,382,
186,378,187,359,192,355,198,359,197,378,
186,375,187,356,192,352,198,356,197,375,
186,373,187,354,192,350,198,353,197,373,
186,371,187,351,192,347,198,351,197,371,
186,368,187,349,192,345,198,349,197,368,
187,364,187,345,192,341,198,345,198,364,
187,361,187,342,192,338,198,342,198,361,
187,358,187,339,192,335,198,339,198,358,
187,356,187,336,192,332,198,336,198,356,
187,353,187,334,192,330,198,334,198,353,
187,350,187,331,192,327,198,331,198,350,
187,347,187,328,192,324,198,328,198,347,
187,344,187,325,192,321,198,325,198,344,
187,342,187,323,192,319,198,323,198,342,
187,339,187,320,192,316,198,320,198,339,
187,336,186,317,192,313,198,317,198,336,
187,334,186,315,192,311,198,315,198,334,
187,331,186,312,192,308,198,312,198,331,
187,327,186,308,192,304,198,308,198,327,
187,324,186,305,192,301,198,305,198,324,
187,322,186,303,192,298,198,302,198,322,
187,319,186,300,192,296,198,300,198,319,
186,318,186,298,192,294,198,298,198,318,
186,313,186,294,192,290,198,294,198,313,
186,311,186,292,192,288,198,291,198,311,
186,308,186,289,192,285,198,289,198,308,
186,305,186,286,192,282,198,286,198,305,
186,302,186,283,192,279,198,283,198,302,
186,299,186,280,192,276,198,280,198,299,
actor_past_trajectory_corners
Vehicle ID:116
117,291,89.63717651367188
117,294,89.63790130615234
117,298,89.63837432861328
117,301,89.63821411132812
117,303,89.63787841796875
117,305,89.63760375976562
117,308,89.63729095458984
117,312,89.636962890625
117,315,89.63732147216797
117,318,89.63832092285156
117,320,89.6386947631836
117,323,89.63854217529297
117,326,89.63809967041016
117,329,89.63761901855469
117,332,89.63724517822266
117,334,89.6369857788086
117,337,89.63676452636719
117,340,89.63668060302734
117,342,89.63722229003906
117,345,89.63803100585938
117,349,89.63814544677734
117,352,89.63787841796875
117,355,89.63750457763672
117,357,89.63729095458984
117,359,89.63709259033203
117,363,89.63677215576172
117,366,89.6373519897461
116,368,89.6382064819336
116,372,89.63842010498047
117,374,89.63814544677734
117,377,89.63777160644531
121,282,121,297,117,301,113,297,112,281,
121,285,122,299,117,303,113,299,112,284,
121,288,122,303,117,307,113,303,112,287,
121,291,122,306,117,310,113,306,112,290,
121,294,122,309,117,313,113,309,113,294,
121,296,122,311,117,315,113,310,113,296,
122,299,122,313,117,317,113,313,113,299,
122,303,122,317,117,321,113,316,113,303,
122,305,122,320,117,324,113,319,113,305,
122,308,122,323,117,327,113,322,113,308,
122,311,122,326,117,330,113,325,113,310,
122,314,122,328,117,332,113,327,113,313,
122,317,122,332,117,336,113,331,113,316,
122,320,122,334,117,338,113,333,113,319,
122,323,122,337,117,341,113,336,113,322,
122,325,122,339,117,343,113,338,113,324,
122,328,122,342,117,346,113,341,113,327,
122,331,122,346,117,350,113,345,113,330,
122,333,122,347,117,351,113,346,113,332,
122,336,122,350,117,354,113,349,113,335,
122,339,122,354,117,358,113,353,113,338,
122,342,122,357,117,361,113,356,113,342,
122,345,122,360,117,364,113,359,113,344,
122,347,122,362,117,366,113,361,113,347,
122,349,122,364,116,368,113,363,113,348,
122,354,121,368,116,372,112,367,113,353,
122,356,121,371,117,375,112,370,113,355,
122,359,121,374,117,378,112,373,113,358,
122,362,121,377,117,381,112,376,113,361,
122,365,121,380,117,384,112,379,113,364,
121,368,121,382,117,386,112,381,112,367,
Vehicle ID:156
207,80,-19.23434829711914
209,79,-20.52480697631836
212,77,-22.29704475402832
215,76,-23.872173309326172
217,75,-25.209299087524414
219,74,-26.092906951904297
222,73,-26.493907928466797
225,71,-27.88051414489746
227,69,-29.70220947265625
230,68,-31.584856033325195
232,66,-33.40242004394531
234,64,-34.8997917175293
237,62,-36.563289642333984
239,61,-38.11496353149414
241,59,-39.48594284057617
242,57,-40.389156341552734
244,55,-41.53361892700195
247,53,-43.236026763916016
248,52,-44.07184600830078
251,50,-45.20375442504883
254,47,-46.12982177734375
256,45,-46.323795318603516
257,42,-47.56705856323242
259,41,-48.90337371826172
260,39,-49.979984283447266
262,36,-52.79438400268555
264,33,-54.366268157958984
265,31,-55.84415817260742
267,28,-57.377662658691406
268,26,-58.89274215698242
270,24,-60.34284591674805
192,79,214,72,219,75,217,82,196,89,
195,79,216,71,222,74,220,80,198,88,
198,78,219,69,225,72,223,79,202,87,
201,77,221,68,227,71,226,77,205,86,
203,76,224,66,229,69,228,75,207,85,
205,75,225,65,231,68,230,74,209,84,
207,74,228,64,234,67,232,73,212,83,
211,72,231,62,237,64,236,71,216,82,
213,71,233,60,239,63,238,69,218,80,
216,70,235,58,241,61,240,67,221,79,
218,69,237,56,243,59,243,65,224,78,
220,68,239,55,245,57,245,63,226,76,
223,66,241,53,247,54,247,61,229,75,
225,65,243,51,249,52,249,59,231,73,
227,63,246,49,252,50,251,57,234,71,
229,62,247,47,253,49,253,55,235,70,
231,60,249,45,255,47,255,53,238,68,
233,58,251,43,258,44,258,50,241,66,
235,57,252,41,259,42,259,49,242,65,
237,55,254,39,260,40,261,46,244,63,
240,53,256,36,263,37,264,44,247,60,
242,51,259,34,265,35,266,41,249,58,
245,49,260,32,266,33,268,39,251,56,
246,47,261,30,268,31,269,37,253,54,
247,46,262,29,269,29,270,35,254,53,
250,43,264,25,271,25,272,31,258,49,
252,41,265,23,272,23,274,30,260,47,
254,39,266,20,273,21,275,27,262,45,
255,37,268,18,274,18,276,24,264,42,
257,35,269,15,275,16,278,22,266,40,
258,33,270,13,276,13,279,19,267,38,
Vehicle ID:186
118,57,32.8499870300293
120,59,31.17127799987793
123,60,29.370140075683594
126,62,27.99723243713379
128,63,27.6588077545166
130,64,27.31001853942871
133,65,25.471590042114258
136,66,22.523704528808594
139,67,20.320695877075195
142,67,18.384937286376953
144,68,16.608871459960938
147,69,15.02937126159668
150,69,14.537114143371582
153,70,13.22286605834961
155,70,10.99387264251709
157,70,9.620715141296387
160,71,8.88812255859375
164,71,5.989523887634277
166,71,4.318114280700684
169,71,1.8739252090454102
173,70,-1.062561273574829
176,70,-3.280578851699829
179,70,-5.243868350982666
181,69,-6.711065292358398
183,69,-7.822120666503906
187,68,-10.710801124572754
190,67,-12.261188507080078
192,66,-13.873251914978027
195,65,-15.84623908996582
198,64,-17.38409996032715
201,63,-18.914859771728516
111,45,128,57,128,64,122,67,104,54,
113,47,130,58,131,65,125,68,107,56,
116,49,133,60,134,66,128,69,110,58,
118,51,136,61,137,67,131,70,112,59,
120,52,139,62,140,69,134,72,115,62,
122,53,140,63,141,69,135,72,117,63,
124,54,143,64,144,70,138,73,119,64,
127,56,146,64,148,71,142,74,123,66,
129,57,149,65,151,71,145,75,125,67,
131,58,152,65,154,71,148,75,128,69,
134,59,154,65,156,72,151,76,131,70,
136,60,157,66,159,72,154,76,133,71,
139,61,160,66,162,72,157,77,136,71,
142,62,162,67,165,73,160,77,139,72,
144,62,165,66,168,73,163,77,142,73,
146,63,167,66,170,72,165,77,144,74,
149,63,170,67,173,73,168,77,147,74,
152,64,173,66,177,72,172,77,151,75,
154,65,175,66,178,72,174,77,153,75,
156,65,178,66,181,71,177,76,156,76,
160,65,181,65,185,70,181,76,160,76,
163,65,184,64,188,69,185,75,163,76,
165,65,187,64,191,69,188,74,166,76,
168,65,189,63,193,68,190,74,169,76,
169,65,190,62,195,67,192,73,171,76,
174,65,195,61,199,66,197,72,176,76,
176,65,197,60,202,64,199,71,178,75,
179,64,199,59,205,63,202,70,181,75,
182,64,202,58,207,62,205,68,185,74,
184,63,205,57,210,61,208,67,187,73,
187,62,207,55,212,59,210,66,190,73,
