time
397.81054865467013
hero_global_pos
6.523773670196533,30.811405181884766
road_id
79
is_junction
False
speed_limit
30.0
speed
20.148259456332813
traffic_light
None
translation_offset
1090.97913646698,1357.5499267578125
angle
-13.235221862792969
hero_past_trajectory
203,372,-90.36254119873047
203,369,-90.36229705810547
202,366,-90.36214447021484
201,363,-90.36214447021484
201,361,-90.36214447021484
200,357,-90.33944702148438
200,355,-90.31334686279297
199,352,-90.2967529296875
198,349,-90.19268798828125
197,346,-89.9367904663086
197,343,-89.68841552734375
196,341,-89.2990493774414
197,338,-88.79766845703125
196,335,-88.33834838867188
195,332,-87.85945892333984
195,330,-87.36370086669922
194,328,-86.77698516845703
193,325,-86.09366607666016
194,321,-85.36205291748047
193,320,-84.671142578125
193,317,-84.0504150390625
193,313,-83.19664001464844
192,311,-82.23568725585938
192,307,-81.56511688232422
192,304,-80.70561981201172
192,301,-79.8504409790039
192,299,-79.17212677001953
192,296,-78.40105438232422
192,293,-77.72611236572266
192,291,-77.31527709960938
192,288,-76.76477813720703
hero_past_corners
201,383,197,365,201,360,207,362,212,381,
201,382,196,363,200,358,207,360,211,379,
200,379,195,359,199,354,206,357,211,376,
199,376,195,356,199,351,205,354,210,373,
199,373,194,354,198,349,205,352,209,370,
198,370,194,351,197,346,204,349,209,367,
197,367,193,348,197,343,204,346,208,364,
197,365,192,346,196,341,203,344,207,362,
196,362,192,344,196,339,202,340,207,360,
195,359,191,341,195,336,202,338,206,357,
195,356,190,338,194,333,201,335,205,354,
194,353,190,335,195,330,200,332,205,351,
193,350,189,332,194,327,200,329,204,349,
193,347,188,329,193,324,200,326,204,346,
192,345,188,326,193,321,199,324,203,343,
191,343,188,324,193,319,199,322,202,341,
191,341,187,321,193,317,198,319,202,338,
190,337,187,318,192,313,199,316,201,335,
189,334,187,315,192,311,198,313,200,332,
189,332,186,312,191,308,197,311,201,330,
189,329,187,310,192,304,198,308,200,327,
189,326,186,307,191,302,197,305,199,324,
188,322,186,303,191,298,197,302,199,321,
187,320,186,301,191,296,197,299,199,318,
187,316,186,297,191,292,197,296,198,315,
187,314,186,294,191,290,197,294,198,313,
187,311,186,292,192,287,197,291,198,310,
186,308,186,288,191,284,197,288,198,307,
187,305,186,285,192,282,198,286,198,304,
186,303,186,284,192,280,197,284,198,303,
187,300,186,280,192,277,197,281,198,300,
actor_past_trajectory_corners
Vehicle ID:128
168,57,-130.61602783203125
166,56,-129.95489501953125
164,54,-129.13697814941406
162,53,-128.69537353515625
160,51,-127.7142562866211
157,49,-126.55289459228516
155,47,-125.6567153930664
153,45,-125.04630279541016
151,43,-123.85401153564453
149,41,-122.72168731689453
147,40,-121.71778869628906
145,37,-120.89204406738281
144,35,-119.76468658447266
141,33,-118.55387115478516
140,31,-117.5566177368164
138,29,-116.92354583740234
137,27,-116.09867858886719
134,24,-115.11460876464844
133,23,-114.69727325439453
131,21,-114.40777587890625
130,18,-113.50434112548828
128,15,-111.71977233886719
126,13,-109.64273834228516
126,11,-108.09882354736328
124,8,-106.4193344116211
122,5,-105.25517272949219
121,4,-104.34459686279297
120,1,-103.3947525024414
119,-1,-102.8155517578125
118,-3,-102.495849609375
117,-6,-101.82270050048828
170,64,164,59,164,54,169,53,175,58,
168,63,162,58,161,53,167,52,172,56,
165,60,160,56,159,51,165,50,170,55,
164,59,159,54,157,50,164,49,169,53,
161,57,156,53,155,47,161,47,166,52,
159,55,154,50,153,45,159,45,164,49,
156,53,151,49,151,43,156,43,161,48,
155,52,150,47,150,42,155,42,160,46,
152,50,147,45,147,40,152,40,157,44,
151,48,146,43,145,37,151,38,156,43,
148,46,143,41,143,36,149,35,153,40,
147,44,142,39,141,33,147,34,152,39,
144,41,140,36,140,31,145,31,149,37,
143,40,138,35,138,28,143,29,148,34,
140,37,136,32,136,27,142,28,146,33,
139,35,134,30,134,25,141,26,145,31,
137,34,133,29,133,23,139,23,143,29,
135,31,130,26,131,20,136,21,141,27,
133,30,129,23,130,18,135,19,139,24,
132,27,127,22,128,16,133,17,138,22,
130,25,126,19,126,14,132,15,136,21,
129,22,124,16,125,11,130,12,135,18,
127,20,122,14,123,8,128,9,133,15,
125,17,122,11,123,6,128,7,132,14,
124,14,120,8,121,3,126,5,130,11,
122,12,119,6,119,1,125,3,128,8,
120,10,117,4,119,-1,124,0,127,6,
119,7,116,1,117,-4,123,-2,126,4,
118,4,115,-1,117,-6,121,-4,125,2,
117,3,114,-2,115,-7,121,-5,123,0,
116,0,112,-6,114,-10,119,-8,123,-2,
Vehicle ID:156
227,97,-100.50470733642578
227,95,-101.56226348876953
225,92,-103.18074798583984
224,91,-104.29285430908203
222,87,-105.92521667480469
220,84,-107.36932373046875
219,82,-108.8798599243164
218,80,-110.05101013183594
216,78,-111.61325073242188
214,75,-113.00801086425781
212,74,-114.62577056884766
210,71,-116.03887176513672
208,69,-117.3415756225586
207,67,-118.94585418701172
204,65,-120.44391632080078
203,64,-121.48413848876953
200,62,-122.68230438232422
198,60,-124.44892120361328
196,58,-125.7362060546875
194,56,-126.801513671875
192,55,-128.04673767089844
189,53,-129.65000915527344
187,51,-131.00843811035156
184,49,-131.97552490234375
182,48,-133.58001708984375
179,46,-134.88404846191406
177,45,-135.87266540527344
175,43,-137.0735321044922
172,43,-138.44383239746094
170,42,-139.3263397216797
168,41,-140.81529235839844
228,111,220,90,222,85,229,86,238,107,
228,109,218,88,221,82,227,84,237,105,
226,106,216,86,219,79,225,81,235,101,
226,104,215,84,218,79,224,79,235,99,
224,102,213,82,216,76,222,76,233,96,
224,99,212,79,213,73,221,74,232,94,
222,96,210,77,212,71,218,71,231,91,
220,94,209,76,210,69,217,70,229,89,
219,92,206,73,208,67,215,67,228,85,
218,90,205,71,206,65,212,64,226,84,
217,87,202,69,204,62,210,63,224,81,
215,84,201,67,202,61,208,60,223,78,
214,83,198,66,200,59,206,59,221,76,
212,80,196,63,197,57,203,56,220,73,
209,78,194,61,195,55,202,55,217,72,
208,77,193,61,194,54,199,53,216,70,
207,75,191,59,191,53,198,51,214,67,
205,72,188,57,189,50,194,49,211,65,
203,71,186,55,186,49,192,48,210,63,
201,69,183,54,184,48,191,46,208,61,
200,67,182,53,181,46,188,44,206,59,
197,65,179,52,179,45,185,43,203,57,
195,63,176,49,176,43,182,42,201,55,
192,62,174,49,173,42,180,40,198,53,
190,59,171,47,171,40,177,39,196,51,
188,58,169,46,168,40,174,37,193,49,
186,57,167,45,165,39,172,36,191,48,
183,55,163,44,163,37,168,35,189,46,
181,53,161,43,161,37,166,34,186,45,
180,53,160,42,158,36,165,33,185,44,
177,51,157,42,155,35,162,32,181,42,
Vehicle ID:164
91,34,-179.58096313476562
88,35,178.82778930664062
86,37,176.7176971435547
84,37,175.32501220703125
81,38,173.73268127441406
78,39,171.92259216308594
75,41,170.35369873046875
73,42,169.2594757080078
71,43,167.8499298095703
68,45,166.29403686523438
65,47,164.77859497070312
62,47,163.50808715820312
61,49,162.2052001953125
58,50,160.57168579101562
56,53,159.21189880371094
55,53,158.3017578125
52,55,157.150390625
49,58,155.24258422851562
48,59,153.89158630371094
45,62,152.781494140625
44,63,151.3988494873047
41,66,149.59010314941406
39,67,148.07171630859375
38,69,146.8773651123047
35,72,145.30421447753906
34,75,144.14491271972656
32,76,143.2545623779297
31,78,142.19564819335938
28,81,141.3982391357422
28,82,140.9368438720703
26,85,140.22886657714844
103,37,85,41,80,37,82,31,101,28,
101,37,83,41,78,39,80,33,99,27,
98,38,80,43,74,39,77,34,96,28,
96,38,78,44,72,41,75,35,93,29,
93,39,75,45,70,43,72,37,90,29,
90,40,73,47,67,44,68,38,87,31,
88,40,70,49,64,46,67,39,84,32,
86,42,68,49,62,46,64,41,82,32,
83,42,65,51,60,48,61,42,79,34,
80,43,64,52,58,49,59,44,76,35,
78,45,61,54,55,52,56,46,73,37,
76,46,58,55,53,54,54,47,71,38,
73,47,56,57,51,55,52,49,68,39,
71,48,54,59,48,57,49,51,65,41,
68,50,52,61,46,59,47,53,63,42,
66,50,51,62,45,61,46,54,62,43,
65,52,49,64,42,62,43,56,59,45,
62,54,46,66,40,65,40,59,56,47,
59,55,45,68,38,66,39,60,53,48,
57,57,43,69,37,69,36,63,52,50,
56,58,41,72,35,70,35,64,49,51,
53,61,39,74,33,74,32,68,47,54,
51,62,38,77,31,76,31,70,44,56,
49,64,36,78,30,78,29,72,42,58,
46,66,33,81,27,81,27,74,40,60,
45,69,32,83,26,83,25,77,38,62,
43,70,31,84,25,85,24,79,37,64,
42,73,29,87,23,87,22,81,34,66,
40,74,27,89,21,90,21,84,33,69,
38,76,26,91,20,91,19,85,31,70,
37,78,25,94,19,94,17,88,29,73,
Vehicle ID:171
434,51,-179.18707275390625
432,52,-179.21316528320312
429,52,-179.15487670898438
427,53,-179.14727783203125
425,53,-179.14108276367188
423,54,-179.1634521484375
421,54,-179.18629455566406
419,55,-179.1740264892578
416,55,-179.18186950683594
414,55,-179.17127990722656
411,56,-179.18690490722656
409,56,-179.19332885742188
406,57,-179.1848907470703
404,57,-179.14950561523438
401,58,-179.14967346191406
400,58,-179.1604766845703
397,59,-179.1487579345703
394,60,-179.1734161376953
392,60,-179.19786071777344
390,61,-179.1830291748047
388,61,-179.19354248046875
385,62,-179.17434692382812
382,62,-179.17672729492188
380,63,-179.17807006835938
378,64,-179.18093872070312
376,64,-179.18121337890625
374,64,-179.1737518310547
371,65,-179.18353271484375
369,66,-179.1835479736328
367,66,-179.18202209472656
364,67,-179.1573486328125
439,52,435,53,430,52,434,49,438,48,
437,53,433,54,428,53,432,50,436,49,
434,53,431,54,426,53,430,50,433,50,
432,54,428,55,424,54,427,51,431,50,
430,54,426,55,422,54,425,50,429,50,
427,55,423,56,419,55,422,51,426,50,
424,56,421,56,416,54,420,52,423,51,
422,56,419,57,415,55,418,52,422,51,
420,57,416,58,412,56,415,53,419,52,
417,57,414,58,410,56,413,53,416,52,
415,58,411,59,407,57,410,54,414,53,
412,58,409,59,405,57,408,54,412,53,
410,59,406,60,402,58,405,55,409,54,
407,60,404,59,400,58,403,55,407,55,
405,59,402,60,398,59,401,56,404,55,
403,60,400,60,396,59,399,56,402,56,
401,60,398,61,394,60,398,57,400,56,
398,61,396,61,391,60,395,57,398,57,
396,61,393,62,388,61,392,58,396,57,
395,62,391,63,386,61,390,59,394,58,
392,62,389,63,384,62,388,59,392,58,
390,63,386,64,381,63,385,60,389,59,
387,63,383,64,379,63,382,60,386,60,
385,64,381,65,377,64,380,61,384,60,
382,65,378,66,374,64,377,62,381,61,
380,65,376,66,372,65,375,62,379,61,
377,66,374,66,370,65,373,63,377,62,
375,66,371,67,367,66,370,63,374,62,
372,67,369,68,365,67,368,64,372,63,
371,67,367,68,363,67,366,64,370,63,
368,68,365,68,361,67,364,65,367,64,
Vehicle ID:186
220,162,-63.91289138793945
220,160,-65.1985092163086
221,157,-67.18550109863281
221,154,-69.01582336425781
222,152,-70.23785400390625
222,147,-71.90764617919922
221,146,-72.22297668457031
221,142,-73.03065490722656
222,139,-74.05821228027344
221,137,-75.45137023925781
222,134,-78.1038589477539
221,131,-80.59654235839844
220,128,-81.88522338867188
220,125,-83.20995330810547
219,122,-85.72799682617188
218,121,-87.64311981201172
218,119,-89.87226104736328
217,115,-92.47151184082031
216,113,-94.37692260742188
215,110,-96.20777893066406
213,108,-97.8971939086914
213,104,-99.85633850097656
211,102,-101.87568664550781
209,100,-103.28902435302734
208,97,-105.00466918945312
206,95,-106.76869201660156
205,93,-108.2318115234375
203,90,-109.89922332763672
202,89,-111.45714569091797
201,87,-112.39801025390625
199,85,-114.0021743774414
212,173,217,153,223,150,228,155,222,176,
213,171,217,151,223,147,227,152,224,174,
213,168,217,148,223,144,227,149,224,170,
214,166,217,145,223,141,227,146,225,167,
214,164,216,143,223,139,228,143,225,164,
215,160,217,139,222,135,227,140,226,161,
215,157,217,136,222,133,227,137,226,158,
215,155,216,134,223,130,228,135,226,156,
215,152,217,131,222,127,227,131,227,152,
216,149,216,128,222,124,227,129,226,149,
216,147,215,125,221,121,227,125,226,146,
217,145,215,123,220,119,226,122,227,143,
216,142,214,120,219,116,225,119,227,140,
216,138,214,118,219,113,224,116,226,137,
216,136,213,115,217,111,224,113,227,134,
215,135,211,113,217,109,222,111,226,132,
216,131,211,111,215,106,222,108,226,129,
215,128,209,108,213,103,220,106,226,126,
215,127,208,106,212,101,218,103,225,123,
214,124,207,104,211,99,217,100,224,120,
213,122,206,102,209,96,216,97,224,117,
213,119,204,99,208,93,214,95,222,115,
211,116,202,97,205,91,212,92,221,112,
211,114,201,95,204,89,211,89,220,109,
209,111,199,92,202,86,208,87,219,106,
208,108,198,90,200,84,207,84,217,103,
207,107,196,88,198,82,205,82,216,101,
205,104,194,86,196,79,203,80,215,98,
205,102,192,84,195,78,201,78,214,96,
203,100,191,84,194,77,200,77,212,94,
202,99,190,81,191,75,198,75,211,92,
