time
390.30356798219145
hero_global_pos
5.11798620223999,72.84024047851562
road_id
33
is_junction
False
speed_limit
30.0
speed
19.98261864625912
traffic_light
None
translation_offset
1061.3923071920872,1565.0019283294678
angle
0.36269378662109375
hero_past_trajectory
192,373,-90.36273193359375
192,370,-90.36251068115234
192,368,-90.36227416992188
193,365,-90.3622055053711
193,362,-90.36216735839844
193,359,-90.36227416992188
193,357,-90.3623275756836
193,354,-90.3624267578125
193,351,-90.36254119873047
193,348,-90.36262512207031
193,345,-90.36273193359375
193,342,-90.36273193359375
193,339,-90.36254119873047
193,336,-90.3623275756836
193,334,-90.36227416992188
193,331,-90.36227416992188
193,328,-90.36235809326172
192,326,-90.36244201660156
192,323,-90.36254119873047
192,320,-90.36266326904297
192,317,-90.36273193359375
192,314,-90.36273193359375
192,312,-90.3625717163086
192,309,-90.36229705810547
192,305,-90.3622055053711
192,303,-90.36223602294922
192,300,-90.36229705810547
192,297,-90.36239624023438
192,294,-90.36248016357422
192,291,-90.36260223388672
192,288,-90.3626937866211
hero_past_corners
186,385,187,366,193,362,198,366,198,385,
186,382,187,363,193,359,198,363,197,382,
186,379,187,360,193,356,198,360,197,379,
186,377,187,358,193,354,198,358,197,377,
186,374,187,355,193,351,198,354,197,374,
186,371,187,352,193,348,198,352,197,371,
186,368,187,349,193,345,198,349,197,368,
187,366,187,347,193,343,198,347,198,366,
187,363,187,343,193,339,198,343,198,363,
187,360,187,341,193,337,198,341,198,360,
187,357,187,338,193,334,198,338,198,357,
187,354,187,335,193,331,198,335,198,354,
187,351,187,332,193,328,198,332,198,351,
187,348,187,329,192,325,198,329,198,348,
187,346,187,327,192,323,198,327,198,346,
187,343,187,324,192,320,198,324,198,343,
187,340,187,321,192,317,198,321,198,340,
187,338,187,318,192,314,198,318,198,338,
187,335,187,316,192,312,198,316,198,335,
187,331,187,312,192,308,198,312,198,331,
187,328,187,309,192,305,198,309,198,328,
187,326,187,307,192,303,198,306,198,326,
187,324,187,304,192,300,198,304,198,324,
187,321,187,302,192,298,198,302,198,321,
187,317,187,298,192,294,198,298,198,317,
187,314,187,295,192,291,198,295,198,314,
187,311,187,292,192,288,198,292,198,311,
187,309,187,289,192,285,198,289,198,309,
187,306,187,287,192,283,198,287,198,306,
187,303,187,284,192,280,198,284,198,303,
187,300,187,281,192,277,198,281,198,300,
actor_past_trajectory_corners
Vehicle ID:116
118,197,89.64869689941406
118,200,89.64801788330078
118,203,89.6467514038086
118,205,89.64559936523438
118,208,89.64386749267578
117,211,89.64256286621094
117,213,89.6415023803711
117,216,89.64060974121094
117,219,89.63971710205078
117,222,89.63996124267578
117,225,89.6402816772461
117,228,89.639892578125
117,231,89.63923645019531
117,234,89.63858032226562
117,236,89.63810729980469
117,239,89.63760375976562
117,242,89.63729095458984
117,244,89.63717651367188
117,247,89.63790130615234
117,251,89.63837432861328
117,254,89.63821411132812
117,256,89.63787841796875
117,258,89.63760375976562
117,261,89.63729095458984
117,265,89.636962890625
117,268,89.63732147216797
117,271,89.63832092285156
117,273,89.6386947631836
117,276,89.63854217529297
117,279,89.63809967041016
117,282,89.63761901855469
122,188,122,202,118,206,113,201,113,187,
122,190,122,205,118,209,113,204,113,190,
122,193,122,208,117,212,113,207,113,192,
122,196,121,210,117,214,112,209,113,195,
122,199,121,213,117,218,112,213,113,198,
122,202,121,216,117,220,112,215,113,201,
122,204,121,219,117,223,112,218,113,203,
122,207,121,221,117,225,112,220,113,206,
121,210,121,224,117,228,112,223,112,209,
121,212,121,227,117,231,112,226,112,211,
121,215,121,230,117,234,112,229,112,215,
121,219,121,233,117,237,112,233,112,218,
121,222,121,236,117,240,112,235,112,221,
121,225,121,239,117,243,112,238,112,224,
121,227,121,242,117,246,112,241,112,226,
121,230,121,244,117,249,113,245,112,229,
121,233,121,247,117,251,113,247,112,232,
121,235,121,250,117,254,113,250,112,234,
121,238,122,252,117,256,113,252,112,237,
121,241,122,256,117,260,113,256,112,240,
121,244,122,259,117,263,113,259,112,243,
121,247,122,262,117,266,113,262,113,247,
121,249,122,264,117,268,113,264,113,249,
122,252,122,266,117,270,113,267,113,252,
122,256,122,270,117,274,113,270,113,256,
122,258,122,273,117,277,113,273,113,258,
122,261,122,276,117,280,113,276,113,261,
122,264,122,279,117,283,113,279,113,264,
122,267,122,281,117,285,113,281,113,267,
122,270,122,285,117,289,113,284,113,270,
122,273,122,287,117,291,113,286,113,273,
Vehicle ID:156
161,41,6.009767055511475
164,41,4.592465400695801
167,41,2.768346071243286
169,41,1.5253320932388306
172,41,-0.3897399306297302
175,41,-2.064972162246704
178,40,-3.476104974746704
180,40,-4.724642276763916
183,40,-6.466375350952148
186,39,-7.90457820892334
189,39,-9.422224044799805
192,38,-10.89991569519043
195,37,-12.495623588562012
198,36,-14.005785942077637
200,36,-15.062397003173828
203,35,-16.457901000976562
205,34,-17.970922470092773
208,33,-19.23434829711914
210,32,-20.52480697631836
213,30,-22.29704475402832
216,29,-23.872173309326172
218,28,-25.209299087524414
220,27,-26.092906951904297
223,26,-26.493907928466797
226,24,-27.88051414489746
228,22,-29.70220947265625
231,21,-31.584856033325195
233,19,-33.40242004394531
235,17,-34.8997917175293
238,15,-36.563289642333984
240,14,-38.11496353149414
149,34,171,37,175,42,170,47,147,45,
151,35,174,37,177,42,173,47,150,45,
154,35,177,36,180,42,176,47,153,46,
156,36,179,36,183,41,178,46,156,46,
159,36,182,36,186,41,182,46,159,46,
161,36,184,35,188,40,185,45,162,46,
164,36,187,35,191,40,187,45,164,46,
166,36,189,34,193,39,190,44,167,46,
169,36,192,33,197,38,193,44,171,46,
172,36,195,33,199,37,196,43,173,46,
175,36,197,32,202,36,199,42,176,46,
178,35,200,31,205,35,202,41,180,45,
181,35,203,30,208,34,205,40,183,45,
183,35,206,29,211,33,208,39,186,45,
186,34,208,28,213,32,210,38,188,44,
188,34,210,27,216,31,213,37,191,43,
191,33,213,26,218,30,216,36,194,43,
193,32,215,25,220,28,218,35,197,42,
196,32,217,24,223,27,221,33,199,41,
199,31,220,22,226,25,224,32,203,40,
202,30,222,21,228,24,227,30,206,39,
204,29,225,19,230,22,229,28,208,38,
206,28,226,18,232,21,231,27,210,37,
208,27,229,17,235,20,233,26,213,36,
212,25,232,15,238,17,237,24,217,35,
214,24,234,13,240,16,239,22,219,33,
217,23,236,11,242,14,241,20,222,32,
219,22,238,9,244,12,244,18,225,31,
221,21,240,8,246,10,246,16,227,29,
224,19,242,6,248,7,248,14,230,28,
226,18,244,4,250,5,250,12,232,26,
Vehicle ID:186
84,-22,59.70516586303711
86,-19,59.68354034423828
87,-17,58.89712905883789
88,-15,57.23645782470703
90,-13,54.46761703491211
92,-11,52.362762451171875
94,-9,50.60844039916992
96,-7,48.88593292236328
98,-5,46.70907974243164
100,-3,45.20389175415039
102,-1,43.48157501220703
105,0,41.48745346069336
107,2,39.9349365234375
110,4,38.46986389160156
112,5,37.13277053833008
114,7,35.533058166503906
117,9,34.21342086791992
119,10,32.8499870300293
121,12,31.17127799987793
124,13,29.370140075683594
127,15,27.99723243713379
129,16,27.6588077545166
131,17,27.31001853942871
134,18,25.471590042114258
137,19,22.523704528808594
140,20,20.320695877075195
143,20,18.384937286376953
145,21,16.608871459960938
148,22,15.02937126159668
151,22,14.537114143371582
154,23,13.22286605834961
82,-35,93,-17,90,-11,84,-12,73,-30,
84,-33,95,-14,92,-8,85,-9,75,-27,
85,-30,96,-12,93,-6,87,-7,76,-25,
86,-29,97,-11,95,-5,88,-5,77,-23,
87,-26,100,-9,98,-2,91,-3,79,-20,
89,-24,102,-7,100,-1,93,-1,80,-17,
90,-22,104,-6,102,0,95,0,82,-15,
91,-20,105,-4,104,2,97,2,83,-13,
93,-18,108,-2,107,3,100,4,86,-10,
95,-16,110,-1,109,5,102,6,87,-8,
97,-13,112,0,112,7,105,8,90,-6,
99,-11,115,3,115,10,108,10,92,-3,
101,-9,118,4,117,11,111,12,94,-1,
103,-7,120,6,120,13,113,13,97,0,
105,-6,122,7,122,14,115,16,98,2,
107,-4,124,8,124,15,118,17,101,4,
109,-2,127,9,127,16,121,18,103,5,
111,-1,129,10,129,17,123,20,105,7,
113,0,131,11,132,18,126,21,108,9,
116,2,134,13,135,19,129,22,111,11,
118,4,137,14,138,20,132,23,113,12,
121,5,140,15,141,22,135,25,116,15,
123,6,141,16,142,22,136,25,118,16,
125,7,144,17,145,23,139,26,120,17,
128,9,147,17,149,24,143,27,124,19,
130,10,150,18,152,24,146,28,126,20,
132,11,153,18,155,24,149,28,129,22,
135,12,155,18,157,25,152,29,132,23,
137,13,158,19,160,25,155,29,134,24,
140,14,161,19,163,25,158,30,137,24,
143,15,163,20,166,26,161,30,140,25,
