time
398.4152323472372
hero_global_pos
7.641208171844482,27.48808479309082
road_id
590
is_junction
True
speed_limit
30.0
speed
20.74522758276328
traffic_light
None
translation_offset
1105.4322423934937,1344.291633605957
angle
-19.112213134765625
hero_past_trajectory
207,371,-90.31334686279297
206,368,-90.2967529296875
205,365,-90.19268798828125
204,362,-89.9367904663086
203,359,-89.68841552734375
202,357,-89.2990493774414
202,354,-88.79766845703125
201,351,-88.33834838867188
200,349,-87.85945892333984
200,347,-87.36370086669922
199,344,-86.77698516845703
198,341,-86.09366607666016
198,338,-85.36205291748047
197,336,-84.671142578125
196,333,-84.0504150390625
196,330,-83.19664001464844
195,327,-82.23568725585938
195,324,-81.56511688232422
194,321,-80.70561981201172
194,318,-79.8504409790039
193,316,-79.17212677001953
193,313,-78.40105438232422
193,310,-77.72611236572266
193,308,-77.31527709960938
193,305,-76.76477813720703
193,303,-76.51832580566406
192,300,-75.67047882080078
192,297,-74.49114990234375
192,294,-73.7664794921875
192,290,-71.89649963378906
192,288,-70.88778686523438
hero_past_corners
206,383,200,365,203,359,210,361,216,379,
205,381,199,363,202,357,209,359,216,377,
204,378,198,360,201,355,208,355,215,374,
203,375,197,357,200,352,207,354,214,372,
202,372,196,354,199,349,206,351,213,369,
201,369,195,352,199,346,205,348,212,366,
200,367,194,349,198,343,204,345,211,364,
199,364,193,346,197,340,204,342,210,361,
198,361,192,343,196,337,204,340,209,358,
198,359,192,341,197,335,203,338,208,356,
197,357,191,338,196,333,202,335,207,354,
196,353,190,335,195,329,202,332,206,351,
195,351,190,332,195,327,201,329,205,348,
194,349,189,329,194,324,200,327,206,346,
194,346,190,327,194,321,200,324,205,343,
193,343,189,324,193,318,199,321,204,340,
192,339,188,320,193,315,199,318,203,337,
191,337,188,318,192,313,198,315,203,334,
191,333,187,314,192,309,198,312,202,331,
190,331,188,312,192,307,199,310,201,329,
190,328,187,309,192,304,198,307,201,326,
189,325,187,306,191,301,198,304,200,323,
189,322,186,303,191,299,198,302,200,320,
188,320,186,302,192,297,197,300,200,319,
188,317,186,298,192,293,197,297,200,316,
187,314,186,295,191,291,197,294,199,313,
188,312,186,292,191,288,197,291,199,311,
187,308,186,289,191,285,197,288,199,307,
187,307,186,287,191,283,197,286,198,306,
186,302,186,283,192,279,198,283,198,302,
186,299,186,280,192,276,198,280,198,299,
actor_past_trajectory_corners
Vehicle ID:128
131,69,-125.6567153930664
129,67,-125.04630279541016
126,65,-123.85401153564453
125,64,-122.72168731689453
122,62,-121.71778869628906
120,60,-120.89204406738281
119,58,-119.76468658447266
116,56,-118.55387115478516
114,55,-117.5566177368164
113,53,-116.92354583740234
111,51,-116.09867858886719
108,48,-115.11460876464844
106,47,-114.69727325439453
105,45,-114.40777587890625
103,43,-113.50434112548828
101,40,-111.71977233886719
99,38,-109.64273834228516
98,36,-108.09882354736328
96,33,-106.4193344116211
94,31,-105.25517272949219
93,29,-104.34459686279297
92,26,-103.3947525024414
90,24,-102.8155517578125
89,22,-102.495849609375
87,19,-101.82270050048828
87,18,-101.31463623046875
85,15,-100.89258575439453
83,13,-100.30397033691406
82,11,-99.95606994628906
81,7,-99.138427734375
79,4,-98.72086334228516
133,75,127,71,126,65,131,64,137,69,
132,74,126,70,125,65,130,64,136,67,
129,72,123,67,122,62,127,62,133,66,
127,70,121,66,120,60,126,60,131,64,
124,68,119,64,118,59,124,58,129,62,
123,66,117,62,116,56,121,56,127,61,
120,64,115,60,114,55,119,54,124,60,
118,63,112,58,112,52,118,52,123,57,
115,61,111,56,110,51,116,51,121,55,
114,59,109,54,108,49,115,49,119,54,
112,57,107,53,106,47,113,47,118,52,
109,55,104,51,104,44,110,45,115,50,
108,54,103,48,103,43,108,43,113,48,
106,51,101,47,101,41,107,41,111,46,
104,50,99,44,99,39,105,39,110,45,
102,47,97,41,97,36,103,36,108,42,
100,45,95,39,95,34,101,34,106,39,
98,42,94,36,95,32,100,32,104,38,
96,40,92,34,92,28,98,29,102,35,
94,37,91,32,91,27,97,28,100,33,
93,36,89,30,90,24,96,25,99,31,
91,33,88,27,88,21,94,23,98,29,
90,30,86,24,87,19,92,21,96,27,
88,29,85,23,86,18,91,19,95,25,
87,26,83,20,85,15,89,17,94,23,
86,24,83,18,83,13,89,14,92,20,
84,22,81,15,82,11,87,12,91,18,
83,19,80,13,80,7,86,8,89,15,
81,17,78,11,80,6,85,7,89,14,
80,14,77,7,78,2,83,4,86,10,
78,11,75,5,76,0,82,1,85,7,
Vehicle ID:156
198,98,-108.8798599243164
197,96,-110.05101013183594
194,93,-111.61325073242188
193,91,-113.00801086425781
191,89,-114.62577056884766
188,87,-116.03887176513672
186,86,-117.3415756225586
185,83,-118.94585418701172
182,82,-120.44391632080078
180,80,-121.48413848876953
178,79,-122.68230438232422
175,77,-124.44892120361328
173,75,-125.7362060546875
171,74,-126.801513671875
168,73,-128.04673767089844
166,72,-129.65000915527344
163,69,-131.00843811035156
160,68,-131.97552490234375
158,67,-133.58001708984375
155,66,-134.88404846191406
153,65,-135.87266540527344
150,63,-137.0735321044922
148,63,-138.44383239746094
146,63,-139.3263397216797
143,62,-140.81529235839844
140,61,-141.84837341308594
137,59,-143.1410675048828
134,59,-144.92420959472656
133,59,-145.72137451171875
128,58,-147.4541778564453
126,57,-148.785888671875
203,111,189,93,190,87,196,86,211,105,
201,109,187,92,188,85,195,85,209,103,
199,107,185,89,185,83,193,82,207,100,
198,105,183,88,184,81,190,80,206,98,
196,102,180,86,181,79,187,79,204,96,
195,100,179,84,179,78,185,77,202,93,
193,98,176,83,177,76,183,75,200,91,
191,96,173,81,174,74,180,73,198,88,
188,94,172,79,171,73,178,72,195,87,
187,93,170,79,170,72,176,70,194,85,
185,91,168,77,168,71,174,69,192,83,
183,89,165,75,165,69,170,67,189,81,
181,88,162,74,162,68,168,66,187,79,
179,86,160,73,160,66,166,64,185,78,
178,85,158,72,157,65,164,63,183,75,
175,82,155,71,155,64,160,62,180,74,
172,81,152,69,151,63,158,61,177,72,
170,80,150,69,149,62,155,59,175,71,
167,78,147,67,146,61,152,59,172,68,
165,76,145,66,143,61,149,57,169,67,
163,76,143,66,140,59,147,56,167,66,
160,74,139,65,138,58,143,55,164,65,
158,72,137,64,136,58,141,55,162,64,
156,72,135,63,133,58,140,54,161,63,
154,71,132,63,130,57,136,53,157,61,
151,69,130,62,128,56,133,52,154,60,
149,69,127,62,125,55,130,52,152,59,
145,68,124,61,121,55,127,51,148,58,
144,68,122,61,120,55,125,51,147,57,
140,66,118,61,115,54,120,50,142,56,
138,65,115,61,113,54,118,50,140,55,
Vehicle ID:164
51,71,170.35369873046875
49,72,169.2594757080078
47,74,167.8499298095703
44,76,166.29403686523438
42,78,164.77859497070312
39,79,163.50808715820312
37,80,162.2052001953125
35,82,160.57168579101562
33,85,159.21189880371094
32,85,158.3017578125
29,87,157.150390625
27,90,155.24258422851562
26,92,153.89158630371094
23,95,152.781494140625
22,96,151.3988494873047
20,99,149.59010314941406
18,101,148.07171630859375
17,103,146.8773651123047
15,106,145.30421447753906
13,109,144.14491271972656
12,110,143.2545623779297
11,113,142.19564819335938
8,116,141.3982391357422
8,117,140.9368438720703
7,119,140.22886657714844
5,122,139.77699279785156
4,125,139.39019775390625
2,127,139.025634765625
1,129,138.9253387451172
0,132,138.7213592529297
-1,135,138.62393188476562
63,69,47,79,41,77,42,70,59,61,
62,71,45,80,39,78,40,72,57,62,
59,72,42,82,36,80,37,74,54,64,
56,73,41,83,35,81,35,76,51,65,
54,74,38,85,32,84,32,78,49,67,
52,76,36,87,30,86,31,79,46,69,
49,77,34,89,28,88,28,81,43,70,
48,79,32,91,26,89,26,84,41,72,
45,81,30,93,24,92,25,86,39,73,
43,81,29,95,23,94,23,87,38,75,
42,83,27,96,21,96,20,89,35,77,
39,85,25,99,18,98,18,92,33,79,
37,87,23,101,17,100,17,94,30,81,
35,88,22,102,16,103,15,97,29,82,
33,90,21,105,14,104,13,98,26,84,
31,93,18,108,12,108,11,102,24,87,
29,95,17,110,11,111,10,105,21,89,
27,96,16,112,9,112,8,106,20,91,
25,99,13,115,7,116,6,109,18,93,
24,102,12,117,6,118,5,112,16,96,
22,103,12,119,6,120,4,114,15,97,
21,106,9,122,3,123,2,117,13,100,
19,108,8,124,2,125,1,119,11,103,
18,109,8,125,2,126,0,121,10,105,
17,112,7,129,1,130,-1,123,9,107,
15,114,5,131,0,132,-2,126,6,110,
14,117,4,133,-1,134,-3,128,5,112,
12,120,2,136,-3,138,-5,131,4,115,
11,121,1,138,-4,139,-6,133,3,116,
9,125,0,141,-5,143,-8,136,1,120,
7,127,-1,144,-7,145,-9,139,0,122,
Vehicle ID:171
396,49,-179.18629455566406
394,50,-179.1740264892578
391,50,-179.18186950683594
389,50,-179.17127990722656
386,51,-179.18690490722656
384,52,-179.19332885742188
382,53,-179.1848907470703
380,54,-179.14950561523438
377,55,-179.14967346191406
376,55,-179.1604766845703
373,56,-179.1487579345703
370,57,-179.1734161376953
368,58,-179.19786071777344
366,58,-179.1830291748047
364,59,-179.19354248046875
362,60,-179.17434692382812
359,61,-179.17672729492188
357,62,-179.17807006835938
354,62,-179.18093872070312
352,63,-179.18121337890625
350,64,-179.1737518310547
347,65,-179.18353271484375
346,65,-179.1835479736328
344,66,-179.18202209472656
341,67,-179.1573486328125
339,68,-179.1577911376953
337,68,-179.17257690429688
334,69,-179.1701202392578
333,70,-179.17547607421875
330,71,-179.1962127685547
327,71,-179.1740264892578
399,50,397,51,392,49,395,46,398,45,
398,51,395,52,390,50,393,47,397,46,
396,51,392,53,387,51,390,48,394,47,
393,52,390,53,385,52,388,48,391,48,
391,53,387,54,382,53,386,49,389,48,
388,54,385,55,381,53,384,50,387,49,
386,55,382,56,378,54,381,51,385,50,
383,56,380,56,376,55,379,52,383,50,
381,55,378,56,374,56,377,52,380,51,
379,56,376,57,372,56,375,53,378,52,
377,57,375,58,370,57,373,54,376,53,
375,58,372,58,367,58,370,55,373,54,
373,58,369,59,364,59,368,56,371,54,
371,59,367,60,363,60,366,56,370,55,
368,60,365,61,361,60,364,57,368,56,
366,60,362,62,358,61,361,58,365,57,
363,61,359,63,355,62,358,59,362,58,
361,62,358,63,353,63,356,60,360,58,
359,63,355,64,350,64,353,61,357,59,
357,64,353,65,348,64,352,61,355,60,
354,65,351,66,347,65,350,62,353,61,
352,65,348,67,344,66,347,63,351,62,
349,66,346,67,342,67,345,64,349,62,
348,67,344,68,340,67,343,64,347,63,
345,68,342,69,338,68,341,65,344,64,
343,68,340,70,335,69,338,66,342,65,
342,69,338,70,333,70,336,66,340,65,
339,70,335,71,330,71,333,67,337,65,
337,71,334,72,330,71,332,67,335,66,
334,72,330,73,325,71,329,68,332,67,
331,73,328,74,324,72,327,69,329,68,
Vehicle ID:186
207,160,-72.22297668457031
207,157,-73.03065490722656
207,154,-74.05821228027344
206,152,-75.45137023925781
206,149,-78.1038589477539
205,146,-80.59654235839844
204,143,-81.88522338867188
204,140,-83.20995330810547
202,137,-85.72799682617188
202,135,-87.64311981201172
201,134,-89.87226104736328
200,130,-92.47151184082031
198,128,-94.37692260742188
197,125,-96.20777893066406
195,124,-97.8971939086914
194,120,-99.85633850097656
192,118,-101.87568664550781
191,116,-103.28902435302734
189,113,-105.00466918945312
187,111,-106.76869201660156
185,109,-108.2318115234375
183,107,-109.89922332763672
182,105,-111.45714569091797
181,103,-112.39801025390625
178,102,-114.0021743774414
177,101,-115.36376190185547
175,98,-117.01150512695312
172,96,-119.00618743896484
171,95,-119.98809814453125
167,93,-122.59259796142578
165,91,-123.9490737915039
202,172,202,151,207,147,212,151,213,172,
202,170,201,149,207,144,212,149,212,170,
202,167,201,146,206,141,211,145,213,166,
202,164,200,143,206,138,211,143,212,163,
202,162,199,141,204,136,210,139,212,160,
202,159,198,139,203,134,209,136,212,157,
202,157,197,136,202,131,208,133,212,154,
201,153,196,133,201,128,207,130,211,151,
201,152,196,130,199,126,206,127,211,148,
200,150,194,129,199,124,205,126,211,146,
200,147,193,127,197,121,204,123,211,143,
199,144,191,124,195,119,202,121,210,140,
198,142,189,122,193,116,200,118,209,137,
198,139,189,120,192,114,198,116,208,134,
197,137,187,118,190,112,197,113,207,132,
196,134,185,116,188,109,195,110,205,129,
194,132,183,113,185,107,192,108,204,126,
193,130,182,112,184,106,191,105,202,124,
191,127,180,109,182,103,188,103,201,121,
190,125,178,108,180,101,186,101,199,118,
189,123,176,105,177,99,185,99,197,116,
187,120,174,104,176,97,182,97,196,113,
186,119,172,102,174,95,180,95,194,112,
185,117,171,102,173,95,179,94,193,110,
183,115,169,99,170,93,177,92,191,107,
182,113,166,98,168,91,174,91,189,106,
180,111,165,96,166,90,173,88,187,103,
178,109,162,95,163,88,169,87,185,101,
176,108,161,94,161,87,167,86,184,99,
174,105,157,92,157,85,163,83,181,96,
171,104,154,90,155,84,161,82,178,95,
