time
395.51978233168484
hero_global_pos
4.935835838317871,43.54740524291992
road_id
33
is_junction
False
speed_limit
30.0
speed
20.21531665330931
traffic_light
None
translation_offset
1060.502786576748,1419.0012874603271
angle
0.2967529296875
hero_past_trajectory
193,373,-90.36273193359375
193,370,-90.36273193359375
193,368,-90.36260223388672
193,365,-90.3623275756836
193,363,-90.3622055053711
193,359,-90.3622055053711
193,356,-90.36229705810547
193,353,-90.36239624023438
193,350,-90.36248016357422
193,348,-90.36260223388672
193,345,-90.36266326904297
193,342,-90.36273193359375
193,339,-90.36266326904297
193,336,-90.3624267578125
193,333,-90.36223602294922
193,331,-90.3622055053711
193,328,-90.3622055053711
193,325,-90.36229705810547
193,322,-90.3624267578125
193,320,-90.36248016357422
193,317,-90.36260223388672
192,313,-90.3626937866211
192,310,-90.36273193359375
192,308,-90.36254119873047
192,305,-90.36229705810547
192,302,-90.36214447021484
192,299,-90.36214447021484
192,297,-90.36214447021484
192,293,-90.33944702148438
192,291,-90.31334686279297
192,288,-90.2967529296875
hero_past_corners
186,385,187,366,193,362,198,366,198,385,
187,382,187,363,193,358,198,362,199,382,
187,380,187,361,193,357,198,361,199,380,
187,377,187,358,193,354,198,358,199,377,
187,374,187,355,193,351,198,355,199,374,
187,370,187,351,193,347,198,351,198,370,
187,368,187,349,193,345,198,349,198,368,
187,364,187,345,193,341,198,345,198,364,
187,362,187,342,193,338,198,342,198,361,
187,359,187,340,193,336,198,340,198,359,
187,356,187,337,193,333,198,337,198,356,
187,354,187,335,193,331,198,335,198,354,
187,350,187,331,193,327,198,331,198,350,
187,348,187,329,193,325,198,329,198,348,
187,345,187,325,193,321,198,325,198,345,
187,342,187,323,193,319,198,323,198,342,
187,340,187,320,193,316,198,320,198,340,
187,336,187,317,192,313,198,317,198,336,
187,333,187,314,192,310,198,314,198,333,
187,331,187,312,192,308,198,312,198,331,
187,329,187,309,192,305,198,309,198,328,
187,325,187,306,192,302,198,306,198,325,
187,322,187,303,192,299,198,303,198,322,
187,319,187,300,192,296,198,300,198,319,
187,317,187,298,192,294,198,298,198,317,
187,314,187,294,192,290,198,294,198,314,
187,311,187,291,192,287,198,291,198,311,
187,308,187,289,192,285,198,289,198,308,
187,305,187,286,192,282,198,286,198,305,
187,302,187,283,192,279,198,283,198,302,
187,300,187,281,192,277,198,281,198,300,
actor_past_trajectory_corners
Vehicle ID:128
278,38,-156.58309936523438
275,37,-154.3146514892578
273,36,-152.75531005859375
271,34,-150.3738555908203
268,33,-148.32496643066406
265,30,-145.49472045898438
263,29,-143.4518585205078
261,27,-140.67276000976562
259,25,-138.73924255371094
257,23,-137.09181213378906
255,21,-135.5546112060547
253,20,-134.44183349609375
251,17,-133.3621063232422
249,15,-132.93072509765625
247,13,-132.6878662109375
245,11,-132.62351989746094
244,9,-132.62152099609375
241,7,-132.6690673828125
240,5,-132.67791748046875
238,3,-132.5386199951172
236,1,-132.19619750976562
235,-1,-131.71743774414062
233,-3,-131.2969207763672
231,-5,-130.61602783203125
230,-7,-129.95489501953125
228,-9,-129.13697814941406
227,-11,-128.69537353515625
225,-13,-127.7142562866211
223,-16,-126.55289459228516
221,-18,-125.6567153930664
220,-20,-125.04630279541016
281,44,275,41,273,36,278,34,284,37,
278,42,272,39,270,34,275,33,281,36,
276,41,270,38,268,33,273,32,280,35,
274,40,268,37,266,31,271,30,277,34,
271,39,265,35,264,30,269,29,275,32,
268,37,262,33,261,27,266,27,272,31,
266,35,260,31,259,26,264,25,270,29,
263,33,257,29,256,23,262,23,267,27,
260,31,255,27,255,21,260,21,265,26,
259,30,253,25,253,19,258,19,264,24,
257,28,252,23,251,18,257,18,262,23,
255,26,250,21,250,16,255,16,260,21,
252,24,247,18,247,13,253,13,257,18,
250,22,245,17,245,11,251,11,256,17,
248,19,243,14,243,9,249,9,254,14,
246,18,242,12,242,7,247,7,252,13,
245,16,240,11,240,5,245,6,250,11,
242,13,238,8,238,3,243,3,248,8,
241,11,236,6,236,1,241,1,246,6,
239,10,235,5,235,0,240,0,245,5,
237,8,233,3,234,-2,239,-1,243,3,
235,5,230,0,231,-5,237,-4,240,0,
233,3,229,-2,229,-7,235,-6,239,-1,
231,1,227,-4,228,-9,233,-9,238,-3,
229,0,226,-6,226,-11,232,-10,236,-5,
228,-3,224,-8,224,-13,230,-13,234,-7,
227,-4,223,-10,223,-15,229,-14,233,-9,
225,-7,221,-12,221,-18,227,-17,231,-11,
223,-9,219,-15,220,-20,225,-19,229,-14,
221,-12,217,-17,218,-23,223,-22,227,-16,
220,-13,216,-19,217,-24,222,-23,226,-18,
Vehicle ID:156
275,110,-66.78144073486328
276,107,-68.20405578613281
277,106,-69.21392059326172
277,103,-70.74545288085938
278,100,-72.0881576538086
279,96,-73.76372528076172
280,94,-74.6448974609375
281,91,-75.9915542602539
281,88,-77.26652526855469
281,86,-78.03897857666016
282,83,-79.7104721069336
282,80,-81.38401794433594
282,77,-83.72532653808594
282,74,-85.02759552001953
282,71,-86.67141723632812
282,69,-88.20795440673828
282,66,-89.66643524169922
282,63,-91.4683837890625
282,60,-93.17284393310547
282,58,-94.24848175048828
281,55,-95.67566680908203
281,52,-97.43817138671875
280,49,-99.1098403930664
279,46,-100.50470733642578
279,44,-101.56226348876953
278,41,-103.18074798583984
277,39,-104.29285430908203
276,35,-105.92521667480469
275,32,-107.36932373046875
274,30,-108.8798599243164
274,28,-110.05101013183594
265,121,274,100,280,98,283,104,274,125,
266,118,275,97,281,95,284,101,276,122,
267,116,275,95,281,93,285,99,277,120,
268,114,276,92,282,90,285,96,278,117,
269,111,276,90,282,87,286,93,279,115,
271,108,277,86,283,83,287,89,280,111,
271,106,277,84,283,81,287,86,281,108,
272,102,278,80,284,77,288,83,282,105,
273,100,278,78,284,75,288,80,283,102,
274,98,278,75,284,72,288,77,284,100,
274,95,278,73,284,70,289,76,284,97,
275,93,278,70,284,67,289,73,285,95,
276,89,278,67,284,63,288,68,286,91,
276,87,278,64,284,61,288,65,286,88,
277,84,278,62,283,58,288,62,287,85,
277,82,278,59,283,55,288,59,287,82,
277,80,277,57,282,53,288,57,287,80,
277,76,277,53,282,49,287,53,288,76,
277,74,276,51,281,46,286,50,288,73,
278,72,276,49,281,45,286,48,288,71,
277,69,275,46,280,42,285,45,288,68,
277,66,274,43,279,38,285,42,288,64,
277,63,274,40,278,35,284,39,287,61,
277,60,273,38,277,33,283,36,287,58,
277,58,272,35,276,30,282,33,287,56,
276,55,271,33,275,27,281,30,286,52,
276,53,270,31,274,26,280,28,286,50,
275,50,269,28,273,23,279,25,285,47,
275,47,268,25,271,20,278,22,284,44,
274,44,267,23,270,17,276,19,284,41,
273,42,266,21,269,15,275,17,283,39,
Vehicle ID:164
224,-28,-146.97756958007812
221,-30,-148.25550842285156
220,-31,-149.06051635742188
217,-32,-150.64910888671875
215,-33,-152.04400634765625
211,-35,-153.71563720703125
209,-36,-154.72430419921875
206,-37,-155.524658203125
203,-38,-155.93096923828125
201,-39,-157.52206420898438
198,-40,-159.4234161376953
196,-41,-161.12063598632812
192,-42,-163.84661865234375
190,-42,-165.2754669189453
187,-43,-166.93943786621094
184,-43,-168.1208953857422
182,-44,-168.38661193847656
179,-44,-169.95204162597656
176,-44,-171.96160888671875
174,-45,-173.1964111328125
171,-45,-174.7806854248047
167,-45,-175.454833984375
164,-45,-177.58016967773438
162,-45,-179.58096313476562
159,-45,178.82778930664062
156,-44,176.7176971435547
154,-44,175.32501220703125
151,-44,173.73268127441406
148,-43,171.92259216308594
145,-42,170.35369873046875
143,-42,169.2594757080078
232,-18,215,-29,214,-35,220,-36,237,-26,
229,-20,212,-30,211,-36,217,-38,234,-28,
227,-21,211,-31,210,-37,216,-39,232,-29,
225,-22,208,-32,207,-38,213,-40,230,-31,
223,-24,206,-33,204,-39,210,-41,227,-32,
220,-26,202,-34,201,-40,206,-43,224,-34,
218,-27,200,-35,198,-41,204,-44,222,-35,
214,-28,197,-36,195,-42,201,-45,218,-37,
212,-29,194,-37,193,-43,198,-46,216,-38,
210,-30,192,-38,190,-44,196,-47,214,-39,
208,-32,190,-38,188,-44,193,-47,211,-40,
206,-33,187,-39,185,-45,190,-48,209,-41,
202,-34,184,-39,181,-45,186,-48,205,-43,
200,-35,181,-40,179,-45,184,-49,203,-44,
197,-36,178,-40,176,-45,181,-49,199,-45,
195,-36,176,-40,173,-46,178,-49,197,-45,
192,-37,173,-41,170,-46,175,-50,194,-46,
189,-38,170,-41,167,-46,172,-50,191,-47,
187,-38,167,-41,164,-46,169,-50,188,-47,
185,-39,166,-41,162,-46,167,-50,186,-48,
182,-39,163,-41,159,-46,164,-50,183,-48,
179,-39,159,-41,156,-46,160,-50,179,-49,
176,-40,156,-41,153,-45,157,-50,176,-49,
173,-40,154,-40,150,-45,154,-50,173,-49,
171,-40,152,-40,148,-44,151,-49,171,-50,
168,-40,149,-39,144,-44,148,-49,168,-50,
166,-40,147,-39,142,-43,146,-48,165,-50,
163,-40,144,-38,139,-42,143,-47,162,-50,
160,-40,141,-37,136,-41,139,-47,159,-49,
157,-40,138,-36,133,-40,137,-46,156,-49,
155,-39,136,-36,131,-40,134,-45,153,-49,
Vehicle ID:169
22,38,148.44085693359375
19,39,149.40296936035156
18,40,150.10987854003906
15,41,151.42002868652344
13,43,152.55654907226562
9,44,154.0198974609375
7,45,155.28150939941406
4,46,157.01473999023438
1,47,158.20001220703125
0,48,159.57054138183594
-2,49,160.91590881347656
-4,49,161.90933227539062
-7,50,163.35333251953125
-9,50,164.36758422851562
-10,50,165.39797973632812
-11,51,166.0971221923828
-13,51,166.74887084960938
-14,51,167.4144287109375
-15,51,167.77821350097656
-15,51,167.92697143554688
-15,51,167.95379638671875
-15,51,167.95382690429688
-15,51,167.9537353515625
-15,51,167.95372009277344
-15,51,167.9536590576172
-15,51,167.9536590576172
-15,51,167.9536895751953
-15,51,167.95372009277344
-15,51,167.95372009277344
-15,51,167.95372009277344
-15,51,167.9537353515625
33,37,20,45,14,42,15,36,28,28,
30,39,17,46,11,44,12,38,25,30,
28,40,15,47,9,45,10,39,24,31,
26,41,13,48,7,46,8,40,21,32,
23,43,10,49,4,47,6,41,19,34,
20,44,6,51,1,48,2,42,16,36,
18,46,4,52,-1,49,0,43,14,37,
14,47,1,53,-4,50,-2,44,11,38,
12,48,-1,54,-7,51,-5,45,8,39,
10,49,-3,54,-9,51,-7,45,6,40,
7,50,-6,55,-11,52,-9,46,4,41,
5,51,-8,55,-13,52,-11,46,2,41,
3,52,-11,56,-16,53,-14,47,0,42,
1,52,-12,56,-18,53,-15,47,-1,43,
0,53,-14,57,-19,53,-17,47,-2,43,
-1,53,-16,57,-21,53,-18,47,-3,44,
-2,54,-17,57,-22,53,-19,47,-5,44,
-4,54,-19,57,-23,53,-21,48,-6,44,
-5,54,-19,57,-24,53,-21,48,-7,44,
-5,54,-20,57,-25,53,-22,48,-7,45,
-5,54,-20,57,-25,53,-22,48,-7,45,
-5,54,-20,57,-25,53,-22,48,-7,45,
-5,54,-20,57,-25,53,-22,48,-7,45,
-5,54,-20,57,-25,53,-22,48,-7,45,
-5,54,-20,57,-25,53,-22,48,-7,45,
-5,54,-20,57,-25,53,-22,48,-7,45,
-5,54,-20,57,-25,53,-22,48,-7,45,
-5,54,-20,57,-25,53,-22,48,-7,45,
-5,54,-20,57,-25,53,-22,48,-7,45,
-5,54,-20,57,-25,53,-22,48,-7,45,
-5,54,-20,57,-25,53,-22,48,-7,45,
Vehicle ID:186
214,157,-23.883344650268555
217,155,-26.250682830810547
218,154,-27.911945343017578
220,152,-30.2125301361084
223,151,-32.19447708129883
226,149,-34.90009307861328
228,147,-36.434165954589844
230,145,-38.42051696777344
232,143,-39.9828987121582
234,141,-41.34367370605469
236,139,-42.69325637817383
237,137,-43.641414642333984
240,135,-43.742794036865234
242,133,-44.09299850463867
244,131,-46.276153564453125
245,129,-48.3176383972168
247,127,-50.37327575683594
249,124,-52.843544006347656
250,121,-54.79216766357422
251,120,-56.17058181762695
253,117,-58.06328582763672
255,114,-60.2042350769043
256,111,-62.223388671875
257,108,-63.91289138793945
258,106,-65.1985092163086
259,103,-67.18550109863281
260,100,-69.01582336425781
261,98,-70.23785400390625
262,94,-71.90764617919922
262,92,-72.22297668457031
263,89,-73.03065490722656
200,157,219,148,225,152,224,158,204,167,
203,156,222,146,228,150,227,156,208,166,
204,155,223,145,229,148,228,155,210,165,
207,154,225,143,231,146,231,153,212,164,
209,153,227,142,233,144,233,151,215,162,
212,151,230,139,236,141,236,148,218,160,
214,150,231,138,238,139,238,146,221,159,
217,148,234,135,240,137,240,144,224,157,
219,147,235,133,242,135,242,141,226,155,
221,145,237,131,243,133,244,140,228,154,
223,144,238,129,245,131,246,137,230,152,
225,142,240,128,247,129,247,135,232,150,
227,140,243,125,249,126,250,133,235,147,
229,138,244,123,251,124,252,131,237,146,
231,136,246,121,253,122,254,128,239,144,
233,135,247,119,254,119,255,126,241,142,
235,133,248,117,255,117,257,124,243,140,
237,131,250,114,256,114,258,120,246,137,
239,128,251,111,258,111,260,117,248,135,
240,127,252,109,258,109,261,115,249,133,
242,125,253,107,260,106,262,113,251,131,
244,122,254,103,261,103,264,109,253,127,
245,119,255,101,262,100,265,106,255,124,
247,117,256,98,263,97,266,103,256,122,
248,115,257,96,263,94,266,100,258,120,
249,112,257,93,264,91,267,97,259,116,
250,110,258,90,265,88,268,94,261,114,
251,108,258,88,265,86,269,91,261,111,
253,105,259,85,265,82,269,88,263,108,
253,102,260,82,266,80,270,85,264,105,
254,100,260,80,267,77,271,83,264,103,
