time
397.3039036951086
hero_global_pos
5.881431579589844,33.5340461730957
road_id
79
is_junction
False
speed_limit
30.0
speed
20.60491220887082
traffic_light
None
translation_offset
1082.9169511795044,1369.5023174285889
angle
-10.149559020996094
hero_past_trajectory
203,372,-90.3624267578125
203,370,-90.36248016357422
202,367,-90.36260223388672
200,364,-90.3626937866211
200,361,-90.36273193359375
200,359,-90.36254119873047
199,356,-90.36229705810547
199,353,-90.36214447021484
198,350,-90.36214447021484
198,348,-90.36214447021484
197,344,-90.33944702148438
197,342,-90.31334686279297
196,339,-90.2967529296875
196,336,-90.19268798828125
195,333,-89.9367904663086
194,330,-89.68841552734375
194,328,-89.2990493774414
195,325,-88.79766845703125
194,322,-88.33834838867188
194,319,-87.85945892333984
193,317,-87.36370086669922
193,314,-86.77698516845703
192,311,-86.09366607666016
193,308,-85.36205291748047
192,306,-84.671142578125
192,303,-84.0504150390625
192,300,-83.19664001464844
192,297,-82.23568725585938
192,294,-81.56511688232422
192,291,-80.70561981201172
192,288,-79.8504409790039
hero_past_corners
199,384,196,366,200,361,207,364,210,382,
199,382,195,364,200,359,206,362,210,380,
198,380,195,361,199,356,206,359,209,377,
198,376,194,358,199,353,205,356,208,374,
197,373,194,355,198,350,205,353,208,371,
197,370,193,352,197,347,204,350,207,369,
196,369,193,350,197,345,204,348,207,367,
196,366,192,346,196,341,203,344,207,364,
195,363,192,343,196,338,203,341,206,361,
195,360,191,341,196,336,202,339,205,358,
194,357,191,338,195,333,202,336,205,355,
194,354,190,335,194,330,201,333,204,352,
193,352,190,333,194,328,201,331,204,350,
193,349,189,330,194,325,200,327,204,347,
192,346,189,327,193,322,200,325,203,344,
192,343,188,324,193,319,199,322,203,341,
191,340,188,321,193,316,199,319,202,338,
191,337,187,318,192,313,198,316,202,336,
190,334,187,315,192,310,199,313,201,333,
190,331,186,312,191,307,198,311,201,330,
189,329,187,310,192,305,198,309,200,328,
189,327,186,307,192,303,197,306,200,325,
188,323,186,304,191,299,198,303,199,322,
188,320,186,301,192,297,197,300,199,319,
187,318,186,298,191,294,197,298,199,317,
188,315,186,296,192,291,197,295,199,314,
187,312,186,293,191,288,197,292,198,311,
186,308,186,289,191,285,197,289,198,308,
186,306,186,287,191,283,197,286,198,305,
186,302,186,283,191,279,197,283,198,302,
186,300,187,281,192,277,198,281,197,300,
actor_past_trajectory_corners
Vehicle ID:128
192,52,-132.67791748046875
190,51,-132.5386199951172
188,49,-132.19619750976562
185,46,-131.71743774414062
183,45,-131.2969207763672
181,43,-130.61602783203125
179,41,-129.95489501953125
177,40,-129.13697814941406
176,38,-128.69537353515625
173,36,-127.7142562866211
171,34,-126.55289459228516
169,32,-125.6567153930664
167,30,-125.04630279541016
165,28,-123.85401153564453
163,26,-122.72168731689453
161,24,-121.71778869628906
160,22,-120.89204406738281
158,20,-119.76468658447266
156,17,-118.55387115478516
154,15,-117.5566177368164
153,14,-116.92354583740234
152,11,-116.09867858886719
149,8,-115.11460876464844
148,6,-114.69727325439453
146,5,-114.40777587890625
145,2,-113.50434112548828
143,0,-111.71977233886719
142,-3,-109.64273834228516
141,-5,-108.09882354736328
140,-7,-106.4193344116211
138,-10,-105.25517272949219
195,58,189,54,188,49,193,48,199,52,
192,57,188,53,186,47,192,47,197,51,
190,56,185,51,184,46,189,46,195,50,
188,53,182,49,181,43,187,43,192,47,
185,51,179,46,178,42,184,41,189,46,
183,50,177,45,177,40,182,39,188,44,
181,48,176,43,175,38,181,38,186,42,
178,46,173,41,172,37,178,35,183,41,
177,45,172,40,171,35,177,35,182,39,
174,42,170,38,169,32,175,32,180,37,
172,41,167,35,167,30,172,30,177,35,
170,38,165,34,165,28,170,28,175,33,
168,37,163,32,164,27,169,27,173,31,
166,35,161,29,161,24,166,24,171,30,
165,33,160,28,160,22,165,23,170,28,
162,30,157,25,157,20,163,20,167,25,
161,28,156,23,156,17,161,18,166,23,
158,26,154,20,154,15,159,15,164,22,
157,24,152,19,153,13,158,14,162,19,
154,21,150,16,151,11,157,12,161,17,
153,20,149,14,149,9,155,10,159,15,
152,18,148,12,148,6,154,7,158,14,
149,15,145,10,146,4,151,5,156,11,
148,13,144,7,145,2,150,3,154,8,
146,11,142,5,143,0,149,1,153,7,
145,9,141,3,142,-2,147,-1,151,5,
144,6,139,0,140,-5,146,-3,150,2,
142,3,138,-2,139,-7,144,-6,148,0,
141,1,137,-5,139,-9,144,-8,147,-2,
139,-1,136,-8,137,-13,142,-11,146,-4,
138,-4,134,-10,136,-15,141,-13,144,-7,
Vehicle ID:156
243,99,-93.17284393310547
243,97,-94.24848175048828
242,94,-95.67566680908203
241,91,-97.43817138671875
240,88,-99.1098403930664
238,86,-100.50470733642578
238,84,-101.56226348876953
236,81,-103.18074798583984
235,79,-104.29285430908203
233,75,-105.92521667480469
232,73,-107.36932373046875
230,71,-108.8798599243164
230,69,-110.05101013183594
227,66,-111.61325073242188
226,64,-113.00801086425781
225,62,-114.62577056884766
222,59,-116.03887176513672
221,57,-117.3415756225586
219,55,-118.94585418701172
217,53,-120.44391632080078
216,51,-121.48413848876953
213,50,-122.68230438232422
211,47,-124.44892120361328
209,45,-125.7362060546875
207,44,-126.801513671875
205,42,-128.04673767089844
203,40,-129.65000915527344
200,38,-131.00843811035156
198,36,-131.97552490234375
195,34,-133.58001708984375
193,33,-134.88404846191406
241,114,236,91,240,85,246,88,252,111,
242,111,236,89,240,84,245,86,251,109,
240,109,234,86,238,82,244,84,251,106,
240,106,233,84,237,78,243,81,250,102,
239,103,232,81,235,75,242,78,249,99,
239,100,231,79,234,73,240,75,248,96,
238,98,229,76,232,70,239,72,248,94,
237,95,228,74,231,68,237,70,246,90,
236,93,227,73,230,67,236,68,246,88,
235,90,225,70,228,64,234,65,244,86,
234,87,224,67,226,62,233,62,243,83,
233,85,222,65,224,59,230,60,242,80,
231,83,221,63,223,57,229,58,241,78,
230,80,218,61,220,54,228,55,239,74,
230,78,217,59,219,53,225,52,238,73,
228,75,215,56,216,50,223,51,236,70,
227,73,213,55,215,48,221,48,235,67,
225,71,211,53,213,47,219,46,233,64,
224,68,208,50,210,44,216,44,232,61,
221,66,207,49,208,42,215,42,229,60,
220,65,206,48,207,42,213,40,228,58,
219,63,204,46,204,40,211,39,227,55,
217,60,201,44,202,37,208,36,224,53,
215,58,199,42,200,36,206,35,223,51,
214,57,196,40,197,34,204,33,220,49,
212,55,195,40,195,32,202,31,219,46,
210,52,192,38,193,31,199,30,217,45,
207,51,189,35,189,29,196,28,214,42,
205,49,187,35,187,28,194,27,212,41,
203,46,185,33,185,26,191,25,209,38,
201,45,183,32,182,26,188,24,207,36,
Vehicle ID:164
120,14,-171.96160888671875
118,14,-173.1964111328125
115,14,-174.7806854248047
111,15,-175.454833984375
108,16,-177.58016967773438
106,16,-179.58096313476562
103,16,178.82778930664062
100,18,176.7176971435547
98,18,175.32501220703125
95,19,173.73268127441406
92,20,171.92259216308594
90,22,170.35369873046875
88,22,169.2594757080078
85,24,167.8499298095703
82,25,166.29403686523438
79,27,164.77859497070312
76,27,163.50808715820312
74,29,162.2052001953125
72,30,160.57168579101562
69,33,159.21189880371094
68,33,158.3017578125
65,34,157.150390625
63,37,155.24258422851562
61,38,153.89158630371094
58,41,152.781494140625
57,42,151.3988494873047
54,45,149.59010314941406
52,46,148.07171630859375
51,48,146.8773651123047
48,51,145.30421447753906
46,53,144.14491271972656
132,18,111,19,108,15,112,10,131,9,
129,18,110,19,106,15,110,10,129,9,
126,18,107,20,103,15,107,11,126,9,
124,19,103,20,100,16,103,11,122,9,
120,18,101,21,97,18,100,12,119,10,
117,19,99,22,94,18,97,12,116,10,
115,19,97,23,92,19,94,14,114,9,
112,20,94,24,88,20,91,14,111,10,
111,20,92,24,86,21,89,16,108,10,
108,21,89,26,84,23,87,17,105,11,
105,21,86,28,81,24,83,18,102,13,
102,22,84,29,78,26,81,19,99,13,
100,23,82,29,76,26,78,21,96,14,
97,24,79,31,73,28,75,22,93,15,
94,24,77,32,72,29,73,24,90,16,
92,25,74,34,69,32,70,25,88,17,
89,27,72,35,66,33,68,27,85,19,
86,28,70,37,64,35,65,28,82,19,
85,29,67,38,62,36,63,31,79,21,
82,30,65,40,59,39,61,32,77,22,
80,31,64,42,58,40,59,33,76,23,
78,32,62,43,55,41,56,35,73,25,
75,34,59,46,53,44,54,37,70,26,
73,35,57,47,51,45,52,39,67,28,
71,36,56,48,49,47,49,41,65,29,
69,38,54,51,48,49,47,43,63,31,
66,40,51,53,45,52,45,46,60,33,
64,42,50,55,44,55,43,48,57,35,
62,43,48,57,42,56,42,50,56,37,
59,46,45,59,39,59,39,52,53,39,
58,48,44,62,38,61,37,55,51,41,
Vehicle ID:169
-50,144,167.77821350097656
-50,144,167.92697143554688
-50,144,167.95379638671875
-50,144,167.95382690429688
-50,144,167.9537353515625
-50,144,167.95372009277344
-50,144,167.9536590576172
-50,144,167.9536590576172
-50,144,167.9536895751953
-50,144,167.95372009277344
-50,144,167.95372009277344
-50,144,167.95372009277344
-50,144,167.9537353515625
-50,144,167.9537353515625
-50,144,167.9537353515625
-50,144,167.9537353515625
-50,144,167.9537353515625
-50,144,167.9537353515625
-50,144,167.9537353515625
-50,144,167.9537353515625
-50,144,167.9537353515625
-50,144,167.9537353515625
-50,144,167.9537353515625
-50,144,167.9537353515625
-50,144,167.9537353515625
-50,144,167.9537353515625
-50,144,167.9537353515625
-50,144,167.9537353515625
-50,144,167.9537353515625
-50,144,167.9537353515625
-50,144,167.9537353515625
-40,145,-53,150,-59,147,-57,142,-44,135,
-40,145,-54,150,-60,147,-58,142,-43,136,
-40,145,-54,150,-60,147,-58,142,-43,136,
-40,145,-54,150,-60,147,-58,142,-43,136,
-40,145,-54,150,-60,147,-58,142,-43,136,
-40,145,-54,150,-60,147,-58,142,-43,136,
-40,145,-54,150,-60,147,-58,142,-43,136,
-40,145,-54,150,-60,147,-58,142,-43,136,
-40,145,-54,150,-60,147,-58,142,-43,136,
-40,145,-54,150,-60,147,-58,142,-43,136,
-40,145,-54,150,-60,147,-58,142,-43,136,
-40,145,-54,150,-60,147,-58,142,-43,136,
-40,145,-54,150,-60,147,-58,142,-43,136,
-40,145,-54,150,-60,147,-58,142,-43,136,
-40,145,-54,150,-60,147,-58,142,-43,136,
-40,145,-54,150,-60,147,-58,142,-43,136,
-40,145,-54,150,-60,147,-58,142,-43,136,
-40,145,-54,150,-60,147,-58,142,-43,136,
-40,145,-54,150,-60,147,-58,142,-43,136,
-40,145,-54,150,-60,147,-58,142,-43,136,
-40,145,-54,150,-60,147,-58,142,-43,136,
-40,145,-54,150,-60,147,-58,142,-43,136,
-40,145,-54,150,-60,147,-58,142,-43,136,
-40,145,-54,150,-60,147,-58,142,-43,136,
-40,145,-54,150,-60,147,-58,142,-43,136,
-40,145,-54,150,-60,147,-58,142,-43,136,
-40,145,-54,150,-60,147,-58,142,-43,136,
-40,145,-54,150,-60,147,-58,142,-43,136,
-40,145,-54,150,-60,147,-58,142,-43,136,
-40,145,-54,150,-60,147,-58,142,-43,136,
-40,145,-54,150,-60,147,-58,142,-43,136,
Vehicle ID:171
459,49,-179.18775939941406
458,49,-179.1797637939453
455,50,-179.1753387451172
452,50,-179.1791229248047
450,51,-179.17738342285156
447,51,-179.18707275390625
445,52,-179.21316528320312
442,52,-179.15487670898438
440,53,-179.14727783203125
438,53,-179.14108276367188
435,53,-179.1634521484375
434,54,-179.18629455566406
432,54,-179.1740264892578
428,54,-179.18186950683594
426,54,-179.17127990722656
423,55,-179.18690490722656
422,55,-179.19332885742188
419,55,-179.1848907470703
417,56,-179.14950561523438
414,56,-179.14967346191406
413,56,-179.1604766845703
410,57,-179.1487579345703
407,58,-179.1734161376953
405,58,-179.19786071777344
403,58,-179.1830291748047
401,59,-179.19354248046875
398,59,-179.17434692382812
395,60,-179.17672729492188
393,60,-179.17807006835938
390,61,-179.18093872070312
388,61,-179.18121337890625
463,50,460,51,456,50,460,47,463,47,
462,51,458,51,454,50,458,47,462,47,
459,51,456,52,452,50,456,48,459,47,
456,52,453,52,448,51,452,48,456,48,
454,52,451,53,446,51,450,49,453,48,
452,53,448,53,443,52,447,49,451,49,
450,53,446,54,441,52,445,50,449,49,
447,53,444,54,439,53,443,50,446,50,
445,54,441,55,436,53,440,51,444,50,
443,54,439,55,434,54,438,50,442,50,
440,55,436,55,432,54,435,50,439,50,
437,55,434,56,429,53,433,51,436,50,
435,56,432,56,427,54,431,51,435,50,
433,56,429,57,424,54,428,52,432,51,
430,56,427,57,423,55,426,52,429,52,
428,57,424,58,420,55,423,53,427,52,
425,57,422,58,418,56,421,53,425,52,
423,58,419,58,415,56,418,53,422,53,
420,58,417,58,413,56,416,54,420,53,
418,58,415,58,411,57,414,54,417,54,
416,58,413,58,409,57,412,55,415,54,
414,58,411,59,407,58,410,55,413,54,
411,59,408,59,404,58,407,55,410,55,
409,59,405,60,401,59,404,56,408,55,
407,60,403,60,399,59,402,56,406,56,
404,60,401,61,397,59,400,57,404,56,
402,60,398,61,394,60,398,57,401,56,
399,61,395,62,391,60,395,58,399,57,
397,61,393,62,389,61,393,58,397,57,
394,62,390,63,386,61,390,59,394,58,
392,62,388,63,384,62,388,59,392,58,
Vehicle ID:186
223,165,-54.79216766357422
224,163,-56.17058181762695
225,160,-58.06328582763672
226,157,-60.2042350769043
227,154,-62.223388671875
227,151,-63.91289138793945
228,148,-65.1985092163086
228,145,-67.18550109863281
229,142,-69.01582336425781
230,140,-70.23785400390625
230,136,-71.90764617919922
229,134,-72.22297668457031
230,131,-73.03065490722656
230,128,-74.05821228027344
230,126,-75.45137023925781
230,123,-78.1038589477539
230,120,-80.59654235839844
229,117,-81.88522338867188
230,114,-83.20995330810547
228,111,-85.72799682617188
228,109,-87.64311981201172
228,107,-89.87226104736328
227,103,-92.47151184082031
226,101,-94.37692260742188
225,98,-96.20777893066406
224,96,-97.8971939086914
223,92,-99.85633850097656
222,90,-101.87568664550781
220,88,-103.28902435302734
219,85,-105.00466918945312
217,82,-106.76869201660156
213,173,222,155,229,153,232,159,223,179,
214,172,223,152,229,151,233,157,224,177,
216,170,223,150,230,148,233,155,225,174,
217,167,224,146,230,145,234,150,227,170,
217,164,224,144,231,142,235,147,228,167,
219,161,225,141,231,139,235,144,229,165,
220,159,225,139,231,136,235,141,230,162,
220,156,225,136,231,133,235,138,231,158,
221,154,225,133,232,130,236,135,232,156,
221,152,225,131,231,128,236,132,232,153,
223,148,225,128,231,124,236,129,233,150,
222,145,226,125,231,121,236,126,234,146,
223,143,225,123,232,118,237,124,233,144,
223,140,226,119,231,115,236,120,235,141,
224,137,225,116,232,112,237,117,234,138,
225,135,225,113,230,109,236,114,235,135,
225,133,224,112,230,108,235,111,235,132,
225,130,224,109,229,105,235,108,236,129,
225,127,223,106,229,102,234,105,235,126,
225,125,223,103,227,99,234,102,236,123,
224,123,221,101,227,97,232,100,235,121,
225,120,221,99,225,94,232,97,236,118,
224,117,220,96,224,91,230,94,235,115,
224,115,218,93,222,89,229,91,235,112,
223,112,218,91,222,87,227,89,234,109,
223,110,216,90,220,84,227,86,234,106,
223,107,215,87,219,81,225,83,232,103,
221,104,213,84,216,78,223,80,232,100,
221,102,212,82,215,77,222,77,230,97,
219,99,211,79,214,74,220,75,229,94,
219,96,209,78,212,71,218,72,228,92,
