time
397.6938277314475
hero_global_pos
6.387421607971191,31.37679100036621
road_id
79
is_junction
False
speed_limit
30.0
speed
20.276125046384443
traffic_light
None
translation_offset
1089.0802659988403,1360.3430576324463
angle
-12.684722900390625
hero_past_trajectory
203,371,-90.36273193359375
203,369,-90.36254119873047
202,366,-90.36229705810547
202,363,-90.36214447021484
201,360,-90.36214447021484
201,358,-90.36214447021484
200,354,-90.33944702148438
199,352,-90.31334686279297
199,349,-90.2967529296875
198,346,-90.19268798828125
197,343,-89.9367904663086
197,340,-89.68841552734375
196,338,-89.2990493774414
196,335,-88.79766845703125
196,332,-88.33834838867188
195,329,-87.85945892333984
195,327,-87.36370086669922
194,324,-86.77698516845703
193,322,-86.09366607666016
194,318,-85.36205291748047
193,316,-84.671142578125
193,313,-84.0504150390625
193,310,-83.19664001464844
192,307,-82.23568725585938
193,304,-81.56511688232422
192,301,-80.70561981201172
192,298,-79.8504409790039
192,296,-79.17212677001953
192,293,-78.40105438232422
192,290,-77.72611236572266
192,288,-77.31527709960938
hero_past_corners
201,383,197,365,201,360,208,362,212,381,
200,380,196,362,200,357,207,359,211,378,
200,378,196,360,200,355,207,357,211,376,
199,376,195,356,199,351,206,354,210,373,
199,373,194,353,198,348,205,351,209,370,
198,370,194,351,198,346,205,349,209,367,
197,367,193,348,197,343,204,346,208,364,
197,364,193,345,197,340,203,343,207,361,
196,362,192,343,196,338,203,341,207,359,
196,359,191,340,195,335,202,337,206,357,
195,356,191,337,195,332,202,335,206,354,
194,353,190,335,194,330,201,332,205,351,
194,350,190,332,194,326,200,329,204,348,
193,347,189,329,194,323,200,326,204,346,
192,344,188,326,193,321,200,323,203,343,
192,341,188,323,193,318,199,321,203,340,
191,339,188,321,193,315,199,319,202,338,
191,337,187,318,193,313,198,316,202,335,
190,334,187,315,192,310,199,313,201,332,
189,331,187,312,192,307,198,310,200,329,
189,329,186,309,192,304,198,308,201,327,
189,326,187,307,192,301,198,305,200,324,
189,323,186,304,191,298,197,302,199,321,
188,319,186,300,192,295,198,299,199,318,
187,317,186,298,191,293,197,296,199,315,
187,313,186,293,191,289,197,293,198,312,
187,311,187,291,192,287,198,291,198,310,
187,308,186,288,192,284,197,288,198,307,
187,305,186,285,191,281,197,285,198,304,
187,301,187,282,192,279,198,283,198,301,
186,300,186,281,193,277,198,281,198,300,
actor_past_trajectory_corners
Vehicle ID:128
172,56,-131.2969207763672
170,54,-130.61602783203125
169,52,-129.95489501953125
166,51,-129.13697814941406
165,49,-128.69537353515625
162,48,-127.7142562866211
160,45,-126.55289459228516
157,44,-125.6567153930664
156,42,-125.04630279541016
153,39,-123.85401153564453
152,38,-122.72168731689453
150,36,-121.71778869628906
148,33,-120.89204406738281
147,32,-119.76468658447266
144,29,-118.55387115478516
143,27,-117.5566177368164
141,26,-116.92354583740234
140,23,-116.09867858886719
137,21,-115.11460876464844
136,19,-114.69727325439453
134,17,-114.40777587890625
132,14,-113.50434112548828
131,12,-111.71977233886719
129,9,-109.64273834228516
129,7,-108.09882354736328
127,4,-106.4193344116211
125,2,-105.25517272949219
124,0,-104.34459686279297
123,-2,-103.3947525024414
122,-5,-102.8155517578125
121,-7,-102.495849609375
175,62,169,57,168,53,174,52,179,56,
173,61,166,56,166,51,171,50,177,55,
170,59,165,54,164,49,170,49,175,53,
168,57,163,53,162,48,167,47,173,51,
166,56,161,51,160,46,166,46,171,50,
164,53,159,49,157,44,164,43,169,48,
161,52,156,47,156,42,161,42,166,46,
159,49,154,45,153,39,159,39,164,44,
158,49,152,44,152,39,157,39,162,43,
155,46,150,41,150,36,155,36,160,41,
154,44,148,40,148,33,153,34,159,39,
151,42,146,37,146,32,152,32,156,37,
150,40,144,35,144,29,149,30,155,35,
147,38,143,33,143,27,148,27,152,34,
146,36,140,31,141,25,146,26,151,31,
143,34,139,28,139,23,145,24,149,29,
142,32,137,27,137,22,143,22,148,27,
140,30,136,25,136,19,142,19,146,26,
137,28,133,22,134,16,139,17,144,23,
136,26,132,20,132,14,138,15,142,20,
134,23,130,18,131,13,136,14,141,19,
133,21,129,15,129,10,135,11,139,17,
131,19,127,13,128,7,133,8,138,14,
130,16,125,10,126,5,131,5,136,12,
128,13,125,7,126,3,131,3,135,10,
126,11,123,4,124,0,129,1,133,7,
125,8,122,2,122,-2,128,0,131,4,
123,6,120,0,122,-5,127,-3,130,3,
122,3,119,-2,120,-7,126,-6,129,0,
121,1,118,-5,120,-9,124,-7,128,-1,
120,0,117,-6,118,-11,124,-9,126,-3,
Vehicle ID:156
231,97,-99.1098403930664
229,94,-100.50470733642578
229,92,-101.56226348876953
227,89,-103.18074798583984
226,88,-104.29285430908203
224,84,-105.92521667480469
222,81,-107.36932373046875
221,80,-108.8798599243164
220,78,-110.05101013183594
218,75,-111.61325073242188
216,72,-113.00801086425781
215,71,-114.62577056884766
212,68,-116.03887176513672
211,66,-117.3415756225586
209,64,-118.94585418701172
207,62,-120.44391632080078
205,61,-121.48413848876953
203,59,-122.68230438232422
200,57,-124.44892120361328
199,55,-125.7362060546875
197,53,-126.801513671875
194,52,-128.04673767089844
192,50,-129.65000915527344
189,48,-131.00843811035156
187,46,-131.97552490234375
184,45,-133.58001708984375
182,43,-134.88404846191406
180,42,-135.87266540527344
177,40,-137.0735321044922
175,40,-138.44383239746094
173,39,-139.3263397216797
231,111,223,89,226,84,233,86,240,107,
230,108,222,88,225,82,231,83,240,104,
230,106,220,85,223,79,229,81,239,102,
228,104,219,83,221,76,228,78,237,98,
228,102,217,81,220,76,226,76,237,96,
226,99,216,79,218,73,225,74,235,94,
226,96,214,76,216,70,223,71,234,91,
224,93,213,74,214,68,220,68,233,88,
223,91,211,73,213,66,219,67,232,86,
221,89,209,70,210,64,217,64,230,83,
221,87,207,68,209,62,215,61,228,81,
219,84,205,66,206,59,212,60,227,78,
217,81,203,64,205,58,211,57,225,76,
216,80,201,63,202,56,208,56,224,73,
214,77,198,60,200,54,206,53,222,70,
212,75,197,58,197,52,204,52,219,69,
210,74,195,58,196,51,202,50,218,67,
209,72,193,56,194,50,201,48,216,64,
207,69,190,54,191,47,197,46,214,62,
205,68,188,52,189,46,195,44,212,60,
204,66,186,51,186,44,193,43,210,58,
202,64,185,50,184,43,191,41,208,56,
200,62,181,49,182,41,187,40,206,54,
197,60,179,46,178,40,185,38,203,52,
195,59,176,46,176,38,183,37,201,50,
192,56,174,44,173,37,179,36,198,48,
191,55,172,42,170,37,177,34,196,46,
189,54,169,42,168,35,174,33,194,45,
186,52,166,41,165,34,171,31,191,43,
184,50,164,39,163,33,169,31,189,42,
182,49,162,38,161,33,168,30,188,41,
Vehicle ID:164
96,30,-177.58016967773438
94,30,-179.58096313476562
91,31,178.82778930664062
88,33,176.7176971435547
86,33,175.32501220703125
83,34,173.73268127441406
81,35,171.92259216308594
78,37,170.35369873046875
76,37,169.2594757080078
73,39,167.8499298095703
71,41,166.29403686523438
68,42,164.77859497070312
65,43,163.50808715820312
63,44,162.2052001953125
61,46,160.57168579101562
58,49,159.21189880371094
57,49,158.3017578125
54,50,157.150390625
52,53,155.24258422851562
50,54,153.89158630371094
48,57,152.781494140625
46,58,151.3988494873047
44,61,149.59010314941406
42,62,148.07171630859375
40,65,146.8773651123047
38,67,145.30421447753906
36,70,144.14491271972656
35,71,143.2545623779297
33,74,142.19564819335938
31,76,141.3982391357422
30,77,140.9368438720703
109,32,89,35,85,32,88,26,107,23,
106,33,87,37,82,33,85,27,104,24,
104,33,85,37,81,34,82,29,102,23,
101,34,83,39,77,35,79,29,99,24,
99,34,81,39,75,37,78,31,96,25,
96,35,78,41,72,38,75,32,93,25,
93,36,75,43,70,40,71,33,90,27,
90,36,73,44,67,41,69,35,87,28,
88,38,71,45,65,42,67,36,84,28,
86,38,68,46,62,44,64,38,82,30,
83,39,66,48,60,45,61,40,79,31,
81,40,63,49,58,48,59,41,76,32,
78,42,61,51,55,49,57,43,73,34,
75,43,59,52,53,51,54,44,70,35,
74,44,56,54,51,52,52,47,68,36,
71,46,55,56,48,55,50,48,66,38,
69,46,53,58,48,56,48,50,64,39,
67,48,51,59,45,58,45,51,61,41,
64,49,49,62,42,60,43,54,59,42,
62,51,47,63,41,62,41,55,56,44,
60,52,45,65,39,64,39,58,54,45,
58,54,44,67,37,66,37,59,52,47,
56,56,41,70,35,69,35,63,49,50,
53,58,40,72,34,71,33,65,46,51,
51,59,38,74,32,73,32,67,45,54,
49,62,36,76,30,77,29,69,42,55,
47,64,34,79,28,78,28,72,41,58,
46,66,33,80,27,80,26,74,39,59,
44,68,31,82,25,83,24,77,36,62,
42,70,29,85,23,85,23,79,35,64,
41,71,29,86,23,86,21,80,33,65,
Vehicle ID:171
440,50,-179.17738342285156
437,50,-179.18707275390625
435,51,-179.21316528320312
432,52,-179.15487670898438
430,52,-179.14727783203125
428,52,-179.14108276367188
425,53,-179.1634521484375
423,54,-179.18629455566406
421,54,-179.1740264892578
418,54,-179.18186950683594
416,54,-179.17127990722656
413,55,-179.18690490722656
411,55,-179.19332885742188
408,56,-179.1848907470703
406,56,-179.14950561523438
403,57,-179.14967346191406
402,57,-179.1604766845703
400,58,-179.1487579345703
397,58,-179.1734161376953
395,59,-179.19786071777344
393,59,-179.1830291748047
391,60,-179.19354248046875
388,60,-179.17434692382812
385,61,-179.17672729492188
383,62,-179.17807006835938
380,62,-179.18093872070312
378,63,-179.18121337890625
376,63,-179.1737518310547
373,64,-179.18353271484375
371,64,-179.1835479736328
369,65,-179.18202209472656
443,51,440,52,436,51,439,48,442,47,
441,52,437,52,433,51,436,48,440,48,
439,52,435,53,431,52,434,49,438,48,
436,53,433,53,429,52,432,49,435,49,
434,53,430,54,426,53,430,50,433,49,
432,53,428,54,424,53,427,49,431,50,
429,54,426,55,421,54,424,50,428,49,
427,55,424,55,419,53,422,51,425,50,
425,55,422,56,417,54,421,51,424,50,
423,56,419,57,414,55,418,52,422,51,
420,56,417,57,412,55,416,52,419,51,
418,57,414,58,409,56,413,53,417,52,
415,57,412,58,407,56,411,53,415,52,
413,58,409,59,404,57,408,54,412,53,
410,59,407,58,402,57,406,54,410,53,
408,58,405,59,400,58,404,55,407,54,
406,58,403,59,399,58,402,55,405,55,
404,59,401,60,397,58,400,56,403,55,
401,60,398,60,394,59,397,56,400,56,
399,60,395,61,391,60,394,57,398,56,
397,60,393,61,389,60,392,57,396,57,
394,61,391,62,387,61,390,58,394,57,
392,62,388,62,384,61,387,58,391,58,
389,62,385,63,381,62,384,59,388,58,
387,63,383,63,379,62,382,60,386,59,
384,63,380,64,376,63,380,60,383,59,
382,64,378,65,374,64,378,61,382,60,
379,64,377,65,372,64,376,61,380,60,
378,65,374,66,369,65,373,62,377,61,
375,65,372,66,367,65,371,62,375,61,
374,66,370,67,365,65,369,63,373,62,
Vehicle ID:186
221,163,-62.223388671875
221,159,-63.91289138793945
222,157,-65.1985092163086
222,154,-67.18550109863281
223,151,-69.01582336425781
223,149,-70.23785400390625
223,145,-71.90764617919922
223,143,-72.22297668457031
223,140,-73.03065490722656
223,136,-74.05821228027344
223,134,-75.45137023925781
223,131,-78.1038589477539
223,128,-80.59654235839844
222,125,-81.88522338867188
222,122,-83.20995330810547
221,120,-85.72799682617188
220,118,-87.64311981201172
220,116,-89.87226104736328
219,112,-92.47151184082031
218,110,-94.37692260742188
217,107,-96.20777893066406
215,105,-97.8971939086914
215,101,-99.85633850097656
213,99,-101.87568664550781
212,97,-103.28902435302734
210,94,-105.00466918945312
208,92,-106.76869201660156
207,90,-108.2318115234375
205,87,-109.89922332763672
204,85,-111.45714569091797
203,84,-112.39801025390625
212,173,218,153,225,150,229,156,223,175,
214,170,218,150,225,147,229,153,224,173,
214,168,219,148,224,144,229,150,225,171,
215,165,218,145,225,141,229,146,225,167,
215,163,219,142,225,138,229,143,227,164,
216,161,218,140,224,136,229,140,226,161,
217,157,218,137,224,132,229,137,227,158,
216,154,219,133,224,130,229,134,228,155,
217,152,218,131,224,127,230,132,227,153,
217,149,219,128,224,124,229,128,229,150,
217,146,218,125,224,121,229,126,228,147,
218,144,217,122,222,118,228,122,228,144,
219,142,217,120,222,116,228,119,228,140,
218,139,216,118,221,113,227,116,229,137,
218,136,215,115,221,110,226,113,228,134,
218,134,215,112,219,108,226,110,228,131,
217,132,213,110,219,106,224,109,228,129,
218,128,213,108,217,103,224,106,228,126,
217,126,211,105,215,100,222,103,228,123,
216,124,210,103,214,98,220,100,227,120,
216,121,209,101,213,96,219,97,226,117,
215,119,208,99,212,93,218,95,226,114,
215,116,206,96,210,90,217,92,224,112,
213,113,205,93,207,88,214,89,223,109,
213,111,203,92,206,86,213,86,222,106,
211,108,202,89,204,83,211,84,221,103,
210,106,200,87,203,81,209,81,219,100,
209,104,198,85,200,79,208,79,218,98,
207,101,196,83,199,76,205,77,217,95,
207,99,195,81,197,75,204,75,216,93,
205,97,193,81,196,74,202,74,214,91,
