time
390.90202739080996
hero_global_pos
5.09751558303833,69.60566711425781
road_id
33
is_junction
False
speed_limit
30.0
speed
20.494867966352306
traffic_light
None
translation_offset
1061.393073990941,1550.0019340515137
angle
0.36223602294921875
hero_past_trajectory
192,372,-90.3623275756836
192,369,-90.3624267578125
193,366,-90.36254119873047
193,363,-90.36262512207031
193,360,-90.36273193359375
193,357,-90.36273193359375
193,354,-90.36254119873047
193,351,-90.3623275756836
193,349,-90.36227416992188
193,346,-90.36227416992188
193,343,-90.36235809326172
192,341,-90.36244201660156
192,338,-90.36254119873047
192,335,-90.36266326904297
192,332,-90.36273193359375
192,329,-90.36273193359375
192,327,-90.3625717163086
192,324,-90.36229705810547
192,320,-90.3622055053711
192,318,-90.36223602294922
192,315,-90.36229705810547
192,312,-90.36239624023438
192,309,-90.36248016357422
192,306,-90.36260223388672
192,303,-90.3626937866211
192,301,-90.36273193359375
192,299,-90.36262512207031
192,296,-90.36235809326172
192,292,-90.3622055053711
192,290,-90.3622055053711
192,288,-90.36223602294922
hero_past_corners
186,383,187,364,193,360,198,364,197,383,
186,381,187,362,193,358,198,362,197,381,
186,378,187,358,193,354,198,358,197,378,
186,375,187,356,193,352,198,356,197,375,
186,372,187,353,193,349,198,353,197,372,
186,369,187,350,193,346,198,350,197,369,
187,366,187,347,193,343,198,347,198,366,
187,363,187,344,192,340,198,344,198,363,
187,361,187,342,192,338,198,342,198,361,
187,358,187,339,192,335,198,339,198,358,
187,355,187,336,192,332,198,336,198,355,
187,353,187,333,192,329,198,333,198,353,
187,350,187,331,192,327,198,331,198,350,
187,346,187,327,192,323,198,327,198,346,
187,343,187,324,192,320,198,324,198,343,
187,341,187,322,192,318,198,321,198,341,
187,339,187,319,192,315,198,319,198,339,
187,336,187,317,192,313,198,317,198,336,
187,332,187,313,192,309,198,313,198,332,
187,329,187,310,192,306,198,310,198,329,
187,326,187,307,192,303,198,307,198,326,
187,324,187,304,192,300,198,304,198,324,
187,321,187,302,192,298,198,302,198,321,
187,318,187,299,192,295,198,299,198,318,
187,315,187,296,192,292,198,296,198,315,
187,312,187,293,192,289,198,293,198,312,
187,310,187,291,192,287,198,291,198,310,
187,307,187,288,192,284,198,288,198,307,
187,304,186,285,192,281,198,285,198,304,
187,302,186,283,192,279,198,283,198,302,
187,299,186,280,192,276,198,280,198,299,
actor_past_trajectory_corners
Vehicle ID:116
117,228,89.6415023803711
117,231,89.64060974121094
117,234,89.63971710205078
117,237,89.63996124267578
117,240,89.6402816772461
117,243,89.639892578125
117,246,89.63923645019531
117,249,89.63858032226562
117,251,89.63810729980469
117,254,89.63760375976562
117,257,89.63729095458984
117,259,89.63717651367188
117,262,89.63790130615234
117,266,89.63837432861328
117,269,89.63821411132812
117,271,89.63787841796875
117,273,89.63760375976562
117,276,89.63729095458984
117,280,89.636962890625
117,283,89.63732147216797
117,286,89.63832092285156
117,288,89.6386947631836
117,291,89.63854217529297
117,294,89.63809967041016
117,297,89.63761901855469
117,300,89.63724517822266
117,302,89.6369857788086
117,305,89.63676452636719
117,308,89.63668060302734
117,310,89.63722229003906
117,313,89.63803100585938
121,219,121,234,117,238,112,233,112,218,
121,222,121,236,117,240,112,235,112,221,
121,225,121,239,117,243,112,238,112,224,
121,227,121,242,117,246,112,241,112,226,
121,230,121,245,117,249,112,244,112,230,
121,234,121,248,117,252,112,248,112,233,
121,237,121,251,117,255,112,250,112,236,
121,240,121,254,117,258,112,253,112,239,
121,242,121,257,117,261,112,256,112,241,
121,245,121,259,117,264,113,260,112,244,
121,248,121,262,117,266,113,262,112,247,
121,250,121,265,117,269,113,265,112,249,
121,253,122,267,117,271,113,267,112,252,
121,256,122,271,117,275,113,271,112,255,
121,259,122,274,117,278,113,274,112,258,
121,262,122,277,117,281,113,277,113,262,
121,264,122,279,117,283,113,279,113,264,
122,267,122,281,117,285,113,282,113,267,
122,271,122,285,117,289,113,285,113,271,
122,273,122,288,117,292,113,288,113,273,
122,276,122,291,117,295,113,291,113,276,
122,279,122,294,117,298,113,294,113,279,
122,282,122,296,117,300,113,296,113,282,
122,285,122,300,117,304,113,300,113,285,
122,288,122,302,117,306,113,302,113,288,
122,291,122,305,117,309,113,305,113,291,
122,293,122,307,117,311,113,307,113,293,
122,296,122,310,117,314,113,310,113,296,
122,299,122,314,117,318,113,314,113,299,
122,301,122,315,117,319,113,314,113,301,
122,304,122,318,117,322,113,317,113,304,
Vehicle ID:156
177,55,-3.476104974746704
179,55,-4.724642276763916
182,55,-6.466375350952148
185,54,-7.90457820892334
188,54,-9.422224044799805
191,53,-10.89991569519043
194,52,-12.495623588562012
197,51,-14.005785942077637
199,51,-15.062397003173828
203,50,-16.457901000976562
205,49,-17.970922470092773
208,48,-19.23434829711914
210,47,-20.52480697631836
213,45,-22.29704475402832
216,44,-23.872173309326172
218,43,-25.209299087524414
220,42,-26.092906951904297
223,41,-26.493907928466797
226,39,-27.88051414489746
228,37,-29.70220947265625
231,36,-31.584856033325195
233,34,-33.40242004394531
235,32,-34.8997917175293
238,30,-36.563289642333984
240,29,-38.11496353149414
242,27,-39.48594284057617
243,25,-40.389156341552734
245,23,-41.53361892700195
248,21,-43.236026763916016
249,20,-44.07184600830078
251,18,-45.20375442504883
163,51,187,50,190,55,186,60,163,61,
165,51,189,49,192,54,189,59,166,61,
168,51,192,48,196,53,192,59,170,61,
171,51,195,48,198,52,195,58,172,61,
174,51,197,47,201,51,198,57,175,61,
178,50,200,46,205,50,201,56,179,60,
181,50,203,45,208,49,204,55,182,60,
183,50,206,44,211,48,207,54,185,60,
186,49,208,43,213,47,209,53,187,59,
188,49,210,42,216,46,212,52,190,58,
191,48,213,41,218,45,215,51,193,58,
193,47,215,40,220,43,218,50,196,57,
196,47,217,39,223,42,221,48,198,56,
199,46,220,37,226,40,224,47,202,55,
202,45,222,36,228,39,227,45,205,54,
204,44,225,34,230,37,229,43,207,53,
206,43,226,33,232,36,231,42,209,52,
208,42,229,32,235,35,233,41,212,51,
212,40,232,30,238,32,237,39,217,50,
214,39,234,28,240,31,239,37,219,48,
217,38,236,26,242,29,241,35,222,47,
219,37,238,24,244,27,244,33,225,46,
221,36,240,23,246,25,246,31,227,44,
224,34,242,21,248,22,248,29,230,43,
226,33,244,19,250,20,250,27,232,41,
228,31,246,17,252,18,252,25,235,39,
230,30,247,15,253,17,254,23,236,38,
232,28,249,13,255,15,256,21,239,36,
234,26,251,11,258,12,258,18,242,34,
236,25,252,9,259,10,259,17,243,33,
238,23,254,7,260,8,261,14,245,31,
Vehicle ID:186
94,5,50.60844039916992
96,7,48.88593292236328
98,9,46.70907974243164
100,11,45.20389175415039
102,13,43.48157501220703
105,15,41.48745346069336
107,17,39.9349365234375
110,19,38.46986389160156
112,20,37.13277053833008
114,22,35.533058166503906
117,24,34.21342086791992
119,25,32.8499870300293
121,27,31.17127799987793
124,28,29.370140075683594
127,30,27.99723243713379
129,31,27.6588077545166
131,32,27.31001853942871
134,33,25.471590042114258
137,34,22.523704528808594
140,35,20.320695877075195
143,35,18.384937286376953
145,36,16.608871459960938
148,37,15.02937126159668
151,37,14.537114143371582
154,38,13.22286605834961
156,38,10.99387264251709
158,38,9.620715141296387
161,39,8.88812255859375
165,39,5.989523887634277
167,39,4.318114280700684
170,39,1.8739252090454102
90,-7,104,8,102,15,95,15,82,0,
91,-5,105,10,104,17,97,17,83,1,
93,-3,108,12,107,18,100,19,86,4,
95,-1,110,13,109,20,102,21,87,6,
97,1,112,15,112,22,105,23,90,8,
99,3,115,18,115,25,108,25,92,11,
101,5,118,19,117,26,111,27,94,13,
103,7,120,21,120,28,113,28,97,15,
105,8,122,22,122,29,115,31,98,17,
107,10,124,23,124,30,118,32,101,19,
109,12,127,24,127,31,121,33,103,20,
111,13,129,25,129,32,123,35,105,22,
113,15,131,26,132,33,126,36,108,24,
116,17,134,28,135,34,129,37,111,26,
118,19,137,29,138,35,132,38,113,27,
121,20,140,30,141,37,135,40,116,30,
123,21,141,31,142,37,136,40,118,31,
125,22,144,32,145,38,139,41,120,32,
128,24,147,32,149,39,143,42,124,34,
130,25,150,33,152,39,146,43,126,35,
132,26,153,33,155,39,149,43,129,37,
135,27,155,33,157,40,152,44,132,38,
137,28,158,34,160,40,155,44,134,39,
140,29,161,34,163,40,158,45,137,39,
143,30,163,35,166,41,161,45,140,40,
145,30,166,34,169,41,164,45,143,41,
147,31,168,34,171,40,166,45,145,42,
150,31,171,35,174,41,169,45,148,42,
153,32,174,34,178,40,173,45,152,43,
155,33,176,34,179,40,175,45,154,43,
157,33,179,34,182,39,178,44,157,44,
