time
395.7058320826909
hero_global_pos
4.9444355964660645,42.50614547729492
road_id
757
is_junction
True
speed_limit
30.0
speed
19.98976956414974
traffic_light
None
translation_offset
1061.1059108451009,1413.0000629425049
angle
-0.06320953369140625
hero_past_trajectory
193,374,-90.36260223388672
193,371,-90.3623275756836
193,369,-90.3622055053711
193,365,-90.3622055053711
193,362,-90.36229705810547
193,359,-90.36239624023438
193,356,-90.36248016357422
193,354,-90.36260223388672
193,351,-90.36266326904297
193,348,-90.36273193359375
193,345,-90.36266326904297
193,342,-90.3624267578125
193,339,-90.36223602294922
193,337,-90.3622055053711
193,334,-90.3622055053711
193,331,-90.36229705810547
193,328,-90.3624267578125
193,326,-90.36248016357422
193,323,-90.36260223388672
192,319,-90.3626937866211
192,316,-90.36273193359375
192,314,-90.36254119873047
192,311,-90.36229705810547
192,308,-90.36214447021484
192,305,-90.36214447021484
192,303,-90.36214447021484
192,299,-90.33944702148438
192,297,-90.31334686279297
192,294,-90.2967529296875
192,291,-90.19268798828125
192,288,-89.9367904663086
hero_past_corners
187,386,187,367,193,363,198,367,199,386,
187,383,187,364,193,360,198,364,199,383,
187,380,187,361,193,357,198,361,199,380,
187,376,187,357,193,353,198,357,198,376,
187,374,187,355,193,351,198,355,198,374,
187,370,187,351,193,347,198,351,198,370,
187,368,187,348,193,344,198,348,198,367,
187,365,187,346,193,342,198,346,198,365,
187,362,187,343,193,339,198,343,198,362,
187,360,187,341,193,337,198,341,198,360,
187,356,187,337,193,333,198,337,198,356,
187,354,187,335,193,331,198,335,198,354,
187,351,187,331,193,327,198,331,198,351,
187,348,187,329,193,325,198,329,198,348,
187,346,187,326,193,322,198,326,198,346,
187,342,187,323,192,319,198,323,198,342,
187,339,187,320,192,316,198,320,198,339,
187,337,187,318,192,314,198,318,198,337,
187,335,187,315,192,311,198,315,198,334,
187,331,187,312,192,308,198,312,198,331,
187,328,187,309,192,305,198,309,198,328,
187,325,187,306,192,302,198,306,198,325,
187,323,187,304,192,300,198,304,198,323,
187,320,187,300,192,296,198,300,198,320,
187,317,187,297,192,293,198,297,198,317,
187,314,187,295,192,291,198,295,198,314,
187,311,187,292,192,288,198,292,198,311,
187,308,187,289,192,285,198,289,198,308,
187,306,187,287,192,283,198,287,198,306,
187,303,187,284,192,280,198,283,198,303,
187,300,187,281,192,277,198,281,198,300,
actor_past_trajectory_corners
Vehicle ID:128
272,42,-152.75531005859375
270,40,-150.3738555908203
267,39,-148.32496643066406
264,36,-145.49472045898438
262,35,-143.4518585205078
260,33,-140.67276000976562
258,31,-138.73924255371094
256,29,-137.09181213378906
254,27,-135.5546112060547
252,26,-134.44183349609375
250,23,-133.3621063232422
248,21,-132.93072509765625
246,19,-132.6878662109375
244,17,-132.62351989746094
243,15,-132.62152099609375
240,13,-132.6690673828125
239,11,-132.67791748046875
237,9,-132.5386199951172
235,7,-132.19619750976562
233,4,-131.71743774414062
231,2,-131.2969207763672
229,0,-130.61602783203125
228,-1,-129.95489501953125
226,-3,-129.13697814941406
225,-5,-128.69537353515625
223,-7,-127.7142562866211
221,-10,-126.55289459228516
219,-12,-125.6567153930664
218,-14,-125.04630279541016
216,-17,-123.85401153564453
215,-19,-122.72168731689453
275,47,269,44,267,39,272,38,279,41,
273,46,267,43,265,37,270,36,276,40,
270,45,264,41,263,36,268,35,274,38,
267,43,261,39,260,33,265,33,271,37,
265,41,259,37,258,32,263,31,269,35,
262,39,256,35,255,29,261,29,266,33,
259,37,254,33,254,27,259,27,264,32,
258,36,252,31,252,25,257,25,263,30,
256,34,251,29,250,24,256,24,261,29,
254,32,249,27,249,22,254,22,259,27,
251,30,246,24,246,19,252,19,256,24,
249,28,244,23,244,17,250,17,255,23,
247,25,242,20,242,15,248,15,253,20,
245,24,241,18,241,13,246,13,251,19,
244,22,239,17,239,11,244,12,249,17,
241,19,237,14,237,9,242,9,247,14,
240,17,235,12,235,7,240,7,245,12,
238,16,234,11,234,5,239,6,244,11,
236,14,232,9,232,3,237,4,242,9,
234,11,229,6,229,0,235,1,239,6,
232,9,227,3,227,-1,233,0,237,4,
230,7,225,1,226,-3,231,-3,236,2,
228,5,224,0,224,-5,230,-4,234,0,
226,2,222,-2,222,-7,228,-7,232,-1,
225,1,221,-4,221,-9,227,-8,231,-3,
223,-1,219,-6,219,-12,225,-11,229,-5,
221,-3,217,-9,218,-14,223,-13,227,-8,
219,-6,215,-11,216,-17,221,-16,225,-10,
218,-7,214,-13,215,-18,220,-17,224,-12,
216,-10,212,-16,213,-21,218,-20,222,-14,
215,-12,211,-18,212,-24,217,-22,221,-16,
Vehicle ID:156
276,112,-69.21392059326172
276,109,-70.74545288085938
277,106,-72.0881576538086
278,102,-73.76372528076172
279,100,-74.6448974609375
280,97,-75.9915542602539
280,94,-77.26652526855469
280,92,-78.03897857666016
281,89,-79.7104721069336
281,86,-81.38401794433594
281,83,-83.72532653808594
281,80,-85.02759552001953
281,77,-86.67141723632812
281,75,-88.20795440673828
281,72,-89.66643524169922
281,69,-91.4683837890625
281,66,-93.17284393310547
281,64,-94.24848175048828
280,61,-95.67566680908203
280,58,-97.43817138671875
279,55,-99.1098403930664
278,52,-100.50470733642578
278,50,-101.56226348876953
277,47,-103.18074798583984
276,45,-104.29285430908203
275,41,-105.92521667480469
274,38,-107.36932373046875
273,36,-108.8798599243164
273,34,-110.05101013183594
271,31,-111.61325073242188
270,28,-113.00801086425781
266,122,274,101,280,99,284,105,276,126,
267,120,275,98,281,96,284,102,277,123,
268,117,275,96,281,93,285,99,278,121,
270,114,276,92,282,89,286,95,279,117,
270,112,276,90,282,87,286,92,280,114,
271,108,277,86,283,83,287,89,281,111,
272,106,277,84,283,81,287,86,282,108,
273,104,277,81,283,78,287,83,283,106,
273,101,277,79,283,76,288,81,283,103,
274,99,277,76,283,73,288,78,284,101,
275,95,277,73,283,69,287,74,285,97,
275,93,277,70,283,67,287,71,285,94,
276,90,277,68,282,64,287,68,286,91,
276,88,277,65,282,61,287,65,286,88,
276,86,276,63,281,59,287,63,286,86,
276,82,276,59,281,55,286,59,287,82,
276,80,275,57,280,52,285,56,287,79,
277,78,275,55,280,51,285,54,287,77,
276,75,274,52,279,48,284,51,287,74,
276,72,273,49,278,44,284,48,287,70,
276,69,273,46,277,41,283,45,286,67,
276,66,272,44,276,39,282,42,286,64,
276,64,271,41,275,36,281,39,286,62,
275,61,270,39,274,33,280,36,285,58,
275,59,269,37,273,32,279,34,285,56,
274,56,268,34,272,29,278,31,284,53,
274,53,267,31,270,26,277,28,283,50,
273,50,266,29,269,23,275,25,283,47,
272,48,265,27,268,21,274,23,282,45,
271,45,263,24,266,18,273,20,281,41,
271,43,262,22,265,16,271,17,280,39,
Vehicle ID:164
218,-25,-149.06051635742188
215,-26,-150.64910888671875
213,-27,-152.04400634765625
209,-29,-153.71563720703125
207,-30,-154.72430419921875
204,-31,-155.524658203125
201,-32,-155.93096923828125
199,-33,-157.52206420898438
196,-34,-159.4234161376953
194,-35,-161.12063598632812
190,-36,-163.84661865234375
188,-36,-165.2754669189453
185,-37,-166.93943786621094
182,-37,-168.1208953857422
180,-38,-168.38661193847656
177,-38,-169.95204162597656
174,-38,-171.96160888671875
172,-39,-173.1964111328125
169,-39,-174.7806854248047
165,-39,-175.454833984375
162,-39,-177.58016967773438
160,-39,-179.58096313476562
157,-39,178.82778930664062
154,-38,176.7176971435547
152,-38,175.32501220703125
149,-38,173.73268127441406
146,-37,171.92259216308594
143,-36,170.35369873046875
141,-36,169.2594757080078
138,-35,167.8499298095703
135,-34,166.29403686523438
225,-15,209,-25,208,-31,214,-33,230,-23,
223,-16,206,-26,205,-32,211,-34,228,-25,
221,-18,204,-27,202,-33,208,-35,225,-26,
218,-20,200,-28,199,-34,204,-37,222,-28,
216,-21,198,-29,196,-35,202,-38,220,-29,
212,-22,195,-30,193,-36,199,-39,216,-31,
210,-23,192,-31,191,-37,196,-40,214,-32,
208,-24,190,-32,188,-38,194,-41,212,-33,
206,-26,188,-32,186,-38,191,-41,209,-34,
204,-27,185,-33,183,-39,188,-42,207,-35,
200,-28,182,-33,179,-39,184,-42,203,-37,
198,-29,179,-34,177,-39,182,-43,201,-38,
195,-30,176,-34,174,-39,179,-43,197,-39,
193,-30,174,-34,171,-40,176,-43,195,-39,
190,-31,171,-35,168,-40,173,-44,192,-40,
187,-32,168,-35,165,-40,170,-44,189,-41,
185,-32,165,-35,162,-40,167,-44,186,-41,
183,-33,164,-35,160,-40,165,-44,184,-42,
180,-33,161,-35,157,-40,162,-44,181,-42,
177,-33,157,-35,154,-40,158,-44,177,-43,
174,-34,154,-35,151,-39,155,-44,174,-43,
171,-34,152,-34,148,-39,152,-44,171,-43,
169,-34,150,-34,146,-38,149,-43,169,-44,
166,-34,147,-33,142,-38,146,-43,166,-44,
164,-34,145,-33,140,-37,144,-42,163,-44,
161,-34,142,-32,137,-36,141,-41,160,-44,
158,-34,139,-31,134,-35,137,-41,157,-43,
155,-34,136,-30,131,-34,135,-40,154,-43,
153,-33,134,-30,129,-34,132,-39,151,-43,
150,-33,131,-29,126,-33,129,-38,148,-42,
147,-33,129,-28,124,-32,126,-37,145,-42,
Vehicle ID:169
17,47,150.10987854003906
14,48,151.42002868652344
12,50,152.55654907226562
8,51,154.0198974609375
6,52,155.28150939941406
3,53,157.01473999023438
0,54,158.20001220703125
-1,55,159.57054138183594
-3,56,160.91590881347656
-5,56,161.90933227539062
-8,57,163.35333251953125
-10,57,164.36758422851562
-11,57,165.39797973632812
-12,58,166.0971221923828
-14,58,166.74887084960938
-15,58,167.4144287109375
-16,58,167.77821350097656
-16,58,167.92697143554688
-16,58,167.95379638671875
-16,58,167.95382690429688
-16,58,167.9537353515625
-16,58,167.95372009277344
-16,58,167.9536590576172
-16,58,167.9536590576172
-16,58,167.9536895751953
-16,58,167.95372009277344
-16,58,167.95372009277344
-16,58,167.95372009277344
-16,58,167.9537353515625
-16,58,167.9537353515625
-16,58,167.9537353515625
27,47,14,54,8,52,9,46,23,38,
25,48,12,55,6,53,7,47,20,39,
22,50,9,56,3,54,5,48,18,41,
19,51,5,58,0,55,1,49,15,43,
17,53,3,59,-2,56,0,50,13,44,
13,54,0,60,-5,57,-3,51,10,45,
11,55,-2,61,-8,58,-6,52,7,46,
9,56,-4,61,-10,58,-8,52,5,47,
6,57,-7,62,-12,59,-10,53,3,48,
4,58,-9,62,-14,59,-12,53,1,48,
2,59,-12,63,-17,60,-15,54,0,49,
0,59,-13,63,-19,60,-16,54,-2,50,
-1,60,-15,64,-20,60,-18,54,-3,50,
-2,60,-17,64,-22,60,-19,54,-4,51,
-3,61,-18,64,-23,60,-20,54,-6,51,
-5,61,-20,64,-24,60,-22,55,-7,51,
-6,61,-20,64,-25,60,-22,55,-8,51,
-6,61,-21,64,-26,60,-23,55,-8,52,
-6,61,-21,64,-26,60,-23,55,-8,52,
-6,61,-21,64,-26,60,-23,55,-8,52,
-6,61,-21,64,-26,60,-23,55,-8,52,
-6,61,-21,64,-26,60,-23,55,-8,52,
-6,61,-21,64,-26,60,-23,55,-8,52,
-6,61,-21,64,-26,60,-23,55,-8,52,
-6,61,-21,64,-26,60,-23,55,-8,52,
-6,61,-21,64,-26,60,-23,55,-8,52,
-6,61,-21,64,-26,60,-23,55,-8,52,
-6,61,-21,64,-26,60,-23,55,-8,52,
-6,61,-21,64,-26,60,-23,55,-8,52,
-6,61,-21,64,-26,60,-23,55,-8,52,
-6,61,-21,64,-26,60,-23,55,-8,52,
Vehicle ID:186
217,160,-27.911945343017578
219,158,-30.2125301361084
222,157,-32.19447708129883
225,155,-34.90009307861328
227,153,-36.434165954589844
229,151,-38.42051696777344
231,149,-39.9828987121582
233,147,-41.34367370605469
235,145,-42.69325637817383
236,143,-43.641414642333984
239,141,-43.742794036865234
241,139,-44.09299850463867
243,137,-46.276153564453125
244,135,-48.3176383972168
246,133,-50.37327575683594
248,130,-52.843544006347656
249,127,-54.79216766357422
250,126,-56.17058181762695
252,123,-58.06328582763672
254,120,-60.2042350769043
255,117,-62.223388671875
256,114,-63.91289138793945
257,112,-65.1985092163086
258,109,-67.18550109863281
259,106,-69.01582336425781
260,104,-70.23785400390625
261,100,-71.90764617919922
261,98,-72.22297668457031
262,95,-73.03065490722656
263,92,-74.05821228027344
263,90,-75.45137023925781
203,161,222,151,228,154,227,161,209,171,
206,160,224,149,230,152,230,159,211,170,
208,159,226,148,232,150,232,157,214,168,
211,157,229,145,235,147,235,154,217,166,
213,156,230,144,237,145,237,152,220,165,
216,154,233,141,239,143,239,150,223,163,
218,153,234,139,241,141,241,147,225,161,
220,151,236,137,242,139,243,146,227,160,
222,150,237,135,244,137,245,143,229,158,
224,148,239,134,246,135,246,141,231,156,
226,146,242,131,248,132,249,139,234,153,
228,144,243,129,250,130,251,137,236,152,
230,142,245,127,252,128,253,134,238,150,
232,141,246,125,253,125,254,132,240,148,
234,139,247,123,254,123,256,130,242,146,
236,137,249,120,255,120,257,126,245,143,
238,134,250,117,257,117,259,123,247,141,
239,133,251,115,257,115,260,121,248,139,
241,131,252,113,259,112,261,119,250,137,
243,128,253,109,260,109,263,115,252,133,
244,125,254,107,261,106,264,112,254,130,
246,123,255,104,262,103,265,109,255,128,
247,121,256,102,262,100,265,106,257,126,
248,118,256,99,263,97,266,103,258,122,
249,116,257,96,264,94,267,100,260,120,
250,114,257,94,264,92,268,97,260,117,
252,111,258,91,264,88,268,94,262,114,
252,108,259,88,265,86,269,91,263,111,
253,106,259,86,266,83,270,89,263,109,
254,103,260,83,266,80,270,85,265,106,
255,100,260,80,267,77,271,83,265,103,
