time
396.2331568169466
hero_global_pos
5.05947208404541,39.515724182128906
road_id
79
is_junction
False
speed_limit
30.0
speed
20.619811968630227
traffic_light
None
translation_offset
1065.585681796074,1399.0670166015625
angle
-2.1405410766601562
hero_past_trajectory
195,373,-90.36239624023438
195,370,-90.36248016357422
195,368,-90.36260223388672
195,365,-90.36266326904297
195,362,-90.36273193359375
195,359,-90.36266326904297
195,356,-90.3624267578125
194,353,-90.36223602294922
194,351,-90.3622055053711
194,348,-90.3622055053711
194,345,-90.36229705810547
194,342,-90.3624267578125
194,340,-90.36248016357422
194,337,-90.36260223388672
193,333,-90.3626937866211
193,330,-90.36273193359375
192,328,-90.36254119873047
192,325,-90.36229705810547
192,322,-90.36214447021484
192,319,-90.36214447021484
192,317,-90.36214447021484
192,313,-90.33944702148438
192,311,-90.31334686279297
192,308,-90.2967529296875
192,305,-90.19268798828125
192,302,-89.9367904663086
191,299,-89.68841552734375
191,297,-89.2990493774414
192,294,-88.79766845703125
192,291,-88.33834838867188
192,288,-87.85945892333984
hero_past_corners
190,384,189,365,195,361,200,365,201,384,
190,382,189,362,195,358,200,362,200,381,
189,379,189,360,195,356,200,360,200,379,
189,376,189,357,194,353,200,357,200,376,
189,374,189,355,194,351,199,355,200,374,
189,370,188,351,194,347,199,351,200,370,
189,368,188,349,194,345,199,349,200,368,
189,365,188,345,194,341,199,345,200,365,
189,362,188,343,194,339,199,343,200,362,
189,360,188,340,194,336,199,340,200,360,
189,356,188,337,193,333,199,337,200,356,
188,353,188,334,193,330,199,334,199,353,
188,351,188,332,192,328,199,332,199,351,
188,349,188,329,192,325,199,329,199,348,
188,345,187,326,192,322,198,326,199,345,
188,342,187,323,192,319,198,323,199,342,
188,339,187,320,192,316,198,320,199,339,
188,337,187,318,192,314,198,318,199,337,
188,334,187,314,192,310,198,314,199,334,
188,331,187,311,192,307,198,311,199,331,
187,328,187,309,192,305,198,309,198,328,
187,325,187,306,192,302,198,306,198,325,
187,322,187,303,191,299,198,303,198,322,
187,320,186,301,191,297,197,301,198,320,
187,317,186,298,191,294,197,297,198,317,
187,314,186,295,191,291,197,295,198,314,
187,311,186,292,191,288,197,292,198,311,
187,308,186,289,192,285,197,289,198,308,
187,305,186,286,192,282,197,286,198,306,
187,302,186,283,192,279,198,283,198,303,
186,299,186,280,192,276,198,281,197,300,
actor_past_trajectory_corners
Vehicle ID:128
250,45,-140.67276000976562
248,43,-138.73924255371094
246,41,-137.09181213378906
244,39,-135.5546112060547
242,38,-134.44183349609375
240,35,-133.3621063232422
238,33,-132.93072509765625
235,31,-132.6878662109375
233,29,-132.62351989746094
232,27,-132.62152099609375
229,25,-132.6690673828125
228,23,-132.67791748046875
226,22,-132.5386199951172
224,20,-132.19619750976562
222,17,-131.71743774414062
220,15,-131.2969207763672
218,13,-130.61602783203125
217,11,-129.95489501953125
215,9,-129.13697814941406
214,7,-128.69537353515625
211,5,-127.7142562866211
209,2,-126.55289459228516
207,0,-125.6567153930664
206,-1,-125.04630279541016
204,-4,-123.85401153564453
203,-6,-122.72168731689453
201,-8,-121.71778869628906
200,-11,-120.89204406738281
199,-12,-119.76468658447266
197,-15,-118.55387115478516
196,-17,-117.5566177368164
252,51,246,47,245,41,251,41,256,44,
249,49,244,45,244,39,249,39,254,44,
248,48,242,43,242,37,247,37,253,42,
246,46,241,41,240,36,246,36,251,41,
244,44,239,39,239,34,244,34,249,39,
241,42,236,36,235,31,241,31,246,36,
239,40,234,35,233,29,239,29,245,35,
237,37,231,32,231,27,237,27,242,32,
235,36,230,30,230,25,235,25,240,31,
234,34,228,29,228,23,233,24,238,29,
230,31,226,27,226,22,231,21,236,26,
229,29,224,25,224,20,229,19,234,24,
227,28,223,24,223,18,228,18,233,23,
225,27,221,22,221,16,226,17,231,21,
223,24,218,19,218,13,224,14,228,18,
221,22,216,16,216,11,222,12,226,17,
219,20,214,14,215,9,220,9,225,15,
217,18,213,12,213,7,219,8,223,13,
215,15,211,10,210,5,216,5,221,11,
214,14,210,8,209,3,215,4,220,9,
212,11,207,6,207,0,213,1,218,7,
210,9,205,3,206,-1,211,0,215,4,
207,6,203,1,204,-4,209,-3,213,2,
206,5,202,0,203,-5,208,-4,212,0,
204,2,200,-3,201,-8,206,-7,210,-1,
203,0,199,-4,200,-11,205,-9,209,-3,
201,-2,197,-7,198,-12,204,-12,207,-6,
200,-4,196,-9,197,-15,202,-14,206,-8,
198,-6,195,-12,196,-17,201,-17,204,-10,
197,-8,193,-14,194,-20,200,-18,203,-13,
195,-11,192,-17,192,-22,198,-20,202,-15,
Vehicle ID:156
272,108,-75.9915542602539
272,105,-77.26652526855469
272,103,-78.03897857666016
273,100,-79.7104721069336
273,97,-81.38401794433594
273,94,-83.72532653808594
273,91,-85.02759552001953
273,88,-86.67141723632812
273,86,-88.20795440673828
272,83,-89.66643524169922
272,80,-91.4683837890625
272,77,-93.17284393310547
272,75,-94.24848175048828
271,72,-95.67566680908203
271,69,-97.43817138671875
270,66,-99.1098403930664
269,63,-100.50470733642578
269,61,-101.56226348876953
267,58,-103.18074798583984
266,56,-104.29285430908203
265,52,-105.92521667480469
264,49,-107.36932373046875
263,47,-108.8798599243164
263,45,-110.05101013183594
261,42,-111.61325073242188
260,39,-113.00801086425781
259,37,-114.62577056884766
257,34,-116.03887176513672
255,32,-117.3415756225586
254,29,-118.94585418701172
252,28,-120.44391632080078
264,119,269,97,275,94,279,100,274,122,
265,117,269,95,275,92,279,97,275,119,
266,115,269,92,275,89,279,94,276,117,
265,112,269,90,275,87,280,92,276,114,
266,110,269,87,274,84,280,89,276,112,
267,106,268,84,274,80,278,85,277,108,
267,104,268,81,274,78,278,82,277,105,
268,101,268,79,273,75,278,79,278,102,
268,99,268,76,273,72,278,76,278,99,
268,97,267,74,272,70,278,74,278,97,
268,93,267,70,272,66,277,70,279,93,
268,91,266,68,271,63,276,67,279,90,
269,89,266,66,271,62,276,65,279,88,
268,86,265,63,269,59,275,62,278,85,
267,83,264,60,268,55,274,59,278,81,
267,80,263,57,267,52,273,56,277,78,
267,77,262,55,266,50,272,53,277,75,
267,75,261,52,265,47,271,50,277,73,
266,72,260,50,264,44,270,47,276,69,
266,70,259,48,263,43,269,45,276,67,
265,67,258,45,262,40,268,42,275,64,
265,64,257,42,260,37,267,39,274,61,
264,61,256,40,259,34,265,36,273,58,
263,59,255,38,257,32,264,34,272,56,
261,56,253,36,255,29,262,31,271,52,
261,54,252,34,254,27,260,28,270,50,
260,51,249,31,252,25,258,26,269,47,
259,48,248,29,251,23,257,23,268,44,
258,46,246,27,249,21,255,21,267,41,
257,43,244,24,247,18,253,19,266,38,
255,41,243,22,245,16,252,17,264,36,
Vehicle ID:164
192,-17,-155.524658203125
189,-18,-155.93096923828125
186,-19,-157.52206420898438
183,-20,-159.4234161376953
181,-21,-161.12063598632812
177,-22,-163.84661865234375
175,-22,-165.2754669189453
172,-22,-166.93943786621094
169,-22,-168.1208953857422
167,-23,-168.38661193847656
164,-23,-169.95204162597656
161,-23,-171.96160888671875
159,-24,-173.1964111328125
156,-24,-174.7806854248047
152,-24,-175.454833984375
149,-24,-177.58016967773438
147,-24,-179.58096313476562
144,-23,178.82778930664062
141,-22,176.7176971435547
139,-22,175.32501220703125
136,-22,173.73268127441406
133,-21,171.92259216308594
130,-20,170.35369873046875
128,-20,169.2594757080078
125,-19,167.8499298095703
122,-18,166.29403686523438
120,-17,164.77859497070312
117,-16,163.50808715820312
115,-15,162.2052001953125
112,-14,160.57168579101562
109,-12,159.21189880371094
200,-9,183,-16,180,-22,186,-25,204,-18,
198,-9,180,-17,178,-23,183,-26,202,-19,
196,-10,178,-18,175,-24,181,-27,199,-19,
194,-12,176,-18,173,-24,178,-27,196,-20,
192,-13,173,-18,170,-24,175,-28,194,-21,
188,-14,170,-18,166,-24,171,-27,190,-23,
186,-15,166,-19,164,-24,169,-28,188,-24,
183,-16,163,-19,161,-24,166,-28,184,-25,
181,-16,161,-19,158,-25,163,-28,182,-25,
178,-17,158,-20,155,-25,160,-29,179,-26,
175,-18,155,-20,152,-25,157,-29,176,-27,
173,-17,152,-20,149,-25,154,-29,173,-27,
171,-18,151,-20,147,-25,152,-29,171,-27,
168,-18,148,-20,144,-24,149,-29,168,-27,
165,-18,144,-19,141,-24,145,-28,164,-28,
161,-19,141,-19,138,-23,142,-28,161,-28,
158,-19,139,-18,135,-23,139,-28,158,-28,
156,-19,137,-18,133,-22,136,-27,156,-29,
153,-19,135,-17,129,-22,133,-27,153,-29,
151,-19,133,-17,127,-21,131,-26,150,-29,
148,-19,130,-16,124,-20,128,-25,147,-29,
145,-18,127,-15,121,-19,124,-25,144,-27,
142,-18,124,-14,119,-17,122,-24,141,-27,
141,-17,122,-14,117,-17,119,-23,138,-27,
138,-17,119,-12,114,-16,116,-21,135,-26,
135,-17,117,-11,112,-15,113,-20,132,-26,
133,-16,114,-10,109,-13,110,-19,129,-25,
130,-15,111,-9,106,-12,108,-18,126,-24,
127,-15,109,-8,104,-11,106,-17,123,-24,
125,-14,106,-7,101,-10,103,-15,120,-23,
122,-13,104,-5,98,-8,101,-14,118,-21,
Vehicle ID:169
-5,74,157.01473999023438
-8,75,158.20001220703125
-10,76,159.57054138183594
-12,78,160.91590881347656
-14,78,161.90933227539062
-17,79,163.35333251953125
-19,79,164.36758422851562
-20,79,165.39797973632812
-21,80,166.0971221923828
-23,80,166.74887084960938
-24,80,167.4144287109375
-25,80,167.77821350097656
-25,80,167.92697143554688
-25,80,167.95379638671875
-25,80,167.95382690429688
-25,80,167.9537353515625
-25,80,167.95372009277344
-25,80,167.9536590576172
-25,80,167.9536590576172
-25,80,167.9536895751953
-25,80,167.95372009277344
-25,80,167.95372009277344
-25,80,167.95372009277344
-25,80,167.9537353515625
-25,80,167.9537353515625
-25,80,167.9537353515625
-25,80,167.9537353515625
-25,80,167.9537353515625
-25,80,167.9537353515625
-25,80,167.9537353515625
-25,80,167.9537353515625
4,75,-8,81,-14,79,-12,73,1,66,
2,76,-11,82,-17,80,-15,74,-1,67,
0,77,-13,83,-19,80,-17,74,-3,68,
-2,78,-16,84,-21,81,-19,75,-5,69,
-4,79,-18,84,-23,81,-21,75,-7,69,
-6,80,-21,85,-26,82,-24,76,-9,70,
-8,80,-22,85,-28,82,-25,76,-11,71,
-10,81,-24,86,-29,82,-27,76,-12,72,
-11,81,-26,86,-31,82,-28,76,-13,73,
-12,83,-27,86,-32,82,-29,76,-15,73,
-14,83,-29,86,-33,82,-31,77,-16,73,
-15,83,-29,86,-34,82,-31,77,-17,73,
-15,83,-30,86,-35,82,-32,77,-17,74,
-15,83,-30,86,-35,82,-32,77,-17,74,
-15,83,-30,86,-35,82,-32,77,-17,74,
-15,83,-30,86,-35,82,-32,77,-17,74,
-15,83,-30,86,-35,82,-32,77,-17,74,
-15,83,-30,86,-35,82,-32,77,-17,74,
-15,83,-30,86,-35,82,-32,77,-17,74,
-15,83,-30,86,-35,82,-32,77,-17,74,
-15,83,-30,86,-35,82,-32,77,-17,74,
-15,83,-30,86,-35,82,-32,77,-17,74,
-15,83,-30,86,-35,82,-32,77,-17,74,
-15,83,-30,86,-35,82,-32,77,-17,74,
-15,83,-30,86,-35,82,-32,77,-17,74,
-15,83,-30,86,-35,82,-32,77,-17,74,
-15,83,-30,86,-35,82,-32,77,-17,74,
-15,83,-30,86,-35,82,-32,77,-17,74,
-15,83,-30,86,-35,82,-32,77,-17,74,
-15,83,-30,86,-35,82,-32,77,-17,74,
-15,83,-30,86,-35,82,-32,77,-17,74,
Vehicle ID:186
223,164,-38.42051696777344
225,162,-39.9828987121582
227,160,-41.34367370605469
229,158,-42.69325637817383
230,155,-43.641414642333984
233,153,-43.742794036865234
235,151,-44.09299850463867
237,149,-46.276153564453125
238,147,-48.3176383972168
240,145,-50.37327575683594
242,142,-52.843544006347656
242,139,-54.79216766357422
243,138,-56.17058181762695
245,135,-58.06328582763672
247,132,-60.2042350769043
248,129,-62.223388671875
249,126,-63.91289138793945
250,124,-65.1985092163086
251,121,-67.18550109863281
252,118,-69.01582336425781
253,116,-70.23785400390625
253,112,-71.90764617919922
253,110,-72.22297668457031
254,107,-73.03065490722656
255,104,-74.05821228027344
255,102,-75.45137023925781
256,98,-78.1038589477539
256,95,-80.59654235839844
256,92,-81.88522338867188
257,89,-83.20995330810547
256,86,-85.72799682617188
211,167,227,154,233,155,233,162,218,176,
212,166,228,152,235,153,235,159,220,174,
214,164,230,149,236,151,237,158,222,173,
216,163,231,147,238,149,239,155,224,171,
218,161,233,146,240,147,240,153,226,169,
220,159,236,143,242,144,243,151,228,166,
222,157,237,141,244,142,245,149,230,164,
224,155,238,139,246,140,247,146,232,162,
226,154,239,137,246,137,248,144,234,160,
228,152,240,135,247,135,250,142,236,158,
230,149,242,132,248,132,250,138,239,155,
232,146,243,129,250,129,252,135,241,153,
233,145,244,127,250,127,253,133,242,151,
235,143,245,125,252,124,254,131,244,149,
237,140,246,121,253,121,256,126,246,145,
237,137,247,119,254,118,257,123,248,142,
239,135,248,116,255,115,258,120,249,140,
240,133,249,114,254,112,258,117,250,138,
241,130,248,111,255,109,259,114,251,134,
242,128,249,108,256,105,259,111,253,132,
243,126,249,106,256,103,260,108,253,129,
245,123,250,103,256,99,260,105,255,126,
245,120,251,100,257,97,261,102,256,122,
246,118,251,98,258,94,262,100,256,121,
247,115,252,95,258,91,262,96,258,117,
247,112,252,92,259,88,263,94,258,114,
248,110,252,89,257,85,263,90,258,111,
249,108,252,87,257,83,263,87,259,108,
249,105,251,84,257,80,262,84,260,105,
250,102,251,81,257,77,262,81,260,102,
250,100,251,78,256,74,262,78,261,99,
