time
393.2364425001724
hero_global_pos
5.014141082763672,56.42873001098633
road_id
33
is_junction
False
speed_limit
30.0
speed
20.36198232520909
traffic_light
None
translation_offset
1061.392799243331,1484.0019226074219
angle
0.362396240234375
hero_past_trajectory
191,372,-90.36260223388672
191,369,-90.3626937866211
192,367,-90.36273193359375
192,365,-90.36262512207031
192,362,-90.36235809326172
192,358,-90.3622055053711
192,356,-90.3622055053711
192,354,-90.36223602294922
192,350,-90.36235809326172
192,347,-90.36248016357422
192,344,-90.3625717163086
192,342,-90.36262512207031
192,340,-90.3626937866211
192,336,-90.36273193359375
192,333,-90.36248016357422
192,330,-90.36227416992188
192,327,-90.36214447021484
192,324,-90.36216735839844
192,322,-90.36229705810547
192,319,-90.36239624023438
192,317,-90.36244201660156
192,314,-90.36254119873047
192,310,-90.36266326904297
192,308,-90.36273193359375
192,305,-90.36273193359375
192,303,-90.36260223388672
192,300,-90.3623275756836
192,298,-90.3622055053711
192,294,-90.3622055053711
192,291,-90.36229705810547
192,288,-90.36239624023438
hero_past_corners
186,384,187,365,192,361,198,365,197,384,
186,381,187,362,192,358,198,362,197,381,
186,378,187,359,192,355,198,359,197,378,
186,376,187,357,192,353,198,357,197,376,
186,373,187,354,192,350,198,354,197,373,
186,370,186,351,192,347,198,351,197,370,
186,368,186,349,192,345,198,349,197,368,
187,365,186,346,192,342,198,346,198,365,
187,361,186,342,192,338,198,342,198,361,
187,358,186,339,192,335,198,339,198,358,
187,356,186,337,192,332,198,336,198,356,
187,353,186,334,192,330,198,334,198,353,
186,352,186,332,192,328,198,332,198,352,
186,347,186,328,192,324,198,328,198,347,
186,345,186,326,192,322,198,325,198,345,
186,342,186,323,192,319,198,323,198,342,
186,339,186,320,192,316,198,320,198,339,
186,336,186,317,192,313,198,317,198,336,
186,333,186,314,192,310,198,314,198,333,
186,330,186,311,192,307,198,311,198,330,
186,328,186,309,192,305,198,309,198,328,
186,326,186,306,192,302,198,306,198,325,
186,322,186,303,192,299,197,303,198,322,
186,320,186,301,192,297,197,301,198,320,
186,317,186,298,192,293,197,297,198,317,
186,315,186,296,192,292,197,296,198,315,
186,312,186,293,192,289,197,293,198,312,
186,309,186,290,192,286,197,290,198,309,
186,305,186,286,192,282,197,286,197,305,
186,303,186,284,192,280,197,284,197,303,
186,299,186,280,192,276,197,280,197,299,
actor_past_trajectory_corners
Vehicle ID:128
340,-17,-178.762451171875
337,-17,-178.7016143798828
334,-17,-178.65097045898438
332,-17,-178.60743713378906
329,-17,-178.5391845703125
326,-17,-178.4615936279297
324,-17,-178.42822265625
321,-17,-178.35093688964844
318,-17,-178.21888732910156
315,-17,-178.1211395263672
312,-17,-177.9267578125
310,-18,-177.64588928222656
308,-18,-177.41415405273438
303,-18,-177.0934295654297
301,-18,-176.19581604003906
298,-19,-174.51658630371094
295,-19,-172.18057250976562
293,-20,-169.64443969726562
290,-20,-167.01844787597656
287,-21,-164.696044921875
285,-22,-163.1823272705078
283,-23,-160.9442138671875
280,-24,-158.08370971679688
278,-25,-156.58309936523438
275,-26,-154.3146514892578
273,-27,-152.75531005859375
271,-30,-150.3738555908203
268,-31,-148.32496643066406
265,-34,-145.49472045898438
263,-35,-143.4518585205078
261,-37,-140.67276000976562
345,-13,338,-13,334,-17,338,-20,345,-20,
342,-13,335,-13,331,-17,335,-20,342,-20,
340,-13,333,-13,329,-17,333,-20,340,-20,
338,-13,330,-13,327,-17,331,-21,338,-20,
335,-13,328,-13,324,-17,328,-21,335,-20,
331,-13,324,-13,320,-17,324,-21,331,-21,
329,-13,322,-13,318,-17,323,-21,330,-21,
327,-13,320,-13,316,-17,320,-21,327,-21,
323,-13,316,-14,312,-17,316,-21,323,-21,
320,-13,313,-14,309,-17,313,-21,320,-21,
317,-14,310,-14,306,-18,310,-21,317,-21,
315,-14,308,-14,304,-18,308,-21,315,-21,
313,-14,306,-14,302,-18,306,-21,313,-21,
309,-14,302,-14,298,-18,302,-22,309,-21,
306,-14,299,-15,295,-18,300,-22,307,-21,
303,-14,296,-15,293,-19,297,-22,304,-22,
300,-15,293,-16,290,-20,294,-23,301,-22,
297,-15,290,-16,287,-21,292,-24,299,-22,
294,-15,288,-17,285,-22,289,-24,296,-23,
291,-16,285,-18,282,-23,287,-25,293,-23,
289,-17,283,-19,280,-23,285,-26,292,-24,
287,-17,280,-20,278,-25,282,-27,289,-24,
283,-19,277,-21,274,-26,280,-28,286,-25,
281,-19,275,-22,273,-27,278,-29,284,-26,
278,-21,272,-25,270,-30,275,-30,281,-27,
276,-22,270,-26,268,-31,273,-31,280,-28,
274,-23,268,-27,266,-33,271,-34,277,-29,
271,-25,265,-29,264,-34,269,-35,275,-31,
268,-27,262,-31,261,-37,266,-37,272,-33,
266,-29,260,-33,259,-38,264,-39,270,-35,
263,-31,257,-35,256,-41,262,-41,267,-37,
Vehicle ID:156
237,96,-36.563289642333984
239,95,-38.11496353149414
241,93,-39.48594284057617
242,91,-40.389156341552734
244,89,-41.53361892700195
247,87,-43.236026763916016
248,86,-44.07184600830078
250,84,-45.20375442504883
253,81,-46.12982177734375
255,79,-46.323795318603516
256,76,-47.56705856323242
258,75,-48.90337371826172
259,73,-49.979984283447266
261,70,-52.79438400268555
263,67,-54.366268157958984
264,65,-55.84415817260742
266,62,-57.377662658691406
267,60,-58.89274215698242
269,58,-60.34284591674805
270,55,-61.65751266479492
271,53,-62.5712776184082
272,52,-64.02967071533203
274,48,-65.82661437988281
275,46,-66.78144073486328
276,43,-68.20405578613281
277,42,-69.21392059326172
277,39,-70.74545288085938
278,36,-72.0881576538086
279,32,-73.76372528076172
280,30,-74.6448974609375
281,27,-75.9915542602539
223,100,241,87,247,88,247,95,229,109,
225,99,243,85,249,86,249,93,231,107,
227,97,245,83,251,84,251,91,234,105,
229,96,246,81,252,83,253,89,235,104,
231,94,248,79,254,81,255,87,238,102,
233,92,250,77,257,78,257,84,241,100,
235,91,251,75,258,76,258,83,242,99,
237,89,253,73,259,74,260,80,244,97,
240,87,255,70,262,71,263,78,247,94,
242,85,258,68,264,69,265,75,249,92,
244,83,259,66,265,67,267,73,251,90,
245,81,260,64,267,65,268,71,253,88,
246,80,261,63,268,63,269,69,254,87,
249,77,263,59,270,59,271,65,257,83,
251,75,264,57,271,57,273,64,259,81,
253,73,265,54,272,55,274,61,261,79,
254,71,267,52,273,52,275,58,263,76,
256,69,269,49,275,50,277,56,265,74,
257,67,270,47,276,47,278,53,266,72,
259,64,271,44,277,44,280,50,268,69,
260,63,272,42,278,42,281,48,269,67,
261,60,272,40,279,40,282,45,271,65,
263,58,273,38,280,36,283,42,272,63,
264,56,274,36,280,34,283,40,273,61,
265,53,275,33,281,31,284,37,275,58,
266,51,275,31,281,29,285,35,276,56,
268,49,276,28,282,26,285,32,277,53,
269,46,276,26,282,23,286,29,279,51,
271,43,277,22,283,19,287,25,280,47,
271,41,277,20,283,17,287,22,281,44,
272,37,278,16,284,13,288,19,282,41,
Vehicle ID:169
75,-62,147.60740661621094
72,-61,147.21136474609375
70,-59,146.79666137695312
68,-58,146.522705078125
66,-57,146.20474243164062
63,-55,145.77000427246094
62,-54,145.54998779296875
59,-52,145.2623291015625
56,-50,144.92457580566406
54,-48,144.65367126464844
52,-46,144.45382690429688
50,-45,144.40614318847656
48,-44,144.3994598388672
45,-42,144.2395782470703
43,-40,144.081787109375
41,-38,144.16029357910156
38,-37,144.32275390625
36,-35,144.45187377929688
34,-33,144.95228576660156
31,-32,145.57028198242188
29,-31,145.97486877441406
27,-29,146.52023315429688
24,-28,147.74191284179688
22,-26,148.44085693359375
19,-25,149.40296936035156
18,-24,150.10987854003906
15,-23,151.42002868652344
13,-21,152.55654907226562
9,-20,154.0198974609375
7,-19,155.28150939941406
4,-18,157.01473999023438
85,-63,73,-55,67,-57,67,-64,80,-72,
83,-62,70,-54,64,-56,65,-62,78,-70,
81,-60,68,-52,62,-54,63,-60,75,-69,
79,-59,67,-51,60,-53,61,-59,74,-68,
77,-58,64,-49,58,-51,59,-58,71,-66,
74,-56,61,-47,55,-49,56,-56,68,-64,
72,-55,60,-46,54,-48,54,-54,67,-63,
70,-53,58,-45,52,-47,52,-53,64,-61,
67,-51,55,-43,49,-44,49,-51,61,-59,
65,-50,52,-41,46,-43,47,-49,59,-58,
62,-48,50,-39,44,-41,44,-47,57,-56,
61,-47,48,-38,42,-40,43,-46,55,-55,
59,-46,47,-37,41,-39,41,-45,53,-54,
55,-43,43,-34,37,-36,38,-42,50,-51,
53,-42,41,-33,35,-34,35,-41,48,-50,
51,-40,39,-31,33,-33,33,-39,45,-48,
49,-38,36,-29,30,-31,31,-37,43,-46,
46,-37,34,-28,28,-30,29,-36,41,-45,
44,-35,32,-26,26,-28,26,-34,39,-43,
42,-33,29,-25,23,-27,24,-33,36,-41,
40,-32,28,-24,22,-25,22,-32,35,-40,
38,-30,25,-22,19,-24,20,-30,32,-39,
35,-28,22,-20,16,-22,17,-29,30,-37,
33,-27,20,-19,14,-22,15,-28,28,-36,
30,-25,17,-18,11,-20,12,-26,25,-34,
28,-24,15,-17,9,-19,10,-25,24,-33,
26,-23,13,-16,7,-18,8,-24,21,-32,
23,-21,10,-15,4,-17,6,-23,19,-30,
20,-20,6,-13,1,-16,2,-22,16,-28,
18,-18,4,-12,-1,-15,0,-21,14,-27,
14,-17,1,-11,-4,-14,-2,-20,11,-26,
Vehicle ID:186
150,103,14.537114143371582
153,104,13.22286605834961
155,104,10.99387264251709
157,104,9.620715141296387
160,105,8.88812255859375
164,105,5.989523887634277
166,105,4.318114280700684
169,105,1.8739252090454102
173,104,-1.062561273574829
176,104,-3.280578851699829
179,104,-5.243868350982666
181,103,-6.711065292358398
183,103,-7.822120666503906
187,102,-10.710801124572754
190,101,-12.261188507080078
192,100,-13.873251914978027
195,99,-15.84623908996582
198,98,-17.38409996032715
201,97,-18.914859771728516
203,96,-20.72307777404785
205,95,-21.952442169189453
208,94,-23.343883514404297
211,93,-23.652137756347656
213,92,-23.883344650268555
216,90,-26.250682830810547
217,89,-27.911945343017578
219,87,-30.2125301361084
222,86,-32.19447708129883
225,84,-34.90009307861328
227,82,-36.434165954589844
229,80,-38.42051696777344
139,95,160,100,162,106,157,111,136,105,
142,96,162,101,165,107,160,111,139,106,
144,96,165,100,168,107,163,111,142,107,
146,97,167,100,170,106,165,111,144,108,
149,97,170,101,173,107,168,111,147,108,
152,98,173,100,177,106,172,111,151,109,
154,99,175,100,178,106,174,111,153,109,
156,99,178,100,181,105,177,110,156,110,
160,99,181,99,185,104,181,110,160,110,
163,99,184,98,188,103,185,109,163,110,
165,99,187,98,191,103,188,108,166,110,
168,99,189,97,193,102,190,108,169,110,
169,99,190,96,195,101,192,107,171,110,
174,99,195,95,199,100,197,106,176,110,
176,99,197,94,202,98,199,105,178,109,
179,98,199,93,205,97,202,104,181,109,
182,98,202,92,207,96,205,102,185,108,
184,97,205,91,210,95,208,101,187,107,
187,96,207,89,212,93,210,100,190,107,
189,96,209,88,215,92,213,98,193,106,
191,95,211,87,217,91,215,97,195,105,
194,94,213,86,219,89,218,96,198,104,
197,93,216,84,222,88,221,94,201,103,
199,92,218,83,224,87,223,93,203,102,
202,91,221,81,227,85,226,91,207,101,
203,90,222,80,228,83,227,90,209,100,
206,89,224,78,230,81,230,88,211,99,
208,88,226,77,232,79,232,86,214,97,
211,86,229,74,235,76,235,83,217,95,
213,85,230,73,237,74,237,81,220,94,
216,83,233,70,239,72,239,79,223,92,
