time
395.3218479071802
hero_global_pos
4.940469741821289,44.59933853149414
road_id
33
is_junction
False
speed_limit
30.0
speed
20.42371641819926
traffic_light
None
translation_offset
1060.4312507212162,1424.00168800354
angle
0.339447021484375
hero_past_trajectory
192,374,-90.36254119873047
193,370,-90.36266326904297
193,368,-90.36273193359375
193,365,-90.36273193359375
193,363,-90.36260223388672
193,360,-90.3623275756836
193,358,-90.3622055053711
193,354,-90.3622055053711
193,351,-90.36229705810547
193,348,-90.36239624023438
193,345,-90.36248016357422
193,343,-90.36260223388672
193,340,-90.36266326904297
193,337,-90.36273193359375
193,334,-90.36266326904297
193,331,-90.3624267578125
193,328,-90.36223602294922
193,326,-90.3622055053711
193,323,-90.3622055053711
193,320,-90.36229705810547
193,317,-90.3624267578125
193,315,-90.36248016357422
193,312,-90.36260223388672
192,308,-90.3626937866211
192,305,-90.36273193359375
192,303,-90.36254119873047
192,300,-90.36229705810547
192,297,-90.36214447021484
192,294,-90.36214447021484
192,292,-90.36214447021484
192,288,-90.33944702148438
hero_past_corners
186,386,187,366,193,362,199,366,198,385,
186,382,187,363,193,359,198,363,198,382,
186,380,187,361,193,357,198,361,198,380,
186,377,187,358,193,353,198,357,198,377,
186,375,187,356,193,352,198,356,198,375,
187,372,187,353,193,349,198,353,199,372,
187,369,187,350,193,346,198,350,199,369,
187,365,187,346,193,342,198,346,198,365,
187,363,187,344,193,340,198,344,198,363,
187,359,187,340,193,336,198,340,198,359,
187,357,187,337,193,333,198,337,198,356,
187,354,187,335,193,331,198,335,198,354,
187,351,187,332,193,328,198,332,198,351,
187,349,187,330,193,326,198,330,198,349,
187,345,187,326,193,322,198,326,198,345,
187,343,187,324,193,320,198,324,198,343,
187,340,187,320,193,316,198,320,198,340,
187,337,187,318,193,314,198,318,198,337,
187,335,187,315,193,311,198,315,198,335,
187,331,187,312,192,308,198,312,198,331,
187,328,187,309,192,305,198,309,198,328,
187,326,187,307,192,303,198,307,198,326,
187,324,187,304,192,300,198,304,198,323,
187,320,187,301,192,297,198,301,198,320,
187,317,187,298,192,294,198,298,198,317,
187,314,187,295,192,291,198,295,198,314,
187,312,187,293,192,289,198,293,198,312,
187,309,187,289,192,285,198,289,198,309,
187,306,187,286,192,282,198,286,198,306,
187,303,187,284,192,280,198,284,198,303,
187,300,187,281,192,277,198,281,198,300,
actor_past_trajectory_corners
Vehicle ID:128
283,36,-160.9442138671875
281,35,-158.08370971679688
279,34,-156.58309936523438
276,32,-154.3146514892578
274,31,-152.75531005859375
272,29,-150.3738555908203
269,28,-148.32496643066406
266,25,-145.49472045898438
264,24,-143.4518585205078
262,22,-140.67276000976562
260,20,-138.73924255371094
258,18,-137.09181213378906
256,16,-135.5546112060547
254,15,-134.44183349609375
252,12,-133.3621063232422
250,10,-132.93072509765625
248,8,-132.6878662109375
246,6,-132.62351989746094
245,4,-132.62152099609375
242,2,-132.6690673828125
241,0,-132.67791748046875
239,-1,-132.5386199951172
237,-3,-132.19619750976562
235,-6,-131.71743774414062
233,-8,-131.2969207763672
231,-10,-130.61602783203125
230,-12,-129.95489501953125
228,-14,-129.13697814941406
227,-16,-128.69537353515625
225,-18,-127.7142562866211
223,-21,-126.55289459228516
287,42,280,39,279,34,283,32,290,35,
283,40,277,38,275,32,281,31,287,34,
281,40,275,36,274,31,279,30,285,33,
278,38,273,34,271,29,276,28,282,32,
276,36,271,33,269,28,274,27,281,31,
274,35,269,32,267,26,272,25,278,30,
272,34,266,30,265,25,270,24,276,27,
269,32,263,28,262,22,267,22,273,26,
267,30,261,26,260,21,265,20,271,24,
264,28,258,24,257,18,263,18,268,22,
261,26,256,22,256,16,261,16,266,21,
260,25,254,20,254,14,259,14,265,19,
258,23,253,18,252,13,258,13,263,18,
256,21,251,16,251,11,256,11,261,16,
253,19,248,13,248,8,254,8,258,13,
251,17,246,12,246,6,252,6,257,12,
249,14,244,9,244,4,250,4,255,9,
247,13,243,7,243,2,248,2,253,8,
246,11,241,6,241,0,246,1,251,6,
243,8,239,3,239,-1,244,-1,249,3,
242,6,237,1,237,-3,242,-3,247,1,
240,5,236,0,236,-5,241,-4,246,0,
238,3,234,-1,234,-7,239,-6,244,-1,
236,0,231,-4,231,-10,237,-9,241,-4,
234,-1,229,-7,229,-12,235,-11,239,-6,
232,-3,227,-9,228,-14,233,-14,238,-8,
230,-5,226,-11,226,-16,232,-15,236,-10,
228,-8,224,-13,224,-18,230,-18,234,-12,
227,-9,223,-15,223,-20,229,-19,233,-14,
225,-12,221,-17,221,-23,227,-22,231,-16,
223,-14,219,-20,220,-25,225,-24,229,-19,
Vehicle ID:156
273,111,-64.02967071533203
274,107,-65.82661437988281
275,105,-66.78144073486328
276,102,-68.20405578613281
277,102,-69.21392059326172
277,99,-70.74545288085938
278,96,-72.0881576538086
279,92,-73.76372528076172
280,90,-74.6448974609375
281,87,-75.9915542602539
281,84,-77.26652526855469
281,82,-78.03897857666016
282,79,-79.7104721069336
282,76,-81.38401794433594
282,73,-83.72532653808594
282,70,-85.02759552001953
282,67,-86.67141723632812
282,65,-88.20795440673828
282,62,-89.66643524169922
282,59,-91.4683837890625
282,56,-93.17284393310547
282,54,-94.24848175048828
281,51,-95.67566680908203
281,48,-97.43817138671875
280,45,-99.1098403930664
279,42,-100.50470733642578
279,40,-101.56226348876953
278,37,-103.18074798583984
278,35,-104.29285430908203
277,30,-105.92521667480469
276,27,-107.36932373046875
262,120,272,100,279,100,282,105,272,125,
264,118,273,97,280,96,283,102,273,122,
265,116,274,95,280,94,283,100,274,120,
266,113,275,92,281,91,284,97,276,117,
267,111,275,90,281,89,285,95,277,116,
268,109,276,87,282,86,285,92,278,113,
269,106,276,85,282,83,286,89,279,111,
271,103,277,82,283,79,287,85,280,107,
271,101,277,80,283,77,287,82,281,104,
272,97,278,76,284,73,288,79,282,101,
273,95,278,74,284,71,288,76,283,98,
274,93,278,71,284,68,288,73,284,96,
274,90,278,69,284,66,289,71,284,93,
275,88,278,66,284,63,289,68,285,91,
276,84,278,63,284,59,288,64,286,87,
276,82,278,60,284,57,288,61,286,84,
277,80,278,58,283,54,288,58,287,81,
277,78,278,55,283,51,288,55,287,78,
277,76,277,53,282,49,288,53,287,76,
277,72,277,49,282,45,287,49,288,72,
277,70,276,46,281,42,286,46,288,69,
278,68,276,44,281,41,286,44,288,67,
277,65,275,41,280,38,285,41,288,64,
277,62,274,38,280,34,285,38,288,60,
277,59,274,35,279,31,285,35,287,57,
277,56,274,33,278,29,284,32,287,54,
277,54,273,30,277,25,283,29,287,52,
276,50,272,28,276,22,282,26,286,48,
276,48,271,26,275,21,281,24,286,46,
275,45,270,23,274,18,280,21,285,43,
275,42,269,20,272,15,279,18,284,40,
Vehicle ID:164
229,-30,-144.3437957763672
226,-32,-146.06211853027344
224,-33,-146.97756958007812
221,-35,-148.25550842285156
220,-36,-149.06051635742188
217,-37,-150.64910888671875
215,-38,-152.04400634765625
211,-40,-153.71563720703125
209,-41,-154.72430419921875
206,-42,-155.524658203125
203,-43,-155.93096923828125
201,-44,-157.52206420898438
198,-45,-159.4234161376953
196,-46,-161.12063598632812
192,-47,-163.84661865234375
190,-47,-165.2754669189453
187,-48,-166.93943786621094
184,-48,-168.1208953857422
182,-49,-168.38661193847656
179,-49,-169.95204162597656
176,-49,-171.96160888671875
174,-50,-173.1964111328125
171,-50,-174.7806854248047
167,-50,-175.454833984375
164,-50,-177.58016967773438
162,-50,-179.58096313476562
159,-50,178.82778930664062
156,-49,176.7176971435547
154,-49,175.32501220703125
151,-49,173.73268127441406
148,-48,171.92259216308594
236,-20,220,-31,219,-37,225,-39,241,-27,
233,-22,217,-33,216,-39,222,-40,238,-30,
232,-23,215,-34,214,-40,220,-41,237,-31,
229,-25,212,-35,211,-41,217,-43,234,-33,
227,-26,211,-36,210,-42,216,-44,232,-34,
225,-27,208,-37,207,-43,213,-45,230,-36,
223,-29,206,-38,204,-44,210,-46,227,-37,
220,-31,202,-39,201,-45,206,-48,224,-39,
218,-32,200,-40,198,-46,204,-49,222,-40,
214,-33,197,-41,195,-47,201,-50,218,-42,
212,-34,194,-42,193,-48,198,-51,216,-43,
210,-35,192,-43,190,-49,196,-52,214,-44,
208,-37,190,-43,188,-49,193,-52,211,-45,
206,-38,187,-44,185,-50,190,-53,209,-46,
202,-39,184,-44,181,-50,186,-53,205,-48,
200,-40,181,-45,179,-50,184,-54,203,-49,
197,-41,178,-45,176,-50,181,-54,199,-50,
195,-41,176,-45,173,-51,178,-54,197,-50,
192,-42,173,-46,170,-51,175,-55,194,-51,
189,-43,170,-46,167,-51,172,-55,191,-52,
187,-43,167,-46,164,-51,169,-55,188,-52,
185,-44,166,-46,162,-51,167,-55,186,-53,
182,-44,163,-46,159,-51,164,-55,183,-53,
179,-44,159,-46,156,-51,160,-55,179,-54,
176,-45,156,-46,153,-50,157,-55,176,-54,
173,-45,154,-45,150,-50,154,-55,173,-54,
171,-45,152,-45,148,-49,151,-54,171,-55,
168,-45,149,-44,144,-49,148,-54,168,-55,
166,-45,147,-44,142,-48,146,-53,165,-55,
163,-45,144,-43,139,-47,143,-52,162,-55,
160,-45,141,-42,136,-46,139,-52,159,-54,
Vehicle ID:169
28,30,146.52023315429688
25,31,147.74191284179688
23,33,148.44085693359375
20,34,149.40296936035156
18,35,150.10987854003906
15,36,151.42002868652344
13,38,152.55654907226562
9,39,154.0198974609375
7,40,155.28150939941406
4,41,157.01473999023438
1,42,158.20001220703125
0,43,159.57054138183594
-2,44,160.91590881347656
-4,44,161.90933227539062
-7,45,163.35333251953125
-9,45,164.36758422851562
-10,45,165.39797973632812
-11,46,166.0971221923828
-13,46,166.74887084960938
-14,46,167.4144287109375
-15,46,167.77821350097656
-15,46,167.92697143554688
-15,46,167.95379638671875
-15,46,167.95382690429688
-15,46,167.9537353515625
-15,46,167.95372009277344
-15,46,167.9536590576172
-15,46,167.9536590576172
-15,46,167.9536895751953
-15,46,167.95372009277344
-15,46,167.95372009277344
39,29,25,37,19,35,21,29,33,20,
36,31,22,39,16,37,18,30,31,22,
34,32,20,40,14,37,16,31,29,23,
31,34,17,41,11,39,13,33,26,25,
28,35,15,42,9,40,11,34,25,26,
26,36,13,43,7,41,8,35,22,27,
23,38,10,44,4,42,6,36,20,29,
20,39,6,46,1,43,2,37,17,31,
18,41,4,47,-1,44,0,38,15,32,
14,42,1,48,-4,45,-2,39,12,33,
12,43,-1,49,-7,46,-5,40,9,34,
10,44,-3,49,-9,46,-7,40,6,35,
7,45,-6,50,-11,47,-9,41,4,36,
5,46,-8,50,-13,47,-11,41,2,36,
3,47,-11,51,-16,48,-14,42,0,37,
1,47,-12,51,-18,48,-15,42,-1,38,
0,48,-14,52,-19,48,-17,42,-2,38,
-1,48,-16,52,-21,48,-18,42,-3,39,
-2,49,-17,52,-22,48,-19,42,-5,39,
-4,49,-19,52,-23,48,-21,43,-6,39,
-5,49,-19,52,-24,48,-21,43,-7,39,
-5,49,-20,52,-25,48,-22,43,-7,40,
-5,49,-20,52,-25,48,-22,43,-7,40,
-5,49,-20,52,-25,48,-22,43,-7,40,
-5,49,-20,52,-25,48,-22,43,-7,40,
-5,49,-20,52,-25,48,-22,43,-7,40,
-5,49,-20,52,-25,48,-22,43,-7,40,
-5,49,-20,52,-25,48,-22,43,-7,40,
-5,49,-20,52,-25,48,-22,43,-7,40,
-5,49,-20,52,-25,48,-22,43,-7,40,
-5,49,-20,52,-25,48,-22,43,-7,40,
Vehicle ID:186
209,154,-23.343883514404297
212,153,-23.652137756347656
214,152,-23.883344650268555
217,150,-26.250682830810547
218,149,-27.911945343017578
220,147,-30.2125301361084
223,146,-32.19447708129883
226,144,-34.90009307861328
228,142,-36.434165954589844
230,140,-38.42051696777344
232,138,-39.9828987121582
234,136,-41.34367370605469
236,134,-42.69325637817383
237,132,-43.641414642333984
240,130,-43.742794036865234
242,128,-44.09299850463867
244,126,-46.276153564453125
245,124,-48.3176383972168
247,122,-50.37327575683594
249,119,-52.843544006347656
250,116,-54.79216766357422
251,115,-56.17058181762695
253,112,-58.06328582763672
255,109,-60.2042350769043
256,106,-62.223388671875
257,103,-63.91289138793945
258,101,-65.1985092163086
259,98,-67.18550109863281
260,95,-69.01582336425781
261,93,-70.23785400390625
262,89,-71.90764617919922
195,154,214,146,220,149,219,156,199,164,
198,153,217,144,223,148,222,154,202,163,
200,152,219,143,225,147,224,153,204,162,
203,151,222,141,228,145,227,151,208,161,
204,150,223,140,229,143,228,150,210,160,
207,149,225,138,231,141,231,148,212,159,
209,148,227,137,233,139,233,146,215,157,
212,146,230,134,236,136,236,143,218,155,
214,145,231,133,238,134,238,141,221,154,
217,143,234,130,240,132,240,139,224,152,
219,142,235,128,242,130,242,136,226,150,
221,140,237,126,243,128,244,135,228,149,
223,139,238,124,245,126,246,132,230,147,
225,137,240,123,247,124,247,130,232,145,
227,135,243,120,249,121,250,128,235,142,
229,133,244,118,251,119,252,126,237,141,
231,131,246,116,253,117,254,123,239,139,
233,130,247,114,254,114,255,121,241,137,
235,128,248,112,255,112,257,119,243,135,
237,126,250,109,256,109,258,115,246,132,
239,123,251,106,258,106,260,112,248,130,
240,122,252,104,258,104,261,110,249,128,
242,120,253,102,260,101,262,108,251,126,
244,117,254,98,261,98,264,104,253,122,
245,114,255,96,262,95,265,101,255,119,
247,112,256,93,263,92,266,98,256,117,
248,110,257,91,263,89,266,95,258,115,
249,107,257,88,264,86,267,92,259,111,
250,105,258,85,265,83,268,89,261,109,
251,103,258,83,265,81,269,86,261,106,
253,100,259,80,265,77,269,83,263,103,
