time
394.61779153803946
hero_global_pos
4.964876174926758,48.64242935180664
road_id
33
is_junction
False
speed_limit
30.0
speed
19.980472877033165
traffic_light
None
translation_offset
1060.3923071920872,1444.0019283294678
angle
0.36269378662109375
hero_past_trajectory
192,373,-90.36248016357422
192,370,-90.36227416992188
192,367,-90.36214447021484
193,364,-90.36216735839844
193,362,-90.36229705810547
193,359,-90.36239624023438
193,357,-90.36244201660156
193,354,-90.36254119873047
193,350,-90.36266326904297
193,348,-90.36273193359375
193,345,-90.36273193359375
193,343,-90.36260223388672
193,340,-90.3623275756836
193,338,-90.3622055053711
193,334,-90.3622055053711
193,331,-90.36229705810547
193,328,-90.36239624023438
193,325,-90.36248016357422
193,323,-90.36260223388672
193,320,-90.36266326904297
193,317,-90.36273193359375
193,314,-90.36266326904297
193,311,-90.3624267578125
193,308,-90.36223602294922
193,306,-90.3622055053711
193,303,-90.3622055053711
193,300,-90.36229705810547
193,297,-90.3624267578125
193,295,-90.36248016357422
193,292,-90.36260223388672
192,288,-90.3626937866211
hero_past_corners
186,385,187,366,193,362,199,365,198,385,
186,382,187,363,193,359,199,363,198,382,
186,379,187,360,193,356,199,360,198,379,
186,376,187,357,193,353,199,357,198,376,
186,373,187,354,193,350,199,354,198,373,
186,370,187,351,193,347,199,351,198,370,
186,368,187,349,193,345,199,349,198,368,
187,366,187,346,193,342,199,346,199,365,
187,362,187,343,193,339,198,343,199,362,
187,360,187,341,193,337,198,341,199,360,
187,357,187,338,193,333,198,337,199,357,
187,355,187,336,193,332,198,336,199,355,
187,352,187,333,193,329,198,333,199,352,
187,349,187,330,193,326,198,330,199,349,
187,345,187,326,193,322,198,326,198,345,
187,343,187,324,193,320,198,324,198,343,
187,339,187,320,193,316,198,320,198,339,
187,337,187,317,193,313,198,317,198,336,
187,334,187,315,193,311,198,315,198,334,
187,331,187,312,193,308,198,312,198,331,
187,329,187,310,193,306,198,310,198,329,
187,325,187,306,193,302,198,306,198,325,
187,323,187,304,193,300,198,304,198,323,
187,320,187,300,193,296,198,300,198,320,
187,317,187,298,193,294,198,298,198,317,
187,315,187,295,193,291,198,295,198,315,
187,311,187,292,192,288,198,292,198,311,
187,308,187,289,192,285,198,289,198,308,
187,306,187,287,192,283,198,287,198,306,
187,304,187,284,192,280,198,284,198,303,
187,300,187,281,192,277,198,281,198,300,
actor_past_trajectory_corners
Vehicle ID:124
-50,28,179.47540283203125
-50,28,179.47540283203125
-50,28,179.47540283203125
-50,28,179.47540283203125
-50,28,179.47540283203125
-50,28,179.47540283203125
-50,28,179.47540283203125
-50,28,179.47540283203125
-50,28,179.47540283203125
-50,28,179.47540283203125
-50,28,179.47540283203125
-50,28,179.47540283203125
-50,28,179.47540283203125
-50,28,179.47540283203125
-50,28,179.47540283203125
-50,28,179.47540283203125
-50,28,179.47540283203125
-50,28,179.47540283203125
-50,28,179.47540283203125
-50,28,179.47540283203125
-50,28,179.47540283203125
-50,28,179.47540283203125
-50,28,179.47540283203125
-50,28,179.47540283203125
-50,28,179.47540283203125
-50,28,179.47540283203125
-50,28,179.47540283203125
-50,28,179.47540283203125
-50,28,179.47540283203125
-50,28,179.47540283203125
-50,28,179.47540283203125
-39,33,-58,33,-62,28,-58,23,-39,24,
-39,33,-58,33,-62,28,-58,23,-39,24,
-39,33,-58,33,-62,28,-58,23,-39,24,
-39,33,-58,33,-62,28,-58,23,-39,24,
-39,33,-58,33,-62,28,-58,23,-39,24,
-39,33,-58,33,-62,28,-58,23,-39,24,
-39,33,-58,33,-62,28,-58,23,-39,24,
-39,33,-58,33,-62,28,-58,23,-39,24,
-39,33,-58,33,-62,28,-58,23,-39,24,
-39,33,-58,33,-62,28,-58,23,-39,24,
-39,33,-58,33,-62,28,-58,23,-39,24,
-39,33,-58,33,-62,28,-58,23,-39,24,
-39,33,-58,33,-62,28,-58,23,-39,24,
-39,33,-58,33,-62,28,-58,23,-39,24,
-39,33,-58,33,-62,28,-58,23,-39,24,
-39,33,-58,33,-62,28,-58,23,-39,24,
-39,33,-58,33,-62,28,-58,23,-39,24,
-39,33,-58,33,-62,28,-58,23,-39,24,
-39,33,-58,33,-62,28,-58,23,-39,24,
-39,33,-58,33,-62,28,-58,23,-39,24,
-39,33,-58,33,-62,28,-58,23,-39,24,
-39,33,-58,33,-62,28,-58,23,-39,24,
-39,33,-58,33,-62,28,-58,23,-39,24,
-39,33,-58,33,-62,28,-58,23,-39,24,
-39,33,-58,33,-62,28,-58,23,-39,24,
-39,33,-58,33,-62,28,-58,23,-39,24,
-39,33,-58,33,-62,28,-58,23,-39,24,
-39,33,-58,33,-62,28,-58,23,-39,24,
-39,33,-58,33,-62,28,-58,23,-39,24,
-39,33,-58,33,-62,28,-58,23,-39,24,
-39,33,-58,33,-62,28,-58,23,-39,24,
Vehicle ID:128
302,21,-176.19581604003906
299,20,-174.51658630371094
296,20,-172.18057250976562
294,19,-169.64443969726562
291,19,-167.01844787597656
288,18,-164.696044921875
286,17,-163.1823272705078
284,16,-160.9442138671875
281,15,-158.08370971679688
279,14,-156.58309936523438
276,13,-154.3146514892578
274,12,-152.75531005859375
272,9,-150.3738555908203
269,8,-148.32496643066406
266,5,-145.49472045898438
264,4,-143.4518585205078
262,2,-140.67276000976562
260,0,-138.73924255371094
258,-1,-137.09181213378906
256,-3,-135.5546112060547
254,-4,-134.44183349609375
252,-7,-133.3621063232422
250,-9,-132.93072509765625
248,-11,-132.6878662109375
246,-13,-132.62351989746094
245,-15,-132.62152099609375
242,-17,-132.6690673828125
241,-19,-132.67791748046875
239,-21,-132.5386199951172
237,-23,-132.19619750976562
235,-26,-131.71743774414062
307,25,300,24,296,21,301,17,308,18,
304,25,297,24,294,20,298,17,305,17,
301,24,294,23,291,19,295,16,302,17,
298,24,291,23,288,18,293,15,300,17,
295,24,289,22,286,17,290,15,297,16,
292,23,286,21,283,16,288,14,294,16,
290,22,284,20,281,16,286,13,293,15,
288,22,281,19,279,14,283,12,290,15,
284,20,278,18,275,13,281,11,287,14,
282,20,276,17,274,12,279,10,285,13,
279,18,273,15,271,9,276,9,282,12,
277,17,271,13,269,8,274,8,281,11,
275,16,269,12,267,6,272,5,278,10,
272,14,266,10,265,5,270,4,276,8,
269,12,263,8,262,2,267,2,273,7,
267,10,261,6,260,1,265,0,271,4,
264,8,258,4,257,-1,263,-1,268,2,
261,6,256,2,256,-3,261,-3,266,1,
260,5,254,0,254,-5,259,-5,265,0,
258,3,253,-1,252,-6,258,-6,263,-1,
256,1,251,-3,251,-8,256,-8,261,-3,
253,0,248,-6,248,-11,254,-11,258,-6,
251,-2,246,-7,246,-13,252,-13,257,-7,
249,-5,244,-10,244,-15,250,-15,255,-10,
247,-6,243,-12,243,-17,248,-17,253,-11,
246,-8,241,-13,241,-19,246,-18,251,-13,
243,-11,239,-16,239,-21,244,-21,249,-16,
242,-13,237,-18,237,-23,242,-23,247,-18,
240,-14,236,-19,236,-25,241,-24,246,-19,
238,-16,234,-21,234,-27,239,-26,244,-21,
236,-19,231,-24,231,-30,237,-29,241,-24,
Vehicle ID:156
264,107,-54.366268157958984
265,105,-55.84415817260742
267,102,-57.377662658691406
268,100,-58.89274215698242
270,98,-60.34284591674805
271,95,-61.65751266479492
272,94,-62.5712776184082
273,92,-64.02967071533203
274,88,-65.82661437988281
275,86,-66.78144073486328
276,83,-68.20405578613281
277,82,-69.21392059326172
277,79,-70.74545288085938
278,76,-72.0881576538086
279,72,-73.76372528076172
280,70,-74.6448974609375
281,67,-75.9915542602539
281,64,-77.26652526855469
281,62,-78.03897857666016
282,59,-79.7104721069336
282,56,-81.38401794433594
282,53,-83.72532653808594
283,50,-85.02759552001953
283,47,-86.67141723632812
283,45,-88.20795440673828
283,42,-89.66643524169922
283,39,-91.4683837890625
283,36,-93.17284393310547
283,34,-94.24848175048828
282,31,-95.67566680908203
282,28,-97.43817138671875
252,115,265,97,272,98,274,104,260,121,
254,113,266,94,273,95,275,101,262,119,
255,111,268,92,274,92,276,98,264,116,
257,109,269,89,275,90,278,96,266,114,
258,107,270,87,276,87,279,93,267,112,
260,104,271,84,277,84,280,90,269,109,
261,103,272,83,278,82,281,88,270,107,
262,100,272,81,279,80,282,85,272,106,
264,98,273,78,280,76,283,82,273,103,
265,96,274,76,280,74,283,80,274,101,
266,93,275,73,281,71,284,77,276,98,
267,91,275,71,281,69,285,75,277,96,
268,89,276,68,282,66,285,72,278,93,
269,86,276,66,282,63,286,69,279,91,
271,83,277,62,283,59,287,65,280,87,
271,81,277,60,283,57,287,62,281,84,
272,78,278,56,284,53,288,59,282,81,
273,76,278,54,285,51,288,56,283,78,
274,74,279,51,285,48,288,53,284,76,
274,71,279,49,285,46,290,51,284,73,
275,69,279,46,285,43,290,48,285,71,
276,65,279,43,285,39,289,44,286,67,
276,63,279,40,285,37,289,41,286,64,
277,60,279,38,284,34,289,38,287,61,
277,58,279,35,284,31,289,35,287,58,
277,56,278,33,283,29,289,33,287,56,
277,52,278,29,283,25,288,29,288,52,
278,50,277,27,282,22,287,26,289,49,
279,48,277,25,282,21,287,24,289,47,
278,45,276,22,281,18,286,21,289,44,
278,42,275,19,280,14,286,18,289,40,
Vehicle ID:169
44,0,144.081787109375
42,1,144.16029357910156
39,2,144.32275390625
37,4,144.45187377929688
35,6,144.95228576660156
32,7,145.57028198242188
30,8,145.97486877441406
28,10,146.52023315429688
25,11,147.74191284179688
23,13,148.44085693359375
20,14,149.40296936035156
19,15,150.10987854003906
16,16,151.42002868652344
14,18,152.55654907226562
10,19,154.0198974609375
8,20,155.28150939941406
5,21,157.01473999023438
2,22,158.20001220703125
0,23,159.57054138183594
-1,24,160.91590881347656
-3,24,161.90933227539062
-6,25,163.35333251953125
-8,25,164.36758422851562
-9,25,165.39797973632812
-10,26,166.0971221923828
-12,26,166.74887084960938
-13,26,167.4144287109375
-14,26,167.77821350097656
-14,26,167.92697143554688
-14,26,167.95379638671875
-14,26,167.95382690429688
54,-2,42,6,36,5,36,-1,49,-10,
52,0,40,8,34,6,34,0,46,-8,
50,1,37,10,31,8,32,2,44,-6,
47,2,35,11,29,9,30,3,42,-5,
45,4,33,13,27,11,27,5,40,-3,
43,6,30,14,24,12,25,6,37,-1,
41,7,29,15,23,14,23,7,36,0,
39,9,26,17,20,15,21,9,33,0,
36,11,23,19,17,17,18,10,31,2,
34,12,21,20,15,17,16,11,29,3,
31,14,18,21,12,19,13,13,26,5,
29,15,16,22,10,20,11,14,25,6,
27,16,14,23,8,21,9,15,22,7,
24,18,11,24,5,22,7,16,20,9,
21,19,7,26,2,23,3,17,17,11,
19,21,5,27,0,24,1,18,15,12,
15,22,2,28,-3,25,-1,19,12,13,
13,23,0,29,-6,26,-4,20,9,14,
11,24,-2,29,-8,26,-6,20,7,15,
8,25,-5,30,-10,27,-8,21,5,16,
6,26,-7,30,-12,27,-10,21,3,16,
4,27,-10,31,-15,28,-13,22,1,17,
2,27,-11,31,-17,28,-14,22,0,18,
0,28,-13,32,-18,28,-16,22,-1,18,
0,28,-15,32,-20,28,-17,22,-2,19,
-1,29,-16,32,-21,28,-18,22,-4,19,
-3,29,-18,32,-22,28,-20,23,-5,19,
-4,29,-18,32,-23,28,-20,23,-6,19,
-4,29,-19,32,-24,28,-21,23,-6,20,
-4,29,-19,32,-24,28,-21,23,-6,20,
-4,29,-19,32,-24,28,-21,23,-6,20,
Vehicle ID:186
191,141,-12.261188507080078
193,140,-13.873251914978027
196,139,-15.84623908996582
199,138,-17.38409996032715
202,137,-18.914859771728516
204,136,-20.72307777404785
206,135,-21.952442169189453
209,134,-23.343883514404297
212,133,-23.652137756347656
214,132,-23.883344650268555
217,130,-26.250682830810547
218,129,-27.911945343017578
220,127,-30.2125301361084
223,126,-32.19447708129883
226,124,-34.90009307861328
228,122,-36.434165954589844
230,120,-38.42051696777344
232,118,-39.9828987121582
234,116,-41.34367370605469
236,114,-42.69325637817383
237,112,-43.641414642333984
240,110,-43.742794036865234
242,108,-44.09299850463867
244,106,-46.276153564453125
245,104,-48.3176383972168
247,102,-50.37327575683594
249,99,-52.843544006347656
250,96,-54.79216766357422
251,95,-56.17058181762695
253,92,-58.06328582763672
255,89,-60.2042350769043
177,139,198,134,203,138,200,145,179,149,
180,138,200,133,206,137,203,144,182,149,
183,138,203,132,208,136,206,142,186,148,
185,137,206,131,211,135,209,141,188,147,
188,136,208,129,213,133,211,140,191,147,
190,136,210,128,216,132,214,138,194,146,
192,135,212,127,218,131,216,137,196,145,
195,134,214,126,220,129,219,136,199,144,
198,133,217,124,223,128,222,134,202,143,
200,132,219,123,225,127,224,133,204,142,
203,131,222,121,228,125,227,131,208,141,
204,130,223,120,229,123,228,130,210,140,
207,129,225,118,231,121,231,128,212,139,
209,128,227,117,233,119,233,126,215,137,
212,126,230,114,236,116,236,123,218,135,
214,125,231,113,238,114,238,121,221,134,
217,123,234,110,240,112,240,119,224,132,
219,122,235,108,242,110,242,116,226,130,
221,120,237,106,243,108,244,115,228,129,
223,119,238,104,245,106,246,112,230,127,
225,117,240,103,247,104,247,110,232,125,
227,115,243,100,249,101,250,108,235,122,
229,113,244,98,251,99,252,106,237,121,
231,111,246,96,253,97,254,103,239,119,
233,110,247,94,254,94,255,101,241,117,
235,108,248,92,255,92,257,99,243,115,
237,106,250,89,256,89,258,95,246,112,
239,103,251,86,258,86,260,92,248,110,
240,102,252,84,258,84,261,90,249,108,
242,100,253,82,260,81,262,88,251,106,
244,97,254,78,261,78,264,84,253,102,
