time
395.8390938396624
hero_global_pos
4.957821369171143,41.76673889160156
road_id
757
is_junction
True
speed_limit
30.0
speed
20.09752157706901
traffic_light
None
translation_offset
1061.5220612287521,1410.0014305114746
angle
-0.31158447265625
hero_past_trajectory
193,374,-90.3623275756836
193,372,-90.3622055053711
193,368,-90.3622055053711
193,365,-90.36229705810547
193,362,-90.36239624023438
193,359,-90.36248016357422
193,357,-90.36260223388672
193,354,-90.36266326904297
193,351,-90.36273193359375
193,348,-90.36266326904297
193,345,-90.3624267578125
193,342,-90.36223602294922
193,340,-90.3622055053711
193,337,-90.3622055053711
193,334,-90.36229705810547
193,331,-90.3624267578125
193,329,-90.36248016357422
193,326,-90.36260223388672
192,322,-90.3626937866211
192,319,-90.36273193359375
192,317,-90.36254119873047
192,314,-90.36229705810547
192,311,-90.36214447021484
192,308,-90.36214447021484
192,306,-90.36214447021484
192,302,-90.33944702148438
192,300,-90.31334686279297
192,297,-90.2967529296875
192,294,-90.19268798828125
192,291,-89.9367904663086
192,288,-89.68841552734375
hero_past_corners
188,386,187,367,193,363,198,367,200,386,
188,383,187,364,193,360,198,364,200,383,
187,379,187,360,193,356,198,360,198,379,
187,377,187,358,193,354,198,358,198,377,
187,373,187,354,193,350,198,354,198,373,
187,371,187,351,193,347,198,351,198,370,
187,368,187,349,193,345,198,349,198,368,
187,365,187,346,193,342,198,346,198,365,
187,363,187,344,193,340,198,344,198,363,
187,359,187,340,193,336,198,340,198,359,
187,357,187,338,193,334,198,338,198,357,
187,354,187,334,193,330,198,334,198,354,
187,351,187,332,193,328,198,332,198,351,
187,349,187,329,193,325,198,329,198,349,
187,345,187,326,192,322,198,326,198,345,
187,342,187,323,192,319,198,323,198,342,
187,340,187,321,192,317,198,321,198,340,
187,338,187,318,192,314,198,318,198,337,
187,334,187,315,192,311,198,315,198,334,
187,331,187,312,192,308,198,312,198,331,
187,328,187,309,192,305,198,309,198,328,
187,326,187,307,192,303,198,307,198,326,
187,323,187,303,192,299,198,303,198,323,
187,320,187,300,192,296,198,300,198,320,
187,317,187,298,192,294,198,298,198,317,
187,314,187,295,192,291,198,295,198,314,
187,311,187,292,192,288,198,292,198,311,
187,309,187,290,192,286,198,290,198,309,
187,306,187,287,192,283,198,286,198,306,
187,303,187,284,192,280,198,284,198,303,
187,300,187,281,192,277,198,281,198,300,
actor_past_trajectory_corners
Vehicle ID:128
269,43,-150.3738555908203
266,42,-148.32496643066406
263,39,-145.49472045898438
261,38,-143.4518585205078
259,36,-140.67276000976562
257,34,-138.73924255371094
255,32,-137.09181213378906
253,30,-135.5546112060547
251,29,-134.44183349609375
249,26,-133.3621063232422
247,24,-132.93072509765625
245,22,-132.6878662109375
243,20,-132.62351989746094
242,18,-132.62152099609375
239,16,-132.6690673828125
238,14,-132.67791748046875
235,12,-132.5386199951172
233,10,-132.19619750976562
231,7,-131.71743774414062
229,5,-131.2969207763672
227,3,-130.61602783203125
226,1,-129.95489501953125
224,0,-129.13697814941406
223,-2,-128.69537353515625
221,-4,-127.7142562866211
219,-7,-126.55289459228516
217,-9,-125.6567153930664
216,-11,-125.04630279541016
214,-14,-123.85401153564453
213,-16,-122.72168731689453
211,-18,-121.71778869628906
272,49,266,46,264,40,269,39,275,43,
269,48,263,44,262,39,267,38,273,41,
266,46,260,42,259,36,264,36,270,40,
264,44,258,40,257,35,262,34,268,38,
261,42,255,38,254,32,260,32,265,36,
258,40,253,36,253,30,258,30,263,35,
257,39,251,34,251,28,256,28,262,33,
255,37,250,32,249,27,255,27,260,32,
253,35,248,30,248,25,253,25,258,30,
250,33,245,27,245,22,251,22,255,27,
248,31,243,26,243,20,249,20,254,26,
246,28,241,23,241,18,247,18,252,23,
244,27,240,21,240,16,245,16,250,22,
243,25,238,20,238,14,243,15,248,20,
240,22,236,17,235,12,240,12,246,17,
239,20,234,15,233,10,238,10,244,15,
237,19,233,14,232,8,237,9,243,14,
235,17,230,12,230,6,235,7,240,12,
233,14,227,9,227,3,233,4,237,9,
230,12,225,6,225,1,231,2,235,7,
228,10,223,4,224,0,229,0,234,5,
226,8,222,2,222,-2,228,-1,232,3,
224,5,220,0,220,-4,226,-4,230,1,
223,4,219,-1,219,-6,225,-5,229,0,
221,1,217,-3,217,-9,223,-8,227,-2,
219,0,215,-6,216,-11,221,-10,225,-5,
217,-3,213,-8,214,-14,219,-13,223,-7,
216,-4,212,-10,213,-15,218,-14,222,-9,
214,-7,210,-13,211,-18,216,-17,220,-11,
213,-9,209,-15,210,-21,215,-19,219,-13,
211,-12,207,-18,208,-23,214,-22,217,-16,
Vehicle ID:156
275,112,-70.74545288085938
276,109,-72.0881576538086
277,105,-73.76372528076172
278,103,-74.6448974609375
279,100,-75.9915542602539
279,97,-77.26652526855469
279,95,-78.03897857666016
280,92,-79.7104721069336
280,89,-81.38401794433594
280,86,-83.72532653808594
280,83,-85.02759552001953
280,80,-86.67141723632812
280,78,-88.20795440673828
280,75,-89.66643524169922
280,72,-91.4683837890625
280,69,-93.17284393310547
280,67,-94.24848175048828
279,64,-95.67566680908203
279,61,-97.43817138671875
278,58,-99.1098403930664
277,55,-100.50470733642578
277,53,-101.56226348876953
276,50,-103.18074798583984
275,48,-104.29285430908203
274,44,-105.92521667480469
273,41,-107.36932373046875
272,39,-108.8798599243164
272,37,-110.05101013183594
270,34,-111.61325073242188
269,31,-113.00801086425781
268,29,-114.62577056884766
266,123,274,101,280,99,283,105,276,126,
267,120,274,99,280,96,284,101,277,124,
269,117,275,95,281,92,285,97,278,120,
269,115,275,93,281,90,285,94,279,117,
270,111,276,89,282,86,286,91,280,114,
271,109,276,87,282,84,286,88,281,111,
272,107,276,84,282,81,286,85,282,109,
272,104,276,82,282,79,287,83,282,106,
273,102,276,79,282,76,287,80,283,104,
274,98,276,76,282,72,286,76,284,99,
274,96,276,73,282,70,286,73,284,96,
275,93,276,71,281,67,286,70,285,93,
275,91,276,68,281,64,286,67,285,90,
275,89,275,66,280,62,286,65,285,88,
275,85,275,62,280,58,285,61,286,84,
275,83,274,60,279,55,284,58,286,81,
276,81,274,58,279,54,284,56,286,79,
275,78,273,55,278,51,283,54,286,76,
275,75,272,52,277,47,283,51,286,72,
275,72,272,49,276,44,282,48,285,69,
275,69,271,47,275,42,281,45,285,66,
275,67,270,44,274,39,280,42,285,64,
274,64,269,42,273,36,279,39,284,60,
274,62,268,40,272,35,278,37,284,58,
273,59,267,37,271,32,277,34,283,56,
273,56,266,34,269,29,276,31,282,53,
272,53,265,32,268,26,274,28,282,50,
271,51,264,30,267,24,273,26,281,48,
270,48,262,27,265,21,272,23,280,44,
270,46,261,25,264,19,270,20,279,42,
269,43,259,22,262,16,268,18,278,39,
Vehicle ID:164
213,-23,-150.64910888671875
211,-24,-152.04400634765625
207,-26,-153.71563720703125
205,-27,-154.72430419921875
202,-28,-155.524658203125
199,-29,-155.93096923828125
197,-30,-157.52206420898438
194,-31,-159.4234161376953
192,-32,-161.12063598632812
188,-33,-163.84661865234375
186,-33,-165.2754669189453
183,-34,-166.93943786621094
180,-34,-168.1208953857422
178,-35,-168.38661193847656
175,-35,-169.95204162597656
172,-35,-171.96160888671875
170,-36,-173.1964111328125
167,-36,-174.7806854248047
163,-36,-175.454833984375
160,-36,-177.58016967773438
158,-36,-179.58096313476562
155,-36,178.82778930664062
152,-35,176.7176971435547
150,-35,175.32501220703125
147,-35,173.73268127441406
144,-34,171.92259216308594
141,-33,170.35369873046875
139,-33,169.2594757080078
136,-32,167.8499298095703
133,-31,166.29403686523438
130,-30,164.77859497070312
221,-13,204,-23,203,-29,209,-31,226,-22,
219,-15,202,-24,200,-30,206,-32,223,-23,
216,-17,198,-25,197,-31,202,-34,220,-25,
214,-18,196,-26,194,-32,200,-35,218,-26,
210,-19,193,-27,191,-33,197,-36,214,-28,
208,-20,190,-28,189,-34,194,-37,212,-29,
206,-21,188,-29,186,-35,192,-38,210,-30,
204,-23,186,-29,184,-35,189,-38,207,-31,
202,-24,183,-30,181,-36,186,-39,205,-32,
198,-25,180,-30,177,-36,182,-39,201,-34,
196,-26,177,-31,175,-36,180,-40,199,-35,
193,-27,174,-31,172,-36,177,-40,195,-36,
191,-27,172,-31,169,-37,174,-40,193,-36,
188,-28,169,-32,166,-37,171,-41,190,-37,
185,-29,166,-32,163,-37,168,-41,187,-38,
183,-29,163,-32,160,-37,165,-41,184,-38,
181,-30,162,-32,158,-37,163,-41,182,-39,
178,-30,159,-32,155,-37,160,-41,179,-39,
175,-30,155,-32,152,-37,156,-41,175,-40,
172,-31,152,-32,149,-36,153,-41,172,-40,
169,-31,150,-31,146,-36,150,-41,169,-40,
167,-31,148,-31,144,-35,147,-40,167,-41,
164,-31,145,-30,140,-35,144,-40,164,-41,
162,-31,143,-30,138,-34,142,-39,161,-41,
159,-31,140,-29,135,-33,139,-38,158,-41,
156,-31,137,-28,132,-32,135,-38,155,-40,
153,-31,134,-27,129,-31,133,-37,152,-40,
151,-30,132,-27,127,-31,130,-36,149,-40,
148,-30,129,-26,124,-30,127,-35,146,-39,
145,-30,127,-25,122,-29,124,-34,143,-39,
143,-29,124,-24,119,-27,121,-33,140,-38,
Vehicle ID:169
13,52,151.42002868652344
11,54,152.55654907226562
7,55,154.0198974609375
5,56,155.28150939941406
2,57,157.01473999023438
0,58,158.20001220703125
-2,59,159.57054138183594
-4,60,160.91590881347656
-6,60,161.90933227539062
-9,61,163.35333251953125
-11,61,164.36758422851562
-12,61,165.39797973632812
-13,62,166.0971221923828
-15,62,166.74887084960938
-16,62,167.4144287109375
-17,62,167.77821350097656
-17,62,167.92697143554688
-17,62,167.95379638671875
-17,62,167.95382690429688
-17,62,167.9537353515625
-17,62,167.95372009277344
-17,62,167.9536590576172
-17,62,167.9536590576172
-17,62,167.9536895751953
-17,62,167.95372009277344
-17,62,167.95372009277344
-17,62,167.95372009277344
-17,62,167.9537353515625
-17,62,167.9537353515625
-17,62,167.9537353515625
-17,62,167.9537353515625
24,52,11,59,5,57,6,51,19,43,
21,54,8,60,2,58,4,52,17,45,
18,55,4,62,0,59,0,53,14,47,
16,57,2,63,-3,60,-1,54,12,48,
12,58,0,64,-6,61,-4,55,9,49,
10,59,-3,65,-9,62,-7,56,6,50,
8,60,-5,65,-11,62,-9,56,4,51,
5,61,-8,66,-13,63,-11,57,2,52,
3,62,-10,66,-15,63,-13,57,0,52,
1,63,-13,67,-18,64,-16,58,-1,53,
0,63,-14,67,-20,64,-17,58,-3,54,
-2,64,-16,68,-21,64,-19,58,-4,54,
-3,64,-18,68,-23,64,-20,58,-5,55,
-4,65,-19,68,-24,64,-21,58,-7,55,
-6,65,-21,68,-25,64,-23,59,-8,55,
-7,65,-21,68,-26,64,-23,59,-9,55,
-7,65,-22,68,-27,64,-24,59,-9,56,
-7,65,-22,68,-27,64,-24,59,-9,56,
-7,65,-22,68,-27,64,-24,59,-9,56,
-7,65,-22,68,-27,64,-24,59,-9,56,
-7,65,-22,68,-27,64,-24,59,-9,56,
-7,65,-22,68,-27,64,-24,59,-9,56,
-7,65,-22,68,-27,64,-24,59,-9,56,
-7,65,-22,68,-27,64,-24,59,-9,56,
-7,65,-22,68,-27,64,-24,59,-9,56,
-7,65,-22,68,-27,64,-24,59,-9,56,
-7,65,-22,68,-27,64,-24,59,-9,56,
-7,65,-22,68,-27,64,-24,59,-9,56,
-7,65,-22,68,-27,64,-24,59,-9,56,
-7,65,-22,68,-27,64,-24,59,-9,56,
-7,65,-22,68,-27,64,-24,59,-9,56,
Vehicle ID:186
218,161,-30.2125301361084
221,160,-32.19447708129883
224,158,-34.90009307861328
226,156,-36.434165954589844
228,154,-38.42051696777344
230,152,-39.9828987121582
232,150,-41.34367370605469
234,148,-42.69325637817383
235,146,-43.641414642333984
238,144,-43.742794036865234
240,142,-44.09299850463867
242,140,-46.276153564453125
243,138,-48.3176383972168
245,136,-50.37327575683594
247,133,-52.843544006347656
248,130,-54.79216766357422
249,129,-56.17058181762695
251,126,-58.06328582763672
253,123,-60.2042350769043
254,120,-62.223388671875
255,117,-63.91289138793945
256,115,-65.1985092163086
257,112,-67.18550109863281
258,109,-69.01582336425781
259,107,-70.23785400390625
260,103,-71.90764617919922
260,101,-72.22297668457031
261,98,-73.03065490722656
262,95,-74.05821228027344
262,93,-75.45137023925781
263,90,-78.1038589477539
205,163,223,152,229,155,229,162,210,173,
207,162,225,151,231,153,231,160,213,171,
210,160,228,148,234,150,234,157,216,169,
212,159,229,147,236,148,236,155,219,168,
215,157,232,144,238,146,238,153,222,166,
217,156,233,142,240,144,240,150,224,164,
219,154,235,140,241,142,242,149,226,163,
221,153,236,138,243,140,244,146,228,161,
223,151,238,137,245,138,245,144,230,159,
225,149,241,134,247,135,248,142,233,156,
227,147,242,132,249,133,250,140,235,155,
229,145,244,130,251,131,252,137,237,153,
231,144,245,128,252,128,253,135,239,151,
233,142,246,126,253,126,255,133,241,149,
235,140,248,123,254,123,256,129,244,146,
237,137,249,120,256,120,258,126,246,144,
238,136,250,118,256,118,259,124,247,142,
240,134,251,116,258,115,260,122,249,140,
242,131,252,112,259,112,262,118,251,136,
243,128,253,110,260,109,263,115,253,133,
245,126,254,107,261,106,264,112,254,131,
246,124,255,105,261,103,264,109,256,129,
247,121,255,102,262,100,265,106,257,125,
248,119,256,99,263,97,266,103,259,123,
249,117,256,97,263,95,267,100,259,120,
251,114,257,94,263,91,267,97,261,117,
251,111,258,91,264,89,268,94,262,114,
252,109,258,89,265,86,269,92,262,112,
253,106,259,86,265,83,269,88,264,109,
254,103,259,83,266,80,270,86,264,106,
255,101,259,80,265,77,270,82,265,103,
