time
391.2020404705836
hero_global_pos
5.086854457855225,67.9202651977539
road_id
33
is_junction
False
speed_limit
30.0
speed
20.202766687784695
traffic_light
None
translation_offset
1061.392513141036,1540.0019226074219
angle
0.36257171630859375
hero_past_trajectory
192,373,-90.36262512207031
192,370,-90.36273193359375
193,367,-90.36273193359375
193,364,-90.36254119873047
193,361,-90.3623275756836
193,359,-90.36227416992188
193,356,-90.36227416992188
193,353,-90.36235809326172
192,351,-90.36244201660156
192,348,-90.36254119873047
192,345,-90.36266326904297
192,342,-90.36273193359375
192,339,-90.36273193359375
192,337,-90.3625717163086
192,334,-90.36229705810547
192,330,-90.3622055053711
192,328,-90.36223602294922
192,325,-90.36229705810547
192,322,-90.36239624023438
192,319,-90.36248016357422
192,316,-90.36260223388672
192,313,-90.3626937866211
192,311,-90.36273193359375
192,309,-90.36262512207031
192,306,-90.36235809326172
192,302,-90.3622055053711
192,300,-90.3622055053711
192,298,-90.36223602294922
192,294,-90.36235809326172
192,291,-90.36248016357422
192,288,-90.3625717163086
hero_past_corners
186,385,187,366,193,362,198,366,197,385,
186,382,187,363,193,359,198,363,197,382,
186,379,187,360,193,356,198,360,197,379,
186,376,187,357,193,353,198,357,197,376,
186,373,187,354,192,350,198,354,197,373,
186,371,187,352,192,348,198,352,197,371,
186,368,187,349,192,345,198,349,197,368,
187,365,187,346,192,342,198,346,198,365,
187,363,187,343,192,339,198,343,198,363,
187,360,187,341,192,337,198,341,198,360,
187,356,187,337,192,333,198,337,198,356,
187,353,187,334,192,330,198,334,198,353,
187,351,187,332,192,328,198,331,198,351,
187,349,187,329,192,325,198,329,198,349,
187,346,187,327,192,323,198,327,198,346,
187,342,187,323,192,319,198,323,198,342,
187,339,187,320,192,316,198,320,198,339,
187,336,187,317,192,313,198,317,198,336,
187,334,187,314,192,310,198,314,198,334,
187,331,187,312,192,308,198,312,198,331,
187,328,187,309,192,305,198,309,198,328,
187,325,187,306,192,302,198,306,198,325,
187,322,187,303,192,299,198,303,198,322,
187,320,187,301,192,297,198,301,198,320,
187,317,187,298,192,294,198,298,198,317,
187,314,186,295,192,291,198,295,198,314,
187,312,186,293,192,289,198,293,198,312,
187,309,186,290,192,286,198,290,198,309,
187,305,186,286,192,282,198,286,198,305,
187,302,186,283,192,279,198,283,198,302,
187,300,186,281,192,276,198,280,198,300,
actor_past_trajectory_corners
Vehicle ID:116
117,247,89.63996124267578
117,250,89.6402816772461
117,253,89.639892578125
117,256,89.63923645019531
117,259,89.63858032226562
117,261,89.63810729980469
117,264,89.63760375976562
117,267,89.63729095458984
117,269,89.63717651367188
117,272,89.63790130615234
117,276,89.63837432861328
117,279,89.63821411132812
117,281,89.63787841796875
117,283,89.63760375976562
117,286,89.63729095458984
117,290,89.636962890625
117,293,89.63732147216797
117,296,89.63832092285156
117,298,89.6386947631836
117,301,89.63854217529297
117,304,89.63809967041016
117,307,89.63761901855469
117,310,89.63724517822266
117,312,89.6369857788086
117,315,89.63676452636719
117,318,89.63668060302734
117,320,89.63722229003906
117,323,89.63803100585938
117,327,89.63814544677734
117,330,89.63787841796875
117,333,89.63750457763672
121,237,121,252,117,256,112,251,112,236,
121,240,121,255,117,259,112,254,112,240,
121,244,121,258,117,262,112,258,112,243,
121,247,121,261,117,265,112,260,112,246,
121,250,121,264,117,268,112,263,112,249,
121,252,121,267,117,271,112,266,112,251,
121,255,121,269,117,274,113,270,112,254,
121,258,121,272,117,276,113,272,112,257,
121,260,121,275,117,279,113,275,112,259,
121,263,122,277,117,281,113,277,112,262,
121,266,122,281,117,285,113,281,112,265,
121,269,122,284,117,288,113,284,112,268,
121,272,122,287,117,291,113,287,113,272,
121,274,122,289,117,293,113,289,113,274,
122,277,122,291,117,295,113,292,113,277,
122,281,122,295,117,299,113,294,113,281,
122,283,122,298,117,302,113,297,113,283,
122,286,122,301,117,305,113,300,113,286,
122,289,122,304,117,308,113,303,113,289,
122,292,122,306,117,310,113,305,113,292,
122,295,122,310,117,314,113,309,113,294,
122,298,122,312,117,316,113,311,113,297,
122,301,122,315,117,319,113,314,113,300,
122,303,122,317,117,321,113,316,113,302,
122,306,122,320,117,324,113,319,113,305,
122,309,122,324,117,328,113,323,113,308,
122,311,122,325,117,329,113,324,113,310,
122,314,122,328,117,332,113,327,113,313,
122,317,122,332,117,336,113,331,113,316,
122,320,122,335,117,339,113,334,113,320,
122,323,122,338,117,342,113,337,113,322,
Vehicle ID:156
185,64,-7.90457820892334
188,64,-9.422224044799805
191,63,-10.89991569519043
194,62,-12.495623588562012
197,61,-14.005785942077637
199,61,-15.062397003173828
202,60,-16.457901000976562
204,59,-17.970922470092773
207,58,-19.23434829711914
209,57,-20.52480697631836
212,55,-22.29704475402832
215,54,-23.872173309326172
217,53,-25.209299087524414
219,52,-26.092906951904297
222,51,-26.493907928466797
226,49,-27.88051414489746
228,47,-29.70220947265625
231,46,-31.584856033325195
233,44,-33.40242004394531
235,42,-34.8997917175293
238,40,-36.563289642333984
240,39,-38.11496353149414
242,37,-39.48594284057617
243,35,-40.389156341552734
245,33,-41.53361892700195
248,31,-43.236026763916016
249,30,-44.07184600830078
251,28,-45.20375442504883
254,25,-46.12982177734375
256,23,-46.323795318603516
257,20,-47.56705856323242
171,61,194,58,198,62,195,68,172,71,
174,61,196,57,201,61,198,67,175,71,
177,60,199,56,204,60,201,66,179,70,
180,60,202,55,207,59,204,65,182,70,
182,60,205,54,210,58,207,64,185,70,
185,59,207,53,212,57,209,63,187,69,
187,59,209,52,215,56,212,62,190,68,
190,58,212,51,217,55,215,61,193,68,
192,57,215,50,219,53,217,60,196,67,
195,57,217,49,222,52,220,58,198,66,
198,56,220,47,226,50,223,57,202,65,
201,55,222,46,228,49,226,55,205,64,
203,54,225,44,230,47,228,53,207,63,
205,53,226,43,232,46,230,52,209,62,
207,52,229,42,235,45,232,51,212,61,
212,50,232,40,238,42,237,49,216,60,
214,49,234,38,240,41,239,47,218,58,
217,48,236,36,242,39,241,45,221,57,
219,47,238,34,244,37,244,43,224,56,
221,46,240,33,246,35,246,41,226,54,
224,44,242,31,248,32,248,39,229,53,
226,43,244,29,250,30,250,37,231,51,
228,41,246,27,252,28,252,35,235,49,
230,40,247,25,253,27,254,33,236,48,
232,38,249,23,255,25,256,31,239,46,
234,36,251,21,258,22,258,28,242,44,
236,35,252,19,259,20,259,27,243,43,
238,33,254,17,260,18,261,24,245,41,
241,31,256,14,263,15,264,22,248,38,
243,29,259,12,265,13,266,19,250,36,
245,27,260,10,266,11,268,17,252,34,
Vehicle ID:186
100,21,45.20389175415039
102,23,43.48157501220703
105,25,41.48745346069336
107,27,39.9349365234375
110,29,38.46986389160156
112,30,37.13277053833008
114,32,35.533058166503906
117,34,34.21342086791992
119,35,32.8499870300293
121,37,31.17127799987793
124,38,29.370140075683594
127,40,27.99723243713379
129,41,27.6588077545166
131,42,27.31001853942871
134,43,25.471590042114258
137,44,22.523704528808594
140,45,20.320695877075195
143,45,18.384937286376953
145,46,16.608871459960938
148,47,15.02937126159668
151,47,14.537114143371582
154,48,13.22286605834961
156,48,10.99387264251709
158,48,9.620715141296387
161,49,8.88812255859375
165,49,5.989523887634277
167,49,4.318114280700684
170,49,1.8739252090454102
174,48,-1.062561273574829
177,48,-3.280578851699829
180,48,-5.243868350982666
95,8,110,23,109,30,102,31,87,16,
97,11,112,25,112,32,105,33,90,18,
99,13,115,28,115,35,108,35,92,21,
101,15,118,29,117,36,111,37,94,23,
103,17,120,31,120,38,113,38,97,25,
105,18,122,32,122,39,115,41,98,27,
107,20,124,33,124,40,118,42,101,29,
109,22,127,34,127,41,121,43,103,30,
111,23,129,35,129,42,123,45,105,32,
113,25,131,36,132,43,126,46,108,34,
116,27,134,38,135,44,129,47,111,36,
118,29,137,39,138,45,132,48,113,37,
121,30,140,40,141,47,135,50,116,40,
123,31,141,41,142,47,136,50,118,41,
125,32,144,42,145,48,139,51,120,42,
128,34,147,42,149,49,142,52,124,44,
130,35,150,43,152,49,145,53,126,45,
132,36,153,43,155,49,148,53,129,47,
135,37,155,43,157,50,151,54,132,48,
137,38,158,44,160,50,154,54,134,49,
140,39,161,44,163,50,157,55,137,49,
143,40,163,45,166,51,160,55,140,50,
145,40,166,44,169,51,163,55,143,51,
147,41,168,44,171,50,165,55,144,52,
150,41,171,45,174,51,168,55,147,52,
153,42,174,44,178,50,172,55,151,53,
155,43,176,44,179,50,174,55,153,53,
157,43,179,44,182,49,177,54,156,54,
161,43,182,43,186,48,181,54,160,54,
164,43,185,42,189,47,185,53,163,54,
166,43,188,42,192,47,188,52,166,54,
