time
398.70149984015734
hero_global_pos
8.311971664428711,26.008323669433594
road_id
590
is_junction
True
speed_limit
30.0
speed
20.52392635828564
traffic_light
None
translation_offset
1115.0710954666138,1338.4464359283447
angle
-22.715599060058594
hero_past_trajectory
208,370,-89.9367904663086
207,367,-89.68841552734375
206,366,-89.2990493774414
206,362,-88.79766845703125
205,360,-88.33834838867188
203,357,-87.85945892333984
203,355,-87.36370086669922
202,352,-86.77698516845703
200,350,-86.09366607666016
200,346,-85.36205291748047
199,345,-84.671142578125
198,342,-84.0504150390625
198,339,-83.19664001464844
197,336,-82.23568725585938
197,333,-81.56511688232422
195,330,-80.70561981201172
195,327,-79.8504409790039
194,325,-79.17212677001953
194,322,-78.40105438232422
194,319,-77.72611236572266
193,317,-77.31527709960938
193,314,-76.76477813720703
193,311,-76.51832580566406
192,309,-75.67047882080078
192,305,-74.49114990234375
192,303,-73.7664794921875
191,299,-71.89649963378906
191,297,-70.88778686523438
191,294,-69.55264282226562
191,292,-68.36482238769531
192,288,-67.2844009399414
hero_past_corners
208,383,201,366,204,360,211,361,218,379,
207,380,200,363,203,357,210,359,217,376,
206,378,198,360,202,354,208,356,216,373,
205,375,197,357,201,351,207,353,215,372,
203,372,196,355,200,349,207,350,214,369,
202,369,195,352,199,346,206,348,213,366,
201,368,195,350,199,344,206,346,212,364,
201,366,194,347,198,342,204,344,211,361,
199,362,193,344,197,338,204,340,210,359,
198,359,192,341,197,336,203,338,208,356,
197,357,191,338,196,333,202,336,209,354,
197,354,191,336,195,330,202,333,207,351,
196,351,190,333,194,327,201,330,206,348,
194,348,190,329,194,324,201,327,205,345,
193,346,189,327,193,322,199,324,205,342,
193,342,188,323,193,318,199,321,204,339,
192,340,188,321,193,316,199,319,203,338,
192,337,187,318,193,313,198,316,203,334,
191,334,187,315,191,310,198,313,202,332,
190,331,187,312,192,308,198,310,201,329,
190,329,186,311,192,305,197,309,201,328,
189,326,186,307,191,302,197,305,201,324,
188,323,186,305,190,300,197,302,200,322,
188,321,186,301,190,297,197,300,200,319,
188,317,185,298,190,294,197,297,199,315,
187,316,186,296,190,292,196,295,199,314,
186,311,185,292,191,287,197,291,198,310,
187,309,185,290,191,285,196,288,198,307,
186,306,186,286,191,282,197,286,198,305,
186,302,186,284,192,279,197,284,197,303,
186,300,186,281,192,277,198,281,197,300,
actor_past_trajectory_corners
Vehicle ID:128
110,77,-122.72168731689453
108,76,-121.71778869628906
106,74,-120.89204406738281
104,72,-119.76468658447266
101,70,-118.55387115478516
99,69,-117.5566177368164
97,67,-116.92354583740234
95,65,-116.09867858886719
92,63,-115.11460876464844
91,62,-114.69727325439453
89,60,-114.40777587890625
87,58,-113.50434112548828
85,55,-111.71977233886719
83,53,-109.64273834228516
82,51,-108.09882354736328
80,49,-106.4193344116211
78,46,-105.25517272949219
76,45,-104.34459686279297
75,42,-103.3947525024414
73,40,-102.8155517578125
72,38,-102.495849609375
70,36,-101.82270050048828
69,34,-101.31463623046875
67,31,-100.89258575439453
65,29,-100.30397033691406
64,27,-99.95606994628906
63,23,-99.138427734375
61,21,-98.72086334228516
60,19,-98.15922546386719
58,17,-97.63460540771484
57,15,-97.1572036743164
113,84,107,80,106,74,111,74,117,78,
110,82,104,78,103,73,109,71,114,76,
108,80,102,76,101,70,106,70,112,74,
105,78,100,74,99,69,104,68,110,73,
104,77,98,73,97,66,102,66,108,71,
101,75,95,70,94,65,101,65,106,69,
99,73,94,69,93,64,99,63,104,68,
97,72,92,67,91,62,97,61,102,66,
94,70,89,65,89,59,94,59,99,64,
92,68,87,63,87,58,92,58,97,62,
90,66,85,62,85,56,91,56,96,61,
89,65,83,59,83,54,89,54,94,59,
87,62,81,57,81,51,86,51,92,57,
85,60,79,54,79,49,84,49,90,54,
82,57,78,52,78,47,84,47,88,53,
80,55,76,49,76,44,82,45,86,50,
78,53,74,48,74,43,80,43,84,48,
77,51,72,46,73,40,79,41,82,47,
75,49,71,43,71,37,77,38,81,44,
73,46,69,40,70,36,75,37,79,42,
72,45,68,39,68,34,74,35,78,41,
71,42,66,36,67,31,72,33,77,38,
69,40,65,34,65,29,71,30,75,36,
67,38,63,32,64,27,69,28,74,34,
66,35,62,29,62,24,68,25,71,31,
64,34,60,28,61,23,67,24,71,30,
62,30,59,24,60,18,65,20,68,26,
60,28,57,22,58,17,64,18,67,24,
59,26,56,20,57,14,62,16,65,21,
58,23,55,17,56,12,61,13,64,19,
57,22,53,16,54,10,60,12,64,18,
Vehicle ID:156
180,100,-113.00801086425781
178,99,-114.62577056884766
175,97,-116.03887176513672
173,95,-117.3415756225586
171,93,-118.94585418701172
168,92,-120.44391632080078
167,90,-121.48413848876953
164,89,-122.68230438232422
161,87,-124.44892120361328
159,86,-125.7362060546875
157,85,-126.801513671875
154,84,-128.04673767089844
152,83,-129.65000915527344
149,81,-131.00843811035156
146,80,-131.97552490234375
143,79,-133.58001708984375
141,77,-134.88404846191406
138,76,-135.87266540527344
135,75,-137.0735321044922
133,75,-138.44383239746094
131,75,-139.3263397216797
128,74,-140.81529235839844
125,73,-141.84837341308594
122,72,-143.1410675048828
119,72,-144.92420959472656
118,72,-145.72137451171875
113,72,-147.4541778564453
111,71,-148.785888671875
108,70,-150.2928924560547
105,71,-151.52120971679688
103,70,-152.62074279785156
186,114,170,98,170,91,176,90,193,107,
184,111,167,96,167,89,174,89,191,104,
182,109,165,94,166,88,172,86,189,102,
180,107,163,93,163,87,169,85,187,99,
178,105,160,91,160,85,166,83,185,97,
176,104,158,90,157,84,164,82,182,96,
174,103,157,89,156,83,162,81,180,94,
172,101,154,88,153,82,160,79,178,92,
170,99,151,86,150,80,156,78,175,90,
168,98,148,85,148,79,153,77,174,89,
166,96,146,84,145,78,152,75,171,88,
164,95,144,84,143,77,149,74,169,85,
161,93,141,83,140,76,145,73,166,84,
159,92,138,81,136,75,143,72,163,82,
156,91,136,81,134,74,140,71,161,81,
153,89,133,80,131,73,137,70,158,79,
151,87,130,79,128,73,134,69,155,78,
149,87,128,78,125,72,131,68,152,77,
146,85,125,78,123,71,128,68,150,76,
143,84,122,77,121,71,126,67,147,75,
142,83,121,76,118,71,124,67,146,74,
140,82,117,76,115,70,121,66,142,73,
137,81,115,75,113,70,117,66,139,72,
135,81,113,75,110,69,115,65,137,70,
131,80,109,74,106,69,112,65,133,70,
130,80,107,75,105,69,109,65,132,69,
126,78,104,75,100,68,105,64,127,68,
124,78,101,75,98,68,103,64,125,68,
121,77,98,75,95,69,99,64,122,67,
119,77,96,74,92,68,97,64,120,67,
117,77,93,75,90,70,94,64,116,66,
Vehicle ID:164
31,94,166.29403686523438
28,96,164.77859497070312
26,98,163.50808715820312
24,99,162.2052001953125
22,101,160.57168579101562
20,104,159.21189880371094
19,105,158.3017578125
16,107,157.150390625
14,110,155.24258422851562
13,111,153.89158630371094
11,114,152.781494140625
9,116,151.3988494873047
7,119,149.59010314941406
6,121,148.07171630859375
5,123,146.8773651123047
3,126,145.30421447753906
2,129,144.14491271972656
0,131,143.2545623779297
0,133,142.19564819335938
-2,136,141.3982391357422
-2,138,140.9368438720703
-3,140,140.22886657714844
-4,143,139.77699279785156
-5,146,139.39019775390625
-7,149,139.025634765625
-8,150,138.9253387451172
-10,154,138.7213592529297
-11,156,138.62393188476562
-13,158,138.66986083984375
-13,161,138.7409210205078
-14,163,138.8052215576172
42,91,27,102,21,100,21,95,37,83,
41,92,25,104,19,103,19,97,34,85,
38,94,23,106,17,105,17,99,32,87,
36,95,21,108,15,107,15,101,29,88,
34,97,19,110,13,109,13,104,27,90,
32,99,18,113,11,112,12,106,25,92,
30,100,16,114,11,114,10,107,24,94,
28,102,15,116,8,116,8,109,22,96,
26,104,13,119,6,119,6,112,19,98,
24,106,11,121,5,120,4,114,17,100,
22,108,10,122,4,123,2,117,15,102,
21,109,9,125,2,125,1,119,13,104,
19,112,7,128,1,129,0,123,11,107,
16,114,6,131,0,131,-1,125,9,109,
15,116,4,132,-1,133,-2,127,8,112,
13,119,2,135,-3,137,-4,130,5,114,
12,122,1,138,-4,138,-5,133,4,116,
10,123,1,139,-4,141,-6,135,3,118,
9,126,0,142,-6,144,-8,138,1,121,
8,128,-1,145,-7,146,-9,140,0,124,
6,129,-2,146,-8,148,-10,142,-1,125,
5,132,-3,150,-8,151,-11,145,-2,128,
4,135,-4,151,-10,153,-12,147,-4,131,
3,137,-5,154,-11,155,-13,150,-5,133,
1,140,-7,157,-13,159,-15,153,-6,136,
1,142,-7,159,-13,161,-16,154,-7,137,
-1,146,-9,162,-15,165,-17,158,-9,142,
-2,148,-10,165,-16,166,-19,161,-11,143,
-3,150,-11,168,-17,169,-20,163,-12,146,
-5,153,-12,170,-18,172,-21,166,-13,149,
-5,155,-14,172,-20,173,-22,168,-14,150,
Vehicle ID:171
373,47,-179.17127990722656
370,49,-179.18690490722656
369,49,-179.19332885742188
366,50,-179.1848907470703
364,51,-179.14950561523438
361,52,-179.14967346191406
360,53,-179.1604766845703
357,54,-179.1487579345703
355,55,-179.1734161376953
353,56,-179.19786071777344
351,57,-179.1830291748047
349,57,-179.19354248046875
346,59,-179.17434692382812
344,60,-179.17672729492188
342,61,-179.17807006835938
339,62,-179.18093872070312
337,62,-179.18121337890625
335,63,-179.1737518310547
333,64,-179.18353271484375
331,65,-179.1835479736328
329,66,-179.18202209472656
326,67,-179.1573486328125
324,68,-179.1577911376953
322,69,-179.17257690429688
320,70,-179.1701202392578
319,70,-179.17547607421875
315,72,-179.1962127685547
313,72,-179.1740264892578
310,73,-179.16790771484375
308,73,-179.17494201660156
306,74,-179.14593505859375
377,49,374,50,369,49,372,46,375,44,
375,50,372,51,367,50,370,47,373,45,
372,51,370,52,365,51,368,47,371,46,
371,52,367,53,362,52,365,49,369,47,
368,53,365,53,360,53,363,49,367,48,
366,53,363,54,358,54,361,50,364,49,
364,53,361,55,357,54,359,51,362,50,
362,54,359,55,355,55,358,52,360,51,
359,55,356,57,352,56,355,53,358,52,
357,56,354,58,349,57,352,54,356,52,
355,57,352,59,347,58,350,55,354,53,
353,58,350,59,345,59,348,56,352,54,
351,59,347,60,343,60,346,57,349,55,
348,60,344,62,340,61,343,58,347,56,
346,61,343,62,338,62,341,59,345,57,
343,62,340,64,335,63,338,60,342,58,
342,63,338,64,333,64,336,61,340,59,
339,64,336,65,332,65,335,61,338,60,
337,65,333,66,329,66,332,63,335,61,
334,66,331,67,327,67,330,63,334,62,
333,66,330,68,325,67,328,64,332,63,
331,67,328,69,323,68,326,65,329,64,
329,68,325,70,321,69,323,66,327,64,
327,69,323,70,319,70,321,66,325,65,
324,70,320,72,316,71,318,67,322,65,
322,71,319,72,315,72,318,67,320,66,
319,72,316,74,311,72,314,69,318,67,
317,73,314,74,309,73,312,70,315,69,
315,74,311,75,306,74,309,71,313,69,
313,75,309,76,304,75,307,72,311,70,
311,75,307,77,303,76,306,72,309,71,
Vehicle ID:186
197,160,-75.45137023925781
197,157,-78.1038589477539
196,154,-80.59654235839844
194,151,-81.88522338867188
194,148,-83.20995330810547
192,146,-85.72799682617188
191,144,-87.64311981201172
191,142,-89.87226104736328
189,139,-92.47151184082031
187,137,-94.37692260742188
186,134,-96.20777893066406
185,133,-97.8971939086914
183,129,-99.85633850097656
181,127,-101.87568664550781
179,125,-103.28902435302734
177,123,-105.00466918945312
175,121,-106.76869201660156
173,119,-108.2318115234375
171,117,-109.89922332763672
170,115,-111.45714569091797
169,113,-112.39801025390625
166,112,-114.0021743774414
164,111,-115.36376190185547
162,109,-117.01150512695312
159,107,-119.00618743896484
158,106,-119.98809814453125
154,103,-122.59259796142578
152,102,-123.9490737915039
149,101,-125.48578643798828
147,100,-126.84745025634766
145,98,-128.0809326171875
193,172,190,152,196,147,202,151,204,171,
194,170,189,149,194,144,200,147,204,168,
194,168,188,147,193,142,199,144,203,165,
193,165,187,145,192,140,198,141,203,162,
192,162,186,142,191,137,197,139,202,159,
192,160,185,139,188,134,196,136,202,156,
191,158,183,138,188,133,194,134,201,154,
191,155,183,136,186,130,193,132,201,151,
189,152,180,133,184,128,191,129,200,148,
189,151,178,131,181,125,188,127,198,145,
188,148,178,129,181,124,186,124,197,143,
187,146,176,128,179,121,185,122,196,140,
186,143,174,125,176,119,183,119,194,138,
184,141,172,123,173,117,180,117,193,135,
183,139,170,122,172,115,179,115,191,132,
181,137,168,119,170,113,176,113,190,130,
180,134,166,118,168,111,174,110,188,127,
178,132,164,115,165,110,172,109,185,125,
176,130,162,114,163,107,169,107,184,122,
175,128,160,113,161,106,168,105,183,121,
173,127,159,112,160,105,166,104,181,119,
172,125,156,110,157,103,164,102,179,117,
170,122,154,109,155,102,162,101,177,115,
169,121,152,107,153,101,159,99,175,113,
166,119,150,106,150,99,156,97,173,111,
164,119,148,105,148,98,154,97,171,109,
162,115,144,103,143,97,150,94,168,106,
159,114,141,102,142,95,147,93,165,105,
157,112,140,101,139,94,145,92,163,103,
156,110,137,100,137,93,143,91,161,102,
153,109,135,99,134,92,140,90,159,100,
