time
398.28650706858025
hero_global_pos
7.426258563995361,28.026334762573242
road_id
79
is_junction
False
speed_limit
30.0
speed
20.76133445232427
traffic_light
None
translation_offset
1102.8305044174194,1345.752347946167
angle
-18.103500366210938
hero_past_trajectory
206,371,-90.33944702148438
206,369,-90.31334686279297
205,366,-90.2967529296875
204,363,-90.19268798828125
203,360,-89.9367904663086
202,357,-89.68841552734375
201,355,-89.2990493774414
201,352,-88.79766845703125
200,349,-88.33834838867188
200,347,-87.85945892333984
199,345,-87.36370086669922
198,342,-86.77698516845703
197,339,-86.09366607666016
197,336,-85.36205291748047
196,334,-84.671142578125
196,331,-84.0504150390625
196,328,-83.19664001464844
195,325,-82.23568725585938
195,322,-81.56511688232422
194,319,-80.70561981201172
194,316,-79.8504409790039
193,314,-79.17212677001953
193,311,-78.40105438232422
193,308,-77.72611236572266
193,306,-77.31527709960938
193,303,-76.76477813720703
193,300,-76.51832580566406
192,297,-75.67047882080078
192,294,-74.49114990234375
192,292,-73.7664794921875
192,288,-71.89649963378906
hero_past_corners
205,384,199,366,203,360,210,362,216,380,
204,381,199,363,202,357,209,359,215,377,
204,379,198,361,201,355,208,357,214,375,
203,376,197,358,200,353,207,354,213,373,
202,373,196,355,200,350,206,352,212,370,
201,370,195,352,199,347,206,349,211,367,
200,367,194,349,199,344,205,346,211,364,
199,365,193,347,198,341,204,343,210,362,
198,362,192,344,197,338,204,340,209,359,
197,359,191,341,196,335,203,338,208,356,
197,357,192,339,196,333,202,336,207,354,
196,355,191,336,196,331,202,333,206,352,
195,351,190,333,194,327,202,330,206,349,
194,348,190,330,195,325,201,327,205,346,
193,347,189,327,194,322,200,325,205,344,
193,343,189,325,194,319,200,322,204,341,
192,340,188,322,193,316,199,319,203,338,
191,337,188,318,193,313,199,316,202,335,
190,335,187,316,192,311,198,313,202,332,
190,331,187,312,192,307,198,310,201,329,
190,329,187,309,192,305,199,308,201,327,
190,326,187,307,192,302,198,305,201,324,
189,323,187,303,191,299,198,302,200,321,
189,320,187,300,192,297,198,300,200,318,
188,318,186,299,192,294,197,298,199,317,
188,315,186,295,192,291,197,295,199,314,
187,312,186,293,191,288,197,292,199,311,
187,309,186,290,191,286,198,289,199,309,
187,305,186,287,191,283,198,286,199,305,
187,304,187,284,192,281,197,284,198,304,
186,299,186,280,192,276,198,281,198,300,
actor_past_trajectory_corners
Vehicle ID:128
138,67,-126.55289459228516
135,66,-125.6567153930664
134,64,-125.04630279541016
131,62,-123.85401153564453
129,60,-122.72168731689453
127,59,-121.71778869628906
125,56,-120.89204406738281
123,55,-119.76468658447266
120,53,-118.55387115478516
119,51,-117.5566177368164
117,49,-116.92354583740234
115,47,-116.09867858886719
112,45,-115.11460876464844
111,43,-114.69727325439453
109,41,-114.40777587890625
107,39,-113.50434112548828
106,36,-111.71977233886719
104,34,-109.64273834228516
103,32,-108.09882354736328
101,29,-106.4193344116211
99,27,-105.25517272949219
98,25,-104.34459686279297
97,22,-103.3947525024414
95,20,-102.8155517578125
94,18,-102.495849609375
92,15,-101.82270050048828
92,14,-101.31463623046875
90,11,-100.89258575439453
88,8,-100.30397033691406
87,7,-99.95606994628906
86,3,-99.138427734375
140,74,134,69,134,64,139,63,144,67,
137,71,132,68,131,62,136,61,141,66,
136,71,130,66,129,61,134,61,140,64,
133,69,127,64,127,59,132,58,137,63,
131,67,126,62,125,56,130,57,136,61,
128,65,123,60,122,55,128,54,133,59,
127,63,121,59,120,53,126,53,131,57,
124,61,119,56,119,51,124,50,129,56,
122,59,117,55,117,48,122,49,127,54,
120,57,115,52,114,47,121,47,125,52,
118,55,113,51,113,46,119,46,124,50,
117,54,112,49,111,43,117,43,122,49,
114,52,109,47,109,41,114,41,119,47,
112,50,107,44,107,39,113,39,118,44,
110,48,106,43,106,37,111,38,116,42,
109,46,104,40,104,35,109,35,114,41,
107,43,102,38,102,32,107,33,112,38,
105,41,100,35,100,30,106,30,111,36,
103,38,99,32,100,28,105,28,109,34,
101,36,97,30,97,24,103,26,107,32,
99,33,95,28,96,23,102,24,105,29,
98,32,94,26,95,20,101,21,104,28,
96,29,93,23,93,17,99,19,103,25,
95,26,91,20,92,15,97,17,101,23,
93,25,90,19,91,14,96,15,100,22,
92,22,88,16,90,11,95,13,99,19,
91,20,88,14,88,8,94,10,97,16,
89,18,86,11,87,7,92,8,96,14,
88,15,85,8,85,3,91,4,94,11,
86,13,83,7,85,2,91,3,94,10,
85,9,82,3,83,-2,88,0,91,6,
Vehicle ID:156
203,97,-107.36932373046875
202,95,-108.8798599243164
201,94,-110.05101013183594
198,91,-111.61325073242188
196,89,-113.00801086425781
195,87,-114.62577056884766
192,85,-116.03887176513672
190,83,-117.3415756225586
188,81,-118.94585418701172
186,80,-120.44391632080078
184,78,-121.48413848876953
182,77,-122.68230438232422
179,74,-124.44892120361328
177,73,-125.7362060546875
175,72,-126.801513671875
172,70,-128.04673767089844
170,69,-129.65000915527344
167,67,-131.00843811035156
165,66,-131.97552490234375
162,64,-133.58001708984375
159,63,-134.88404846191406
157,62,-135.87266540527344
154,60,-137.0735321044922
152,60,-138.44383239746094
150,60,-139.3263397216797
147,58,-140.81529235839844
144,58,-141.84837341308594
141,56,-143.1410675048828
138,56,-144.92420959472656
137,56,-145.72137451171875
133,55,-147.4541778564453
208,111,194,93,196,87,203,87,216,106,
206,109,193,91,194,84,200,84,215,103,
204,107,191,89,192,83,199,83,213,101,
203,105,188,87,189,81,197,80,211,98,
202,103,187,86,188,79,194,78,209,96,
200,100,184,83,185,77,191,77,207,94,
198,98,182,82,183,75,189,74,205,91,
197,96,180,80,181,74,187,73,204,89,
195,94,177,78,178,72,184,71,202,86,
192,92,176,77,176,70,183,69,199,85,
191,91,174,76,174,70,180,68,198,83,
189,89,172,75,172,68,178,66,196,81,
187,87,169,73,169,66,175,64,193,78,
185,85,166,71,166,65,172,63,191,77,
183,84,164,70,164,64,171,61,189,75,
181,82,163,69,161,62,168,60,187,73,
179,80,159,68,159,61,165,59,184,72,
176,79,156,66,155,60,162,58,182,69,
174,77,154,66,153,59,160,57,179,68,
171,75,152,65,150,58,156,56,176,66,
169,73,149,63,147,58,154,54,174,65,
167,73,147,63,145,56,151,53,171,63,
164,71,143,62,142,55,148,52,169,62,
162,70,141,61,140,55,145,52,166,61,
160,69,140,60,138,54,144,51,165,60,
158,68,136,60,134,53,141,50,161,58,
155,66,134,59,132,53,137,49,159,57,
153,66,132,58,129,52,135,49,156,56,
150,65,128,57,125,52,131,48,153,55,
148,64,126,58,124,51,129,48,151,54,
145,63,123,57,120,51,125,47,147,52,
Vehicle ID:164
58,65,171.92259216308594
55,66,170.35369873046875
54,67,169.2594757080078
51,69,167.8499298095703
48,71,166.29403686523438
46,73,164.77859497070312
43,74,163.50808715820312
41,75,162.2052001953125
39,77,160.57168579101562
37,80,159.21189880371094
36,80,158.3017578125
33,82,157.150390625
31,85,155.24258422851562
29,87,153.89158630371094
27,89,152.781494140625
26,91,151.3988494873047
23,94,149.59010314941406
22,95,148.07171630859375
20,98,146.8773651123047
18,101,145.30421447753906
17,103,144.14491271972656
15,105,143.2545623779297
14,107,142.19564819335938
12,110,141.3982391357422
11,111,140.9368438720703
10,114,140.22886657714844
9,116,139.77699279785156
7,119,139.39019775390625
5,122,139.025634765625
4,123,138.9253387451172
3,127,138.7213592529297
70,64,53,72,47,70,48,64,67,55,
67,65,51,74,45,72,47,65,64,56,
66,66,49,75,43,73,44,67,61,57,
63,67,46,77,40,75,41,69,58,59,
60,68,45,78,39,76,39,71,55,60,
59,70,42,80,36,79,36,73,53,62,
56,72,40,82,34,81,35,74,50,64,
53,72,38,84,32,82,32,76,48,65,
52,74,35,86,30,84,30,79,45,67,
49,76,34,88,27,87,28,81,43,68,
47,77,33,90,27,88,27,82,42,70,
46,78,31,91,24,90,24,84,39,72,
43,80,29,94,22,93,22,87,37,74,
40,82,27,96,20,95,20,88,34,76,
39,83,25,97,19,97,18,91,33,77,
37,85,24,100,18,99,17,93,30,79,
35,88,22,103,16,103,15,97,28,82,
33,90,21,105,14,105,13,99,25,84,
31,91,19,107,13,107,12,101,24,86,
29,94,17,110,11,110,10,104,21,88,
27,97,16,112,9,112,8,106,20,91,
26,98,15,113,9,114,7,109,19,92,
25,101,13,116,7,117,6,111,16,95,
23,102,11,119,5,120,5,114,15,98,
21,104,11,120,5,121,3,115,13,99,
20,106,10,123,4,124,2,118,12,102,
19,109,8,125,2,126,0,120,10,104,
18,111,7,128,1,128,0,123,8,106,
15,114,5,130,0,132,-2,126,7,110,
15,116,4,133,-1,134,-3,127,7,111,
12,120,2,135,-3,137,-5,131,4,115,
Vehicle ID:171
402,50,-179.1634521484375
401,50,-179.18629455566406
399,51,-179.1740264892578
395,51,-179.18186950683594
394,52,-179.17127990722656
391,53,-179.18690490722656
389,53,-179.19332885742188
386,54,-179.1848907470703
384,55,-179.14950561523438
381,56,-179.14967346191406
380,56,-179.1604766845703
377,57,-179.1487579345703
375,58,-179.1734161376953
373,59,-179.19786071777344
371,59,-179.1830291748047
369,60,-179.19354248046875
366,61,-179.17434692382812
363,62,-179.17672729492188
361,62,-179.17807006835938
358,63,-179.18093872070312
356,64,-179.18121337890625
355,64,-179.1737518310547
352,65,-179.18353271484375
350,66,-179.1835479736328
348,67,-179.18202209472656
345,68,-179.1573486328125
343,68,-179.1577911376953
341,69,-179.17257690429688
338,70,-179.1701202392578
337,70,-179.17547607421875
334,71,-179.1962127685547
407,50,403,52,399,51,401,47,405,46,
404,51,401,52,396,51,400,48,402,47,
402,52,399,53,394,51,398,48,401,47,
400,53,396,54,392,52,395,49,399,48,
397,54,394,55,390,53,393,50,396,49,
395,54,392,55,387,54,390,51,394,49,
393,55,390,56,385,54,388,51,392,50,
391,56,387,57,382,55,385,52,389,51,
388,57,385,57,380,56,383,53,387,52,
386,56,383,57,378,57,382,54,384,53,
384,57,381,58,376,57,380,54,382,53,
382,58,379,59,375,58,378,55,381,54,
379,59,376,59,372,59,375,56,378,55,
377,59,373,60,369,60,372,57,376,55,
375,60,371,61,367,60,370,57,374,56,
372,61,369,62,365,61,368,58,372,57,
370,61,367,63,362,62,365,59,369,58,
368,62,364,64,359,63,363,60,366,58,
366,63,362,64,357,63,361,60,364,59,
363,64,359,65,355,64,358,61,362,60,
361,64,357,66,353,65,356,62,360,61,
358,65,355,66,351,66,354,63,358,61,
356,66,352,67,348,67,351,63,355,62,
353,67,350,68,346,67,349,64,353,63,
352,67,349,68,344,68,347,65,351,63,
349,68,347,69,342,68,345,65,348,64,
348,69,344,70,339,69,343,66,346,65,
346,69,342,71,337,70,340,66,344,66,
343,70,339,72,335,71,337,67,341,66,
341,71,338,72,334,71,337,67,339,66,
338,72,334,73,330,72,333,68,337,67,
Vehicle ID:186
210,160,-71.90764617919922
210,158,-72.22297668457031
210,155,-73.03065490722656
210,152,-74.05821228027344
209,150,-75.45137023925781
209,147,-78.1038589477539
208,144,-80.59654235839844
207,141,-81.88522338867188
207,138,-83.20995330810547
205,135,-85.72799682617188
205,133,-87.64311981201172
204,132,-89.87226104736328
203,128,-92.47151184082031
201,126,-94.37692260742188
200,123,-96.20777893066406
199,122,-97.8971939086914
197,118,-99.85633850097656
196,115,-101.87568664550781
194,114,-103.28902435302734
192,111,-105.00466918945312
190,109,-106.76869201660156
189,107,-108.2318115234375
187,105,-109.89922332763672
185,103,-111.45714569091797
185,101,-112.39801025390625
182,100,-114.0021743774414
180,98,-115.36376190185547
179,96,-117.01150512695312
176,93,-119.00618743896484
174,93,-119.98809814453125
170,90,-122.59259796142578
205,173,204,152,209,148,215,152,215,173,
204,170,205,149,210,145,215,149,215,170,
204,168,204,147,210,142,215,147,215,168,
204,165,204,144,209,139,214,143,216,164,
204,162,203,141,209,136,214,141,215,162,
205,160,202,138,207,134,213,137,215,158,
205,157,201,137,206,132,212,134,215,155,
204,155,200,134,205,129,211,131,215,152,
204,151,200,131,204,126,210,128,214,149,
204,150,199,128,202,124,209,126,214,146,
203,148,197,126,202,122,208,124,213,144,
203,144,196,125,200,119,207,121,213,141,
202,142,195,122,198,117,205,119,212,138,
201,140,193,119,196,114,203,116,212,135,
200,137,192,118,196,112,201,113,211,133,
200,135,190,116,194,110,200,111,210,130,
199,132,189,113,192,107,198,108,208,127,
197,130,187,111,189,105,196,106,207,124,
196,128,185,109,187,103,195,103,205,122,
195,125,183,107,185,101,192,101,204,119,
194,122,182,105,184,98,190,98,202,116,
192,121,180,103,181,97,188,97,200,114,
190,118,177,101,179,94,186,94,199,111,
190,116,176,100,178,93,184,93,198,109,
188,115,174,99,176,92,182,91,196,108,
186,113,173,97,174,90,181,90,194,105,
185,110,170,95,172,88,178,88,193,104,
184,109,168,94,169,87,176,86,191,101,
181,106,166,92,167,85,173,84,189,99,
180,106,164,91,165,84,171,83,187,97,
178,102,161,89,161,83,167,80,184,94,
