time
396.1337470066792
hero_global_pos
5.02309513092041,40.090354919433594
road_id
79
is_junction
False
speed_limit
30.0
speed
20.640503418476253
traffic_light
None
translation_offset
1064.7837345600128,1402.0404033660889
angle
-1.661651611328125
hero_past_trajectory
194,373,-90.36229705810547
194,370,-90.36239624023438
194,367,-90.36248016357422
194,365,-90.36260223388672
194,362,-90.36266326904297
194,359,-90.36273193359375
194,356,-90.36266326904297
194,353,-90.3624267578125
194,350,-90.36223602294922
194,348,-90.3622055053711
194,345,-90.3622055053711
194,342,-90.36229705810547
193,339,-90.3624267578125
193,337,-90.36248016357422
193,334,-90.36260223388672
192,330,-90.3626937866211
192,327,-90.36273193359375
192,325,-90.36254119873047
192,322,-90.36229705810547
192,319,-90.36214447021484
192,316,-90.36214447021484
192,314,-90.36214447021484
192,310,-90.33944702148438
192,308,-90.31334686279297
191,305,-90.2967529296875
191,302,-90.19268798828125
191,299,-89.9367904663086
191,296,-89.68841552734375
191,294,-89.2990493774414
192,291,-88.79766845703125
192,288,-88.33834838867188
hero_past_corners
189,385,188,366,194,362,199,366,200,385,
189,381,188,362,194,358,199,362,200,381,
189,379,188,359,194,355,199,359,200,378,
189,376,188,357,194,353,199,357,200,376,
188,373,188,354,194,350,199,354,199,373,
188,371,188,352,194,348,199,352,199,371,
188,367,188,348,194,344,199,348,199,367,
188,365,188,346,194,342,199,346,199,365,
188,362,188,342,193,338,199,342,199,362,
188,359,188,340,193,336,199,340,199,359,
188,357,187,337,193,333,198,337,199,357,
188,353,187,334,192,330,198,334,199,353,
188,350,187,331,192,327,198,331,199,350,
188,348,187,329,192,325,198,329,199,348,
188,346,187,326,192,322,198,326,199,345,
188,342,187,323,192,319,198,323,199,342,
187,339,187,320,192,316,198,320,198,339,
187,336,187,317,192,313,198,317,198,336,
187,334,187,315,192,311,198,315,198,334,
187,331,187,311,192,307,198,311,198,331,
187,328,187,308,191,304,198,308,198,328,
187,325,187,306,191,302,198,306,198,325,
187,322,186,303,191,299,197,303,198,322,
187,319,186,300,191,296,197,300,198,319,
187,317,186,298,191,294,197,298,198,317,
187,314,186,295,191,291,197,294,198,314,
187,311,186,292,191,288,197,292,198,311,
187,308,186,289,191,285,197,289,198,308,
186,305,186,286,192,282,197,286,197,305,
186,302,186,283,192,279,197,283,197,303,
186,299,186,280,192,276,198,280,197,300,
actor_past_trajectory_corners
Vehicle ID:128
254,44,-143.4518585205078
252,42,-140.67276000976562
250,40,-138.73924255371094
248,38,-137.09181213378906
246,36,-135.5546112060547
244,35,-134.44183349609375
242,32,-133.3621063232422
240,31,-132.93072509765625
237,29,-132.6878662109375
235,27,-132.62351989746094
234,25,-132.62152099609375
231,23,-132.6690673828125
230,21,-132.67791748046875
228,19,-132.5386199951172
226,17,-132.19619750976562
224,14,-131.71743774414062
222,12,-131.2969207763672
220,10,-130.61602783203125
219,8,-129.95489501953125
217,6,-129.13697814941406
216,4,-128.69537353515625
214,2,-127.7142562866211
212,0,-126.55289459228516
210,-2,-125.6567153930664
209,-4,-125.04630279541016
206,-7,-123.85401153564453
205,-9,-122.72168731689453
203,-10,-121.71778869628906
202,-13,-120.89204406738281
201,-15,-119.76468658447266
199,-18,-118.55387115478516
257,50,251,46,250,41,255,40,261,44,
254,48,248,44,247,38,253,38,258,42,
251,46,246,42,246,36,251,36,256,41,
250,45,244,40,244,34,249,34,255,39,
248,43,243,38,242,33,248,33,253,38,
246,41,241,36,241,31,246,31,251,36,
243,39,238,34,237,29,243,28,248,33,
241,37,236,33,235,27,241,26,247,32,
239,35,234,30,233,25,239,25,245,29,
237,34,232,28,232,23,237,23,242,28,
236,32,230,27,230,21,235,22,240,26,
232,29,228,24,228,19,233,19,238,24,
231,27,226,22,226,17,231,17,236,22,
229,26,225,21,225,15,230,16,235,21,
227,24,223,19,223,13,228,14,233,19,
225,21,220,16,220,10,226,11,230,16,
223,19,218,13,218,8,224,9,228,14,
221,17,216,11,217,6,222,6,227,12,
219,15,215,9,215,4,221,5,225,10,
217,12,213,7,213,2,219,2,223,8,
216,11,212,5,212,0,218,1,222,6,
214,8,210,3,210,-2,216,-1,220,4,
212,6,208,0,209,-4,214,-3,218,1,
210,3,206,-1,206,-7,211,-6,216,0,
209,2,205,-2,205,-8,210,-7,215,-2,
207,0,202,-5,203,-10,208,-10,213,-4,
206,-2,201,-7,202,-13,207,-12,211,-6,
203,-4,199,-10,200,-15,206,-15,209,-9,
202,-6,198,-12,199,-18,204,-16,208,-11,
200,-9,197,-15,198,-20,203,-19,206,-13,
199,-11,195,-17,197,-23,202,-21,205,-16,
Vehicle ID:156
273,109,-74.6448974609375
274,106,-75.9915542602539
274,103,-77.26652526855469
274,101,-78.03897857666016
275,98,-79.7104721069336
274,95,-81.38401794433594
274,92,-83.72532653808594
274,89,-85.02759552001953
274,86,-86.67141723632812
274,84,-88.20795440673828
274,81,-89.66643524169922
274,78,-91.4683837890625
274,75,-93.17284393310547
274,73,-94.24848175048828
273,70,-95.67566680908203
273,67,-97.43817138671875
272,64,-99.1098403930664
270,61,-100.50470733642578
270,59,-101.56226348876953
269,56,-103.18074798583984
268,54,-104.29285430908203
267,50,-105.92521667480469
266,47,-107.36932373046875
265,45,-108.8798599243164
265,43,-110.05101013183594
263,40,-111.61325073242188
262,37,-113.00801086425781
261,35,-114.62577056884766
259,32,-116.03887176513672
258,30,-117.3415756225586
256,27,-118.94585418701172
264,121,270,99,275,95,280,100,274,123,
265,117,270,95,276,91,281,97,275,120,
266,115,270,93,276,89,280,94,276,116,
267,113,270,90,276,86,280,91,277,114,
267,110,270,88,276,84,281,89,277,111,
268,108,270,85,276,81,281,86,278,109,
269,104,270,82,276,77,280,82,279,105,
269,102,270,79,276,75,280,79,279,102,
270,99,270,77,275,73,280,76,280,99,
269,97,270,74,275,70,280,73,279,96,
269,95,269,72,274,68,280,71,279,94,
269,91,269,68,274,64,279,67,280,90,
269,89,268,66,272,61,278,64,280,87,
270,87,268,64,272,60,277,62,280,85,
269,84,266,61,271,57,276,59,280,82,
269,81,265,58,270,53,276,56,280,78,
269,78,265,55,269,50,275,53,279,75,
269,75,264,53,268,48,274,51,279,72,
269,73,263,50,267,45,273,48,279,70,
268,70,262,48,266,42,272,45,278,66,
268,68,261,46,265,41,271,43,278,64,
267,65,260,43,264,38,270,40,276,61,
266,62,259,40,262,35,269,37,275,58,
265,59,258,38,261,32,267,34,275,55,
264,57,257,36,260,30,266,32,274,54,
263,54,255,33,257,27,265,29,273,50,
263,52,254,31,256,25,262,26,272,48,
262,49,251,28,254,22,260,24,271,45,
261,46,250,26,253,20,259,21,270,42,
260,44,248,24,251,18,257,19,269,39,
259,41,246,21,249,15,255,16,268,36,
Vehicle ID:164
197,-19,-154.72430419921875
194,-20,-155.524658203125
191,-21,-155.93096923828125
189,-22,-157.52206420898438
186,-23,-159.4234161376953
184,-24,-161.12063598632812
180,-25,-163.84661865234375
178,-25,-165.2754669189453
175,-26,-166.93943786621094
172,-26,-168.1208953857422
170,-26,-168.38661193847656
167,-26,-169.95204162597656
164,-26,-171.96160888671875
162,-27,-173.1964111328125
159,-27,-174.7806854248047
155,-27,-175.454833984375
152,-27,-177.58016967773438
150,-27,-179.58096313476562
147,-27,178.82778930664062
144,-26,176.7176971435547
142,-26,175.32501220703125
139,-26,173.73268127441406
136,-25,171.92259216308594
133,-23,170.35369873046875
131,-23,169.2594757080078
128,-22,167.8499298095703
125,-21,166.29403686523438
122,-20,164.77859497070312
119,-20,163.50808715820312
117,-19,162.2052001953125
114,-18,160.57168579101562
206,-11,188,-18,186,-24,192,-27,210,-19,
202,-11,185,-19,183,-25,189,-28,206,-21,
200,-12,182,-20,181,-26,186,-29,204,-21,
198,-13,180,-21,178,-27,184,-30,202,-22,
196,-15,178,-21,176,-27,181,-30,199,-23,
194,-16,175,-22,173,-28,178,-31,197,-24,
190,-17,172,-22,169,-27,174,-31,193,-26,
188,-18,169,-22,167,-27,172,-32,191,-27,
185,-19,166,-22,164,-27,169,-31,187,-28,
183,-19,164,-22,161,-28,166,-31,185,-28,
180,-20,161,-23,158,-28,163,-32,182,-29,
177,-21,158,-23,155,-28,160,-32,179,-30,
175,-21,155,-23,152,-28,157,-32,176,-30,
173,-22,154,-23,150,-28,155,-32,174,-31,
170,-21,151,-23,147,-28,152,-32,171,-31,
167,-21,147,-23,144,-28,148,-32,167,-31,
164,-22,144,-23,141,-27,145,-32,164,-31,
161,-22,142,-22,138,-27,142,-32,161,-31,
159,-22,140,-22,136,-26,139,-31,159,-32,
156,-22,137,-21,132,-25,136,-31,156,-32,
154,-22,135,-20,130,-24,134,-29,153,-32,
151,-22,132,-19,127,-23,131,-28,150,-32,
148,-22,129,-18,124,-22,127,-28,147,-31,
145,-22,126,-17,121,-21,125,-27,144,-31,
143,-21,124,-17,119,-21,122,-26,141,-31,
140,-21,121,-16,116,-20,119,-25,138,-30,
137,-21,119,-15,114,-19,116,-24,135,-29,
135,-19,116,-14,111,-17,113,-23,132,-28,
132,-18,113,-13,108,-16,111,-22,129,-27,
129,-18,111,-12,106,-15,108,-21,126,-27,
127,-17,108,-11,103,-14,105,-19,123,-26,
Vehicle ID:169
0,69,155.28150939941406
-3,70,157.01473999023438
-6,71,158.20001220703125
-8,72,159.57054138183594
-10,73,160.91590881347656
-12,73,161.90933227539062
-15,74,163.35333251953125
-17,74,164.36758422851562
-18,74,165.39797973632812
-19,75,166.0971221923828
-21,75,166.74887084960938
-22,75,167.4144287109375
-23,75,167.77821350097656
-23,75,167.92697143554688
-23,75,167.95379638671875
-23,75,167.95382690429688
-23,75,167.9537353515625
-23,75,167.95372009277344
-23,75,167.9536590576172
-23,75,167.9536590576172
-23,75,167.9536895751953
-23,75,167.95372009277344
-23,75,167.95372009277344
-23,75,167.95372009277344
-23,75,167.9537353515625
-23,75,167.9537353515625
-23,75,167.9537353515625
-23,75,167.9537353515625
-23,75,167.9537353515625
-23,75,167.9537353515625
-23,75,167.9537353515625
10,69,-3,76,-9,73,-8,67,5,60,
6,70,-6,77,-12,74,-10,68,2,61,
4,71,-9,78,-15,75,-13,69,0,62,
2,72,-11,78,-17,75,-15,69,-2,64,
0,74,-14,79,-19,76,-17,70,-4,65,
-2,75,-16,79,-21,76,-19,70,-6,65,
-4,76,-19,80,-24,77,-22,71,-8,66,
-6,76,-20,80,-26,77,-23,71,-9,67,
-8,77,-22,81,-27,77,-25,71,-10,67,
-9,77,-24,81,-29,77,-26,71,-11,68,
-10,78,-25,81,-30,77,-27,71,-13,68,
-12,78,-27,81,-31,77,-29,72,-14,68,
-13,78,-27,81,-32,77,-29,72,-15,68,
-13,78,-28,81,-33,77,-30,72,-15,69,
-13,78,-28,81,-33,77,-30,72,-15,69,
-13,78,-28,81,-33,77,-30,72,-15,69,
-13,78,-28,81,-33,77,-30,72,-15,69,
-13,78,-28,81,-33,77,-30,72,-15,69,
-13,78,-28,81,-33,77,-30,72,-15,69,
-13,78,-28,81,-33,77,-30,72,-15,69,
-13,78,-28,81,-33,77,-30,72,-15,69,
-13,78,-28,81,-33,77,-30,72,-15,69,
-13,78,-28,81,-33,77,-30,72,-15,69,
-13,78,-28,81,-33,77,-30,72,-15,69,
-13,78,-28,81,-33,77,-30,72,-15,69,
-13,78,-28,81,-33,77,-30,72,-15,69,
-13,78,-28,81,-33,77,-30,72,-15,69,
-13,78,-28,81,-33,77,-30,72,-15,69,
-13,78,-28,81,-33,77,-30,72,-15,69,
-13,78,-28,81,-33,77,-30,72,-15,69,
-13,78,-28,81,-33,77,-30,72,-15,69,
Vehicle ID:186
222,163,-36.434165954589844
224,161,-38.42051696777344
226,159,-39.9828987121582
228,157,-41.34367370605469
230,155,-42.69325637817383
231,153,-43.641414642333984
234,151,-43.742794036865234
236,149,-44.09299850463867
238,147,-46.276153564453125
239,145,-48.3176383972168
241,143,-50.37327575683594
243,139,-52.843544006347656
244,136,-54.79216766357422
245,135,-56.17058181762695
247,132,-58.06328582763672
248,129,-60.2042350769043
249,126,-62.223388671875
250,123,-63.91289138793945
251,121,-65.1985092163086
252,118,-67.18550109863281
253,115,-69.01582336425781
254,113,-70.23785400390625
255,109,-71.90764617919922
255,107,-72.22297668457031
256,104,-73.03065490722656
257,101,-74.05821228027344
257,99,-75.45137023925781
257,96,-78.1038589477539
257,93,-80.59654235839844
257,90,-81.88522338867188
258,87,-83.20995330810547
208,166,225,154,232,155,232,162,216,175,
211,164,228,151,234,153,234,160,219,173,
213,163,229,149,236,151,236,157,221,171,
215,161,231,147,237,149,238,156,223,170,
217,160,232,145,239,147,240,153,225,168,
219,158,234,144,241,145,241,151,226,166,
221,156,237,141,243,141,244,148,229,163,
223,154,238,139,245,139,246,146,231,162,
225,152,240,137,247,137,248,143,233,160,
227,151,241,135,248,134,249,141,235,158,
229,149,242,132,249,132,251,139,237,156,
231,147,243,129,249,129,252,135,240,153,
233,144,244,126,251,126,254,132,242,150,
234,143,245,124,251,124,254,130,243,148,
236,141,246,122,253,121,255,128,245,146,
238,138,247,118,254,118,257,124,247,142,
239,135,248,116,255,115,258,121,249,139,
241,133,249,113,256,112,259,118,250,137,
241,130,250,111,256,109,259,115,252,135,
242,127,250,108,257,106,260,112,252,131,
243,125,251,105,258,103,261,109,254,129,
244,123,251,103,258,101,262,106,254,126,
246,120,252,100,257,97,262,103,256,123,
246,117,252,97,258,95,263,100,257,120,
247,115,252,95,259,92,264,98,257,118,
248,112,253,92,259,89,263,94,259,115,
249,109,253,89,260,86,264,92,259,112,
250,107,253,86,259,83,264,88,260,109,
251,105,253,84,259,81,264,85,261,106,
251,102,253,81,259,78,264,82,262,103,
252,99,253,78,259,75,264,79,262,100,
