time
398.8617835220939
hero_global_pos
8.904158592224121,24.902233123779297
road_id
590
is_junction
True
speed_limit
30.0
speed
20.240461379474667
traffic_light
None
translation_offset
1120.7676029205322,1336.0862483978271
angle
-25.129310607910156
hero_past_trajectory
209,369,-89.2990493774414
209,366,-88.79766845703125
208,364,-88.33834838867188
206,361,-87.85945892333984
205,359,-87.36370086669922
204,356,-86.77698516845703
203,354,-86.09366607666016
203,350,-85.36205291748047
202,349,-84.671142578125
200,346,-84.0504150390625
200,343,-83.19664001464844
199,340,-82.23568725585938
198,337,-81.56511688232422
197,334,-80.70561981201172
197,331,-79.8504409790039
196,329,-79.17212677001953
196,326,-78.40105438232422
195,323,-77.72611236572266
194,321,-77.31527709960938
194,318,-76.76477813720703
194,316,-76.51832580566406
193,313,-75.67047882080078
192,310,-74.49114990234375
192,308,-73.7664794921875
192,304,-71.89649963378906
192,301,-70.88778686523438
191,298,-69.55264282226562
191,296,-68.36482238769531
192,292,-67.2844009399414
192,289,-65.77814483642578
192,288,-64.87068939208984
hero_past_corners
209,381,201,364,205,358,211,360,219,377,
208,379,200,362,204,355,210,357,218,375,
207,376,199,359,202,353,210,354,217,372,
206,373,197,356,201,350,209,352,216,370,
205,372,198,354,201,348,208,350,215,368,
204,370,196,351,200,346,207,347,214,365,
202,366,195,348,199,342,206,344,213,362,
201,363,195,345,199,340,205,342,211,360,
200,362,193,343,197,337,204,340,211,357,
200,358,193,340,197,334,204,337,210,355,
198,356,192,338,196,331,202,334,209,352,
197,352,191,334,195,328,202,331,207,349,
196,350,190,332,195,327,201,328,207,346,
195,346,190,328,194,322,200,325,206,343,
194,344,190,326,194,320,201,323,205,342,
194,341,188,323,194,317,199,320,205,338,
193,339,188,320,192,314,199,317,203,336,
192,335,188,317,192,312,199,315,203,333,
191,334,187,316,192,310,198,313,203,332,
191,330,186,312,192,307,198,310,202,329,
190,328,187,309,191,304,197,306,201,326,
190,326,186,306,191,302,197,304,201,324,
189,321,186,303,190,299,197,301,200,320,
188,321,186,301,190,296,196,299,200,319,
187,316,185,297,191,292,197,296,199,315,
187,313,185,295,191,290,196,293,199,311,
187,310,186,291,190,287,196,290,199,309,
187,307,186,289,191,284,196,288,198,307,
187,305,185,286,191,282,197,285,197,304,
186,302,186,282,192,278,197,282,197,301,
186,299,186,281,192,276,197,280,198,300,
actor_past_trajectory_corners
Vehicle ID:128
97,82,-120.89204406738281
95,81,-119.76468658447266
92,79,-118.55387115478516
90,77,-117.5566177368164
88,76,-116.92354583740234
86,74,-116.09867858886719
83,72,-115.11460876464844
81,70,-114.69727325439453
79,69,-114.40777587890625
77,67,-113.50434112548828
75,65,-111.71977233886719
73,62,-109.64273834228516
72,60,-108.09882354736328
70,58,-106.4193344116211
68,56,-105.25517272949219
66,54,-104.34459686279297
65,52,-103.3947525024414
62,49,-102.8155517578125
62,48,-102.495849609375
59,45,-101.82270050048828
59,44,-101.31463623046875
56,41,-100.89258575439453
54,39,-100.30397033691406
53,37,-99.95606994628906
52,34,-99.138427734375
49,31,-98.72086334228516
49,29,-98.15922546386719
46,27,-97.63460540771484
46,25,-97.1572036743164
44,22,-96.60226440429688
43,21,-96.24649810791016
99,88,93,85,92,79,97,78,103,82,
96,87,91,82,90,77,95,76,101,81,
95,85,88,81,88,75,93,75,98,79,
92,83,86,79,85,74,91,73,97,78,
90,82,85,78,83,73,90,72,95,76,
88,81,83,76,81,70,87,70,93,75,
85,79,80,74,79,68,84,68,90,73,
83,77,78,72,77,67,83,67,88,71,
81,75,76,71,75,65,81,65,86,69,
79,74,74,69,73,63,79,63,84,68,
77,71,71,66,71,61,76,61,82,66,
75,69,69,64,69,59,74,58,80,63,
73,67,68,61,68,57,73,56,78,62,
71,64,66,59,65,54,71,54,76,60,
68,62,64,58,64,52,70,53,74,57,
67,61,62,55,62,49,68,50,72,56,
64,58,61,53,60,47,66,48,71,53,
63,56,58,50,59,45,64,46,69,52,
61,54,58,49,58,44,63,45,67,50,
60,52,55,46,56,41,61,42,66,48,
58,50,55,44,54,39,60,40,64,45,
56,48,52,42,53,37,58,38,63,44,
55,45,51,39,51,34,57,35,60,40,
53,44,49,38,50,33,56,34,60,40,
51,40,48,34,48,29,54,30,57,36,
49,38,45,32,46,27,52,28,56,34,
48,36,45,30,45,24,50,26,54,31,
47,33,43,27,44,23,49,24,53,30,
45,32,42,26,42,20,48,22,52,28,
44,28,40,22,41,18,46,20,50,25,
43,27,39,22,40,16,45,18,49,24,
Vehicle ID:156
167,102,-116.03887176513672
165,101,-117.3415756225586
163,98,-118.94585418701172
160,98,-120.44391632080078
158,96,-121.48413848876953
156,95,-122.68230438232422
153,93,-124.44892120361328
151,92,-125.7362060546875
148,91,-126.801513671875
146,90,-128.04673767089844
143,89,-129.65000915527344
140,87,-131.00843811035156
137,86,-131.97552490234375
134,85,-133.58001708984375
132,84,-134.88404846191406
129,83,-135.87266540527344
126,82,-137.0735321044922
124,82,-138.44383239746094
122,82,-139.3263397216797
119,81,-140.81529235839844
116,81,-141.84837341308594
113,80,-143.1410675048828
110,80,-144.92420959472656
109,80,-145.72137451171875
104,80,-147.4541778564453
102,79,-148.785888671875
99,79,-150.2928924560547
96,79,-151.52120971679688
94,79,-152.62074279785156
90,78,-154.15139770507812
89,79,-154.93431091308594
174,114,157,100,157,93,163,92,181,107,
173,113,154,99,154,92,160,91,179,104,
171,110,151,97,151,91,157,89,177,102,
168,109,149,96,149,90,155,88,174,101,
166,108,148,95,147,89,153,87,172,100,
164,107,145,94,145,88,151,85,170,97,
162,104,142,93,142,86,147,84,167,95,
159,103,140,92,139,85,144,83,165,94,
158,102,137,91,136,84,143,81,162,93,
156,101,136,90,134,83,140,80,160,91,
153,99,132,90,131,82,136,80,158,90,
150,98,129,88,127,82,134,79,155,88,
148,97,127,88,125,81,131,78,152,87,
144,95,124,87,122,80,127,77,149,85,
143,94,121,86,119,80,125,77,146,84,
141,93,119,86,116,79,122,76,143,83,
137,92,116,85,114,78,119,75,141,82,
135,91,113,84,111,78,116,75,138,81,
133,90,112,84,109,78,115,74,137,81,
131,89,109,84,106,78,111,74,133,79,
128,88,106,83,103,78,108,73,130,78,
126,88,104,83,101,77,106,73,127,77,
122,88,100,83,97,78,102,73,124,77,
121,87,98,83,95,77,100,73,123,76,
117,86,95,83,91,77,95,73,118,75,
115,86,92,83,89,77,93,73,115,75,
112,85,89,83,85,77,90,73,113,74,
110,85,87,83,83,77,88,73,111,74,
108,85,84,84,80,79,85,73,107,74,
104,84,81,84,77,79,82,74,104,74,
103,84,79,83,75,79,79,74,103,74,
Vehicle ID:164
18,109,163.50808715820312
16,111,162.2052001953125
14,113,160.57168579101562
12,116,159.21189880371094
11,117,158.3017578125
9,119,157.150390625
7,122,155.24258422851562
6,124,153.89158630371094
4,127,152.781494140625
2,128,151.3988494873047
0,132,149.59010314941406
0,133,148.07171630859375
-1,136,146.8773651123047
-3,139,145.30421447753906
-4,142,144.14491271972656
-5,143,143.2545623779297
-6,146,142.19564819335938
-8,149,141.3982391357422
-8,151,140.9368438720703
-9,153,140.22886657714844
-10,156,139.77699279785156
-11,159,139.39019775390625
-13,162,139.025634765625
-14,163,138.9253387451172
-15,167,138.7213592529297
-16,170,138.62393188476562
-18,172,138.66986083984375
-18,174,138.7409210205078
-19,177,138.8052215576172
-21,180,138.9154052734375
-22,181,139.04881286621094
30,105,15,118,9,117,9,111,24,99,
27,107,14,120,8,119,7,113,21,100,
26,108,11,122,6,121,5,116,19,102,
24,111,10,125,4,124,4,118,17,104,
22,112,9,126,3,126,3,120,16,106,
21,113,8,128,1,128,0,122,14,108,
18,115,6,131,0,131,-1,125,11,110,
16,118,4,133,-1,133,-2,127,9,112,
15,119,3,135,-2,135,-4,130,8,114,
13,121,2,137,-4,137,-5,131,5,116,
11,124,0,140,-5,141,-7,135,3,119,
9,126,0,143,-6,144,-8,138,1,121,
8,128,-1,145,-7,146,-9,140,0,124,
6,131,-3,148,-9,150,-11,143,-1,126,
5,134,-4,151,-10,151,-12,146,-2,129,
3,136,-4,152,-10,154,-13,148,-3,131,
2,138,-6,155,-12,157,-14,151,-5,134,
1,140,-7,158,-13,159,-15,154,-6,136,
0,142,-8,159,-14,161,-16,155,-8,138,
0,144,-8,163,-14,164,-17,158,-9,141,
-1,147,-10,164,-16,166,-18,161,-11,144,
-2,150,-11,167,-17,169,-19,163,-12,146,
-4,153,-13,170,-18,173,-21,166,-12,149,
-5,154,-13,172,-18,174,-21,168,-13,150,
-7,159,-14,175,-20,178,-23,172,-15,155,
-8,160,-15,178,-21,180,-24,174,-17,157,
-9,163,-16,181,-22,182,-25,177,-18,159,
-10,166,-17,183,-23,185,-26,180,-19,162,
-10,168,-19,185,-25,187,-27,181,-20,164,
-12,171,-20,188,-26,191,-29,184,-20,167,
-13,172,-21,190,-26,192,-29,186,-21,169,
Vehicle ID:171
358,47,-179.19332885742188
355,48,-179.1848907470703
354,49,-179.14950561523438
351,50,-179.14967346191406
350,50,-179.1604766845703
347,52,-179.1487579345703
345,53,-179.1734161376953
343,54,-179.19786071777344
341,55,-179.1830291748047
339,55,-179.19354248046875
336,57,-179.17434692382812
334,58,-179.17672729492188
332,59,-179.17807006835938
329,60,-179.18093872070312
327,61,-179.18121337890625
326,62,-179.1737518310547
323,63,-179.18353271484375
321,64,-179.1835479736328
319,65,-179.18202209472656
317,66,-179.1573486328125
315,67,-179.1577911376953
313,68,-179.17257690429688
310,69,-179.1701202392578
309,70,-179.17547607421875
306,71,-179.1962127685547
303,71,-179.1740264892578
301,72,-179.16790771484375
299,73,-179.17494201660156
297,74,-179.14593505859375
294,75,-179.12356567382812
293,76,-179.135498046875
362,48,359,49,355,48,357,45,361,43,
360,49,357,51,352,50,355,46,358,44,
358,50,355,51,350,50,353,47,356,45,
355,50,353,51,348,51,351,48,354,46,
354,51,351,52,346,52,349,49,352,47,
352,52,349,53,345,53,347,49,350,48,
349,53,346,54,342,54,345,51,347,49,
347,54,344,56,339,55,342,52,346,50,
345,55,342,56,337,56,340,53,344,51,
343,56,340,57,336,57,338,54,342,52,
341,57,337,59,333,58,336,55,339,53,
338,58,335,60,330,60,333,56,337,55,
336,59,333,61,328,61,331,57,335,55,
334,60,330,62,326,62,328,58,332,57,
332,61,328,63,324,63,327,59,330,57,
329,62,326,64,322,64,325,60,328,58,
327,63,324,65,319,65,322,61,326,60,
325,65,322,66,317,66,320,62,324,60,
324,65,320,67,316,67,318,63,322,61,
321,66,318,67,314,67,317,64,319,63,
319,67,316,69,311,69,314,65,318,63,
317,68,314,70,309,70,312,65,316,64,
315,69,311,71,307,71,309,66,313,65,
313,70,310,71,306,71,308,67,311,66,
310,71,307,73,302,72,304,68,308,67,
307,73,305,74,300,73,303,69,305,68,
306,73,302,75,297,74,300,71,304,69,
304,74,300,76,295,75,298,71,302,70,
302,75,298,77,293,76,296,72,300,71,
299,76,296,78,291,77,294,74,297,72,
297,77,294,78,290,78,293,74,295,73,
Vehicle ID:186
190,159,-80.59654235839844
189,156,-81.88522338867188
188,153,-83.20995330810547
186,151,-85.72799682617188
185,149,-87.64311981201172
184,147,-89.87226104736328
183,143,-92.47151184082031
181,142,-94.37692260742188
180,139,-96.20777893066406
178,138,-97.8971939086914
176,134,-99.85633850097656
174,132,-101.87568664550781
172,130,-103.28902435302734
170,128,-105.00466918945312
168,126,-106.76869201660156
166,125,-108.2318115234375
164,122,-109.89922332763672
162,121,-111.45714569091797
161,119,-112.39801025390625
159,118,-114.0021743774414
157,117,-115.36376190185547
155,114,-117.01150512695312
152,113,-119.00618743896484
150,112,-119.98809814453125
146,110,-122.59259796142578
144,108,-123.9490737915039
142,107,-125.48578643798828
139,106,-126.84745025634766
137,105,-128.0809326171875
134,104,-129.6922149658203
132,104,-130.68202209472656
189,172,182,152,187,147,193,148,198,169,
187,170,181,149,185,144,192,146,198,166,
187,167,180,147,184,142,190,143,196,163,
186,165,179,144,182,139,189,140,196,160,
185,163,177,143,181,137,187,139,195,158,
185,160,176,141,179,135,186,136,195,155,
184,157,174,139,177,133,184,134,194,152,
183,155,172,136,174,131,182,132,192,150,
182,153,171,134,174,129,179,129,191,147,
181,151,169,133,171,126,178,127,190,144,
179,148,167,131,169,124,176,124,188,142,
177,146,165,129,166,122,173,122,186,139,
176,144,163,127,164,121,172,120,184,137,
174,142,161,125,162,119,169,118,183,134,
173,139,159,123,160,116,166,116,181,132,
171,138,157,121,157,115,165,114,179,130,
169,135,154,120,155,113,162,112,177,127,
168,134,152,119,153,112,160,111,175,126,
166,132,151,118,152,111,158,110,174,124,
165,131,149,116,149,109,156,108,172,122,
163,128,146,115,147,108,154,107,170,121,
162,127,144,114,145,107,151,105,168,118,
159,125,142,113,142,105,147,103,165,116,
157,124,140,111,140,105,146,103,164,115,
155,121,136,110,135,104,142,101,160,112,
152,120,133,109,134,102,139,100,158,111,
150,118,132,108,131,101,136,99,155,109,
148,116,129,107,128,100,135,97,153,108,
145,115,127,107,126,99,132,96,151,106,
144,114,124,106,123,98,128,96,148,104,
142,114,123,105,121,98,127,94,147,104,
